374.1 388.5 334.7 410.0 259.5 272.4 298.9 250.9 wheat 0
556.1 227.5 351.9 367.2 328.9 333.6 533.1 193.9 wheat 0
703.1 398.5 664.2 414.9 618.3 306.3 657.1 289.9 wheat 0
729.1 361.5 685.4 375.0 642.8 237.1 686.4 223.6 wheat 0
787.1 273.5 752.5 288.1 713.7 196.4 748.3 181.8 wheat 0
835.6 521.0 904.1 591.5 877.1 617.7 808.6 547.2 wheat 0
882.1 558.5 845.2 569.9 818.4 483.3 855.3 471.9 wheat 0
1000.1 580.5 746.9 658.8 735.9 623.4 989.1 545.1 wheat 0
982.2 772.6 879.7 815.9 863.2 776.8 965.6 733.5 wheat 0
922.1 757.5 905.6 789.9 833.9 753.4 850.4 721.0 wheat 0
868.0 806.0 916.1 866.5 893.1 884.7 845.0 824.2 wheat 0
720.1 783.5 683.7 798.9 616.4 639.9 652.8 624.5 wheat 0
584.5 613.9 617.0 647.3 557.1 705.5 524.6 672.1 wheat 0
476.2 665.4 599.1 749.5 576.8 782.0 454.0 697.9 wheat 0
600.1 847.5 426.5 882.7 420.3 852.0 593.8 816.8 wheat 0
639.1 907.5 527.8 930.1 520.7 895.0 632.0 872.4 wheat 0
495.1 786.5 456.0 807.9 378.1 665.3 417.2 644.0 wheat 0
392.1 842.5 351.4 870.3 295.8 789.0 336.4 761.2 wheat 0
409.1 898.5 377.0 931.6 289.9 847.0 322.0 813.9 wheat 0
240.1 866.5 355.1 866.5 355.1 911.5 240.1 911.5 wheat 0
178.1 813.5 287.1 813.5 287.1 858.5 178.1 858.5 wheat 0
79.8 714.3 229.1 744.5 222.4 777.6 73.1 747.4 wheat 0
282.0 368.2 374.1 418.5 357.9 448.1 265.9 397.8 wheat 0
876.9 387.6 922.1 418.5 903.6 445.5 858.4 414.6 wheat 0
875.1 459.5 844.1 485.6 760.7 386.7 791.7 360.6 wheat 0
744.1 371.2 889.8 432.8 878.1 460.5 732.4 398.9 wheat 0
205.4 304.9 321.1 316.5 316.3 364.3 200.7 352.7 wheat 0
253.1 430.5 209.9 434.8 193.9 274.6 237.0 270.3 wheat 0
214.1 351.5 185.7 380.7 80.1 278.1 108.4 248.9 wheat 0
153.1 345.5 113.9 378.5 0.8 244.2 40.0 211.2 wheat 0
594.7 40.9 744.1 122.5 727.4 153.1 578.1 71.5 wheat 0
506.9 26.0 568.1 77.5 536.6 114.9 475.5 63.4 wheat 0
242.1 160.5 202.3 182.2 138.9 66.1 178.6 44.4 wheat 0
103.1 440.5 64.5 461.6 19.1 378.5 57.7 357.4 wheat 0
22.3 716.7 147.1 769.5 131.3 806.9 6.5 754.1 wheat 0
428.1 579.5 397.5 605.2 345.8 543.8 376.3 518.1 wheat 0
361.1 7.5 456.1 7.5 456.1 40.5 361.1 40.5 wheat 0
