391.7 734.5 439.7 744.2 424.8 817.7 376.8 808.0 wheat 0
492.2 654.4 407.0 671.7 396.2 618.8 481.5 601.5 wheat 0
522.7 647.6 613.7 647.6 613.7 694.6 522.7 694.6 wheat 0
583.0 712.7 678.4 742.2 663.7 789.6 568.4 760.1 wheat 0
510.8 903.2 597.4 939.8 578.7 984.0 492.1 947.4 wheat 0
426.9 987.1 366.6 1020.0 349.4 988.6 409.7 955.6 wheat 0
449.7 993.6 533.7 993.6 533.7 1023.6 449.7 1023.6 wheat 0
771.7 948.6 889.7 948.6 889.7 1000.6 771.7 1000.6 wheat 0
688.0 964.0 736.9 984.7 721.7 1020.6 672.8 999.9 wheat 0
785.7 819.6 699.4 837.1 692.6 803.4 778.9 785.9 wheat 0
882.7 806.6 742.9 849.9 731.0 811.5 870.9 768.3 wheat 0
859.0 825.6 803.8 863.4 783.4 833.7 838.7 795.8 wheat 0
934.7 707.6 832.6 728.3 824.4 687.9 926.5 667.2 wheat 0
810.2 698.9 964.4 746.6 951.7 787.6 797.5 739.9 wheat 0
796.7 660.5 698.5 714.2 680.5 681.3 778.7 627.6 wheat 0
540.7 575.6 583.7 575.6 583.7 608.6 540.7 608.6 wheat 0
560.7 538.6 483.2 546.4 478.4 498.2 555.9 490.5 wheat 0
580.7 491.6 658.7 491.6 658.7 551.6 580.7 551.6 wheat 0
796.9 564.5 701.0 583.9 693.3 546.0 789.2 526.6 wheat 0
729.1 403.4 646.5 411.7 643.4 380.8 726.0 372.5 wheat 0
620.7 310.6 565.9 367.1 541.1 343.0 596.0 286.5 wheat 0
471.9 179.5 508.1 186.9 494.7 252.6 458.5 245.3 wheat 0
568.8 143.5 608.8 160.5 578.7 231.6 538.7 214.7 wheat 0
547.4 10.0 585.1 41.8 518.7 120.6 481.0 88.8 wheat 0
795.8 168.5 881.9 177.2 877.7 218.6 791.6 210.0 wheat 0
782.7 265.6 893.7 265.6 893.7 307.6 782.7 307.6 wheat 0
753.1 435.3 868.2 458.7 859.7 500.6 744.6 477.3 wheat 0
828.3 479.3 745.0 536.3 720.1 500.0 803.5 442.9 wheat 0
758.7 493.6 853.7 493.6 853.7 532.6 758.7 532.6 wheat 0
797.0 530.4 883.5 567.0 862.5 616.8 775.9 580.2 wheat 0
914.7 675.6 1023.0 675.6 1023.0 720.3 914.7 720.3 wheat 0
931.9 32.9 807.0 71.5 796.9 38.8 921.8 0.1 wheat 0
1018.5 368.3 914.0 378.8 910.0 338.0 1014.4 327.5 wheat 0
422.5 682.7 394.4 701.9 373.0 670.5 401.0 651.3 wheat 0
343.8 120.7 384.4 137.9 367.6 177.5 327.1 160.4 wheat 0
780.8 73.4 724.5 90.8 717.7 68.8 774.0 51.4 wheat 0
534.8 671.4 545.7 699.6 496.9 718.6 486.0 690.4 wheat 0
510.8 974.2 621.2 985.2 617.7 1020.1 507.3 1009.0 wheat 0
