391.8 527.4 454.8 570.5 313.7 776.6 250.8 733.5 wheat 0
317.1 437.5 339.7 495.6 164.2 563.9 141.6 505.7 wheat 0
588.6 395.0 645.8 426.2 600.7 508.6 543.6 477.4 wheat 0
982.4 530.5 1020.3 578.3 949.6 634.4 911.7 586.6 wheat 0
706.7 601.6 697.0 643.2 626.5 626.8 636.2 585.2 wheat 0
590.9 819.4 567.7 848.6 522.5 812.7 545.7 783.5 wheat 0
754.7 680.6 731.9 730.4 633.8 685.5 656.6 635.7 wheat 0
848.5 683.2 904.7 694.6 874.8 842.2 818.6 830.8 wheat 0
898.9 949.7 860.3 1002.7 702.2 887.6 740.7 834.6 wheat 0
576.3 749.9 635.7 755.9 622.7 884.6 563.4 878.7 wheat 0
533.4 524.1 599.1 551.9 511.7 758.6 446.0 730.8 wheat 0
278.6 76.6 247.7 99.6 191.9 24.6 222.8 1.7 wheat 0
750.2 1.7 749.7 49.6 569.8 48.0 570.2 0.0 wheat 0
722.7 59.6 730.7 105.6 603.2 127.6 595.3 81.6 wheat 0
381.7 95.6 327.6 106.6 319.6 67.2 373.7 56.2 wheat 0
125.1 9.9 155.7 48.5 45.8 135.6 15.3 97.1 wheat 0
160.9 97.9 215.4 143.9 145.7 226.6 91.2 180.7 wheat 0
404.8 186.8 355.7 248.6 191.6 118.3 240.7 56.5 wheat 0
468.2 65.7 523.4 112.2 449.7 199.6 394.5 153.1 wheat 0
418.2 338.1 459.8 355.7 443.4 394.6 401.7 377.0 wheat 0
348.7 444.3 286.2 457.0 272.3 388.3 334.7 375.6 wheat 0
144.0 265.2 206.9 284.7 157.7 443.6 94.9 424.2 wheat 0
541.4 173.0 593.9 208.9 497.8 349.4 445.3 313.5 wheat 0
696.3 105.5 745.0 118.9 707.7 253.6 659.1 240.1 wheat 0
808.8 189.4 860.4 224.7 792.7 323.6 741.1 288.3 wheat 0
890.3 178.2 869.7 218.6 780.2 173.0 800.7 132.6 wheat 0
134.5 578.5 190.7 609.2 172.9 641.7 116.8 611.0 wheat 0
214.7 1010.6 174.9 1018.7 163.3 961.2 203.1 953.1 wheat 0
389.6 305.1 330.7 354.7 304.9 324.1 363.8 274.5 wheat 0
423.4 64.3 462.0 80.6 444.1 123.0 405.4 106.6 wheat 0
651.9 240.0 609.5 258.0 593.6 220.2 635.9 202.3 wheat 0
449.0 436.2 480.3 449.4 458.5 501.0 427.2 487.8 wheat 0
74.1 618.9 11.3 631.6 3.4 592.4 66.1 579.7 wheat 0
376.7 241.6 462.7 241.6 462.7 305.6 376.7 305.6 wheat 0
