568.7 674.6 481.4 722.3 462.2 687.2 549.6 639.5 wheat 0
182.7 769.6 236.7 769.6 236.7 793.6 182.7 793.6 wheat 0
374.7 531.6 413.7 531.6 413.7 565.6 374.7 565.6 wheat 0
300.7 328.6 203.5 410.5 179.9 382.5 277.2 300.6 wheat 0
173.3 240.9 207.4 255.3 173.1 336.3 139.1 321.9 wheat 0
313.4 279.0 334.5 305.6 282.1 347.3 260.9 320.6 wheat 0
335.1 240.6 368.9 263.7 307.4 353.7 273.5 330.5 wheat 0
391.0 208.3 311.1 251.9 291.5 215.9 371.3 172.3 wheat 0
253.7 172.6 317.7 172.6 317.7 202.6 253.7 202.6 wheat 0
434.7 123.6 289.2 168.6 278.5 134.2 424.1 89.1 wheat 0
318.3 100.0 206.1 176.8 185.2 146.2 297.4 69.5 wheat 0
220.7 69.6 158.7 121.9 137.0 96.2 199.1 43.9 wheat 0
89.4 8.7 115.8 26.7 70.1 93.6 43.7 75.5 wheat 0
723.1 107.1 628.6 136.4 617.3 100.1 711.9 70.8 wheat 0
