629.2 426.1 700.1 456.1 685.3 491.1 614.4 461.1 wheat 0
640.3 527.1 717.7 542.7 710.1 580.3 632.7 564.6 wheat 0
671.1 534.8 581.7 572.6 567.7 539.3 657.0 501.6 wheat 0
583.7 473.5 624.1 501.2 612.8 517.7 572.4 490.0 wheat 0
462.7 565.6 534.7 565.6 534.7 595.6 462.7 595.6 wheat 0
501.7 500.6 563.2 542.7 542.4 573.1 480.9 531.0 wheat 0
447.7 412.6 490.7 412.6 490.7 492.6 447.7 492.6 wheat 0
498.6 351.5 533.7 370.7 523.8 388.8 488.7 369.6 wheat 0
509.7 227.8 588.2 243.7 580.7 280.6 502.2 264.7 wheat 0
420.6 197.1 470.6 224.4 453.9 255.1 403.8 227.8 wheat 0
512.1 163.4 486.0 185.4 430.6 119.6 456.7 97.6 wheat 0
416.5 19.6 477.6 71.1 457.0 95.6 395.8 44.1 wheat 0
432.3 98.0 459.1 120.5 428.2 157.2 401.4 134.7 wheat 0
378.9 98.9 350.7 122.6 300.4 62.9 328.6 39.2 wheat 0
210.7 86.0 253.9 130.5 236.7 147.2 193.5 102.7 wheat 0
305.7 321.6 269.6 328.9 248.5 224.8 284.6 217.5 wheat 0
223.8 265.6 264.0 282.6 221.7 382.6 181.5 365.6 wheat 0
12.7 74.6 82.4 96.2 71.8 130.6 2.0 109.0 wheat 0
378.1 385.9 345.7 392.4 336.4 346.4 368.7 339.8 wheat 0
169.0 421.8 211.8 457.8 194.5 478.5 151.6 442.4 wheat 0
243.5 496.4 276.2 530.1 259.0 546.8 226.3 513.1 wheat 0
331.3 509.0 368.1 534.2 350.7 559.6 313.9 534.4 wheat 0
373.6 588.0 401.9 611.8 382.7 634.6 354.4 610.7 wheat 0
330.9 691.3 414.5 726.6 399.7 761.6 316.1 726.3 wheat 0
587.4 672.2 651.7 678.6 648.0 715.6 583.7 709.1 wheat 0
788.6 516.2 767.6 522.7 752.8 475.0 773.9 468.5 wheat 0
902.3 707.6 884.7 719.6 855.7 677.2 873.3 665.2 wheat 0
848.2 710.6 870.1 712.8 865.2 761.6 843.3 759.4 wheat 0
840.7 759.6 861.7 759.6 861.7 803.6 840.7 803.6 wheat 0
819.8 784.5 846.1 787.1 839.7 850.6 813.5 848.0 wheat 0
720.7 743.6 747.7 743.6 747.7 765.6 720.7 765.6 wheat 0
579.9 775.1 619.9 802.5 602.7 827.6 562.7 800.2 wheat 0
748.5 908.1 811.6 927.6 800.7 962.6 737.6 943.1 wheat 0
844.6 941.0 914.2 970.5 899.7 1004.6 830.2 975.2 wheat 0
954.9 900.7 991.7 938.6 965.3 964.3 928.4 926.4 wheat 0
991.7 823.4 1023.3 855.9 1009.0 869.7 977.5 837.3 wheat 0
973.7 771.6 1014.7 771.6 1014.7 814.6 973.7 814.6 wheat 0
915.4 284.1 993.8 300.0 986.1 338.2 907.7 322.3 wheat 0
868.8 261.9 896.0 315.4 866.6 330.3 839.4 276.9 wheat 0
768.3 252.5 827.4 284.8 812.7 311.6 753.6 279.3 wheat 0
806.2 129.4 771.9 136.3 756.2 58.9 790.5 51.9 wheat 0
674.0 4.3 732.3 22.4 722.5 53.9 664.2 35.9 wheat 0
174.3 523.6 137.5 527.3 132.1 473.6 168.9 469.9 wheat 0
223.0 554.7 187.2 558.3 182.5 511.5 218.3 507.9 wheat 0
223.7 551.6 269.7 551.6 269.7 586.6 223.7 586.6 wheat 0
88.7 542.6 183.7 542.6 183.7 583.6 88.7 583.6 wheat 0
85.7 574.6 58.5 593.3 35.8 560.1 63.0 541.4 wheat 0
177.5 753.4 262.7 770.6 255.0 808.9 169.7 791.6 wheat 0
340.6 802.0 395.8 825.4 384.9 851.2 329.7 827.8 wheat 0
401.6 938.2 526.7 976.9 514.9 1015.1 389.8 976.4 wheat 0
679.4 971.8 720.7 1000.0 706.0 1021.5 664.8 993.2 wheat 0
109.5 781.1 175.2 836.4 149.7 866.6 84.0 811.3 wheat 0
110.7 735.0 155.5 772.7 138.7 792.6 93.9 754.9 wheat 0
69.7 848.6 163.7 848.6 163.7 882.6 69.7 882.6 wheat 0
