466.0 304.6 399.3 341.0 290.7 142.3 357.4 105.9 wheat 0
715.7 372.8 745.4 419.1 657.9 475.3 628.2 429.0 wheat 0
433.8 584.1 656.6 629.3 644.3 690.0 421.5 644.9 wheat 0
880.9 428.8 919.8 489.4 765.8 588.3 726.9 527.7 wheat 0
942.3 418.4 1004.3 452.3 890.3 661.0 828.3 627.1 wheat 0
271.7 709.5 406.0 722.9 400.0 782.6 265.7 769.2 wheat 0
173.5 373.3 85.0 410.7 65.2 363.7 153.6 326.4 wheat 0
163.5 0.1 222.1 40.2 92.2 230.0 33.6 189.9 wheat 0
505.0 817.9 663.9 981.4 613.6 1030.2 454.8 866.6 wheat 0
165.3 957.0 301.3 957.0 301.3 1010.0 165.3 1010.0 wheat 0
466.3 527.0 583.8 563.3 569.3 610.1 451.8 573.8 wheat 0
149.3 684.0 253.3 684.0 253.3 740.0 149.3 740.0 wheat 0
360.0 229.0 406.5 276.8 303.3 377.0 256.8 329.2 wheat 0
700.2 854.2 737.5 901.2 614.5 998.8 577.2 951.8 wheat 0
36.3 949.0 113.3 949.0 113.3 1019.0 36.3 1019.0 wheat 0
