460.1 565.5 362.5 632.2 329.5 584.0 427.0 517.2 wheat 0
465.2 391.5 521.1 391.5 521.1 524.5 465.2 524.5 wheat 0
571.1 482.5 650.3 516.0 623.0 580.5 543.8 547.0 wheat 0
712.4 549.3 656.5 560.6 644.8 502.8 700.6 491.4 wheat 0
724.1 698.5 690.9 708.8 673.9 653.8 707.1 643.5 wheat 0
810.1 709.5 882.1 709.5 882.1 772.5 810.1 772.5 wheat 0
882.1 730.5 977.1 730.5 977.1 782.5 882.1 782.5 wheat 0
604.6 753.0 648.9 783.3 609.1 841.5 564.8 811.2 wheat 0
493.1 829.5 437.1 853.2 409.8 788.8 465.8 765.1 wheat 0
450.9 622.0 508.5 633.6 489.1 729.5 431.5 717.8 wheat 0
379.7 458.2 427.4 498.4 391.1 541.5 343.4 501.4 wheat 0
447.2 415.6 479.1 437.4 440.1 494.5 408.1 472.6 wheat 0
756.1 397.5 707.8 407.3 695.2 345.2 743.5 335.4 wheat 0
736.8 50.4 788.2 66.3 759.1 160.5 707.7 144.6 wheat 0
831.1 154.5 786.1 179.1 741.7 97.9 786.7 73.3 wheat 0
937.1 196.5 869.3 217.5 850.9 158.0 918.7 137.1 wheat 0
972.1 401.5 922.8 422.3 869.8 296.8 919.0 276.0 wheat 0
992.1 474.5 944.3 489.3 923.0 420.4 970.8 405.7 wheat 0
931.3 490.8 976.7 495.4 972.1 541.5 926.7 537.0 wheat 0
839.8 495.3 891.3 505.7 882.1 551.5 830.5 541.1 wheat 0
775.5 325.8 825.5 336.0 803.1 446.5 753.0 436.4 wheat 0
383.6 260.1 446.1 286.6 397.1 402.5 334.6 376.1 wheat 0
475.3 183.7 533.8 201.8 514.1 265.5 455.6 247.4 wheat 0
373.3 81.9 430.6 106.1 405.1 166.5 347.7 142.3 wheat 0
343.1 116.5 273.5 138.0 239.5 28.0 309.0 6.5 wheat 0
168.1 151.5 267.1 151.5 267.1 208.5 168.1 208.5 wheat 0
130.8 75.1 66.1 102.5 47.9 59.5 112.6 32.1 wheat 0
5.8 0.0 77.1 0.0 77.1 61.5 5.8 61.5 wheat 0
590.1 85.1 658.0 113.9 637.1 163.5 569.1 134.8 wheat 0
619.1 104.5 579.9 125.9 548.0 67.5 587.2 46.1 wheat 0
699.1 95.5 624.6 118.6 605.7 57.6 680.2 34.6 wheat 0
398.4 643.5 449.1 678.2 416.1 726.5 365.3 691.8 wheat 0
239.0 431.4 306.5 452.3 277.1 547.5 209.6 526.6 wheat 0
244.1 386.5 183.0 398.9 164.0 304.9 225.0 292.5 wheat 0
218.1 509.5 158.3 521.6 146.9 465.4 206.7 453.3 wheat 0
169.6 504.7 129.7 555.0 90.1 523.5 129.9 473.3 wheat 0
180.5 498.5 228.8 531.5 187.1 592.5 138.8 559.5 wheat 0
101.1 643.5 40.2 669.2 3.1 581.3 63.9 555.6 wheat 0
136.1 721.5 194.1 721.5 194.1 778.5 136.1 778.5 wheat 0
287.1 812.5 237.2 817.5 230.3 748.4 280.1 743.3 wheat 0
301.1 738.5 254.9 743.1 249.4 688.2 295.6 683.6 wheat 0
282.1 888.5 337.1 888.5 337.1 939.5 282.1 939.5 wheat 0
533.0 904.2 490.1 917.5 469.9 852.5 512.9 839.2 wheat 0
455.0 510.6 510.2 533.9 479.1 607.5 423.9 584.2 wheat 0
312.1 567.0 359.7 571.7 354.1 627.5 306.5 622.7 wheat 0
721.2 242.8 751.8 263.7 715.1 317.5 684.4 296.6 wheat 0
871.9 49.1 966.1 113.5 929.6 166.8 835.4 102.3 wheat 0
875.4 646.6 915.8 680.6 888.1 713.5 847.7 679.5 wheat 0
768.1 955.5 889.3 955.5 889.3 1024.0 768.1 1024.0 wheat 0
95.1 994.5 38.2 1012.1 10.8 923.2 67.6 905.6 wheat 0
170.1 814.5 123.4 840.0 87.7 774.7 134.4 749.1 wheat 0
49.8 772.8 138.6 864.2 97.1 904.5 8.3 813.1 wheat 0
0.0 497.5 76.1 497.5 76.1 568.5 0.0 568.5 wheat 0
98.1 467.5 56.4 502.6 -0.0 435.7 41.7 400.6 wheat 0
987.1 347.5 937.0 357.7 916.6 257.2 966.7 247.0 wheat 0
911.0 383.6 879.1 393.5 855.9 318.7 887.9 308.8 wheat 0
