834.7 672.3 891.5 683.9 866.1 809.5 809.2 798.0 wheat 0
696.0 715.5 758.9 728.2 743.1 806.5 680.1 793.8 wheat 0
578.5 853.2 625.8 879.1 584.1 955.5 536.8 929.7 wheat 0
712.1 988.5 648.4 1015.4 607.0 917.3 670.6 890.4 wheat 0
338.9 789.3 460.1 840.5 438.2 892.2 317.1 841.0 wheat 0
538.1 846.5 443.6 875.7 425.9 818.3 520.3 789.1 wheat 0
203.6 635.4 257.1 690.5 152.1 792.5 98.5 737.4 wheat 0
100.1 845.5 28.5 867.7 0.2 776.1 71.7 754.0 wheat 0
92.1 964.5 161.1 964.5 161.1 1023.5 92.1 1023.5 wheat 0
586.1 671.5 516.1 685.7 503.8 624.7 573.7 610.5 wheat 0
874.9 747.1 961.1 783.5 937.3 839.7 851.1 803.3 wheat 0
961.5 736.0 898.1 789.5 867.7 753.4 931.1 699.9 wheat 0
870.1 846.5 796.1 861.5 781.4 788.7 855.3 773.7 wheat 0
574.1 409.5 534.8 436.4 491.4 373.0 530.7 346.1 wheat 0
590.1 297.5 522.7 311.2 496.0 179.4 563.4 165.8 wheat 0
529.1 323.5 467.7 335.9 448.3 240.4 509.7 228.0 wheat 0
510.0 264.2 563.8 275.1 548.1 352.5 494.3 341.6 wheat 0
312.1 197.5 162.1 227.9 147.1 153.6 297.0 123.2 wheat 0
122.1 234.5 51.8 264.2 10.9 167.4 81.2 137.8 wheat 0
525.1 900.5 485.9 921.9 468.8 890.7 508.0 869.3 wheat 0
708.1 402.5 654.7 413.3 638.5 333.4 691.9 322.6 wheat 0
640.3 160.4 683.1 196.4 624.1 266.5 581.3 230.5 wheat 0
623.1 124.5 557.8 160.1 527.3 104.3 592.5 68.6 wheat 0
726.1 69.5 628.3 122.9 601.4 73.7 699.2 20.3 wheat 0
743.1 64.5 822.1 64.5 822.1 122.5 743.1 122.5 wheat 0
390.2 4.8 435.1 35.5 358.7 147.2 313.8 116.5 wheat 0
525.1 81.5 415.7 115.3 397.3 55.8 506.7 22.0 wheat 0
387.8 78.8 453.4 85.4 444.1 178.5 378.4 171.9 wheat 0
99.1 -0.0 168.7 7.0 156.1 132.5 86.5 125.5 wheat 0
304.1 493.5 261.2 502.2 251.6 455.0 294.5 446.3 wheat 0
