772.4 661.0 894.1 727.5 871.4 769.1 749.7 702.6 wheat 0
905.1 738.5 1006.1 738.5 1006.1 786.5 905.1 786.5 wheat 0
868.7 645.4 924.5 675.8 906.1 709.5 850.3 679.1 wheat 0
779.7 576.7 881.1 619.5 863.6 660.8 762.2 617.9 wheat 0
713.7 485.8 784.1 515.5 769.9 548.9 699.6 519.2 wheat 0
762.8 294.8 844.6 350.8 818.1 389.5 736.3 333.5 wheat 0
873.2 297.5 929.8 355.7 900.1 384.5 843.5 326.3 wheat 0
826.2 233.1 887.3 296.0 864.1 318.5 803.0 255.6 wheat 0
603.6 219.2 688.4 290.5 658.1 326.5 573.4 255.2 wheat 0
651.0 325.2 734.8 382.5 707.8 421.8 624.1 364.5 wheat 0
697.1 444.5 621.2 459.9 611.9 413.6 687.7 398.2 wheat 0
468.7 412.6 573.9 445.2 562.1 483.5 456.9 451.0 wheat 0
508.8 497.7 585.0 529.9 569.1 567.5 492.9 535.3 wheat 0
615.9 547.2 688.5 561.9 682.1 593.5 609.4 578.8 wheat 0
651.7 480.3 725.3 511.4 710.1 547.5 636.4 516.4 wheat 0
817.6 824.5 918.0 879.3 897.1 917.5 796.7 862.7 wheat 0
841.5 884.6 956.0 947.2 935.1 985.5 820.5 922.9 wheat 0
760.1 950.5 728.1 983.4 652.1 909.5 684.0 876.6 wheat 0
543.1 733.3 643.6 753.6 633.1 805.5 532.6 785.1 wheat 0
515.4 602.6 599.9 628.7 590.1 660.5 505.6 634.4 wheat 0
451.1 589.5 537.1 636.5 521.3 665.3 435.4 618.3 wheat 0
340.1 496.3 432.7 535.5 417.1 572.5 324.4 533.4 wheat 0
372.1 616.5 324.0 636.9 293.1 563.8 341.2 543.5 wheat 0
500.3 791.4 466.4 814.7 428.1 758.7 462.1 735.5 wheat 0
438.1 876.5 339.6 886.4 333.8 828.7 432.3 818.8 wheat 0
357.3 872.0 447.3 881.0 444.1 913.5 354.1 904.5 wheat 0
567.1 966.5 665.1 966.5 665.1 1019.5 567.1 1019.5 wheat 0
245.0 891.1 340.3 943.2 321.1 978.5 225.7 926.4 wheat 0
64.1 850.5 173.1 861.4 169.1 901.5 60.0 890.6 wheat 0
109.1 764.5 226.1 764.5 226.1 802.5 109.1 802.5 wheat 0
243.9 769.1 349.1 813.5 333.8 849.6 228.7 805.1 wheat 0
121.6 792.6 222.1 847.5 204.8 879.2 104.3 824.3 wheat 0
187.1 970.5 163.0 1008.1 63.9 944.5 88.0 906.9 wheat 0
40.9 890.8 101.2 909.5 94.1 932.5 33.7 913.8 wheat 0
309.2 673.7 412.5 684.0 408.1 728.5 304.7 718.1 wheat 0
343.1 735.5 400.1 735.5 400.1 766.5 343.1 766.5 wheat 0
160.0 626.4 338.6 644.3 334.1 689.5 155.4 671.6 wheat 0
79.5 663.8 180.6 673.9 177.1 709.5 75.9 699.4 wheat 0
37.2 630.7 104.1 699.5 74.9 727.8 8.1 659.0 wheat 0
157.1 583.5 270.1 583.5 270.1 616.5 157.1 616.5 wheat 0
272.1 584.5 250.3 606.9 183.0 541.5 204.8 519.1 wheat 0
122.1 511.5 257.1 511.5 257.1 550.5 122.1 550.5 wheat 0
66.7 451.7 151.8 460.2 148.1 497.5 62.9 489.0 wheat 0
238.1 387.8 351.4 422.8 340.1 459.5 226.8 424.5 wheat 0
301.1 441.5 283.7 468.6 211.7 422.4 229.1 395.3 wheat 0
95.7 356.1 178.1 412.5 153.2 448.8 70.8 392.5 wheat 0
240.1 360.2 212.2 403.7 92.6 326.9 120.5 283.4 wheat 0
305.9 232.0 425.1 313.5 401.0 348.7 281.9 267.2 wheat 0
391.3 252.1 459.2 322.0 437.1 343.5 369.2 273.6 wheat 0
435.1 316.2 600.7 349.8 592.1 392.5 426.5 358.9 wheat 0
534.1 223.5 432.4 255.0 418.8 210.8 520.4 179.4 wheat 0
242.4 89.8 342.5 144.4 326.1 174.5 226.0 119.8 wheat 0
333.7 110.5 458.9 135.9 451.1 174.5 325.9 149.1 wheat 0
269.1 63.4 375.2 121.4 356.1 156.5 249.9 98.5 wheat 0
372.9 21.3 491.2 71.3 475.1 109.5 356.8 59.5 wheat 0
259.9 14.9 386.1 14.9 386.1 56.5 259.9 56.5 wheat 0
520.1 7.5 651.0 62.8 635.1 100.5 504.2 45.2 wheat 0
635.7 29.1 731.8 94.9 708.1 129.5 612.0 63.8 wheat 0
712.1 24.2 817.5 68.7 801.1 107.5 695.7 63.0 wheat 0
835.1 41.7 895.6 83.1 874.1 114.5 813.6 73.1 wheat 0
886.1 99.5 928.1 99.5 928.1 169.5 886.1 169.5 wheat 0
980.8 83.4 1023.0 136.6 996.6 157.5 954.4 104.4 wheat 0
220.1 301.9 336.2 337.8 317.1 399.5 201.0 363.6 wheat 0
482.7 773.1 548.8 801.0 532.1 840.5 466.0 812.6 wheat 0
479.8 705.4 565.1 741.5 548.1 781.7 462.8 745.6 wheat 0
