146.6 801.8 208.2 843.9 159.9 914.5 98.3 872.3 wheat 0
360.3 899.3 398.3 958.5 297.8 1023.0 259.8 963.9 wheat 0
372.6 778.6 420.8 828.1 297.5 947.9 249.3 898.3 wheat 0
824.3 794.3 873.3 870.5 754.0 947.1 705.1 870.9 wheat 0
648.2 811.4 730.8 896.4 676.3 949.3 593.8 864.3 wheat 0
473.0 277.8 568.3 307.3 521.6 458.2 426.3 428.7 wheat 0
845.3 708.3 954.3 708.3 954.3 796.3 845.3 796.3 wheat 0
729.3 676.3 784.2 706.3 756.6 756.7 701.8 726.8 wheat 0
748.8 599.0 839.9 627.2 820.3 690.3 729.3 662.2 wheat 0
970.9 413.2 920.3 465.3 845.0 392.2 895.6 340.1 wheat 0
874.7 442.3 938.4 448.7 929.9 533.3 866.2 526.9 wheat 0
658.9 492.0 742.1 537.5 708.3 599.3 625.1 553.9 wheat 0
761.7 477.8 830.3 515.3 796.6 577.0 728.0 539.5 wheat 0
313.3 495.3 400.3 495.3 400.3 589.3 313.3 589.3 wheat 0
112.3 576.5 176.7 611.7 135.3 687.3 71.0 652.2 wheat 0
436.0 428.5 509.2 459.4 480.5 527.3 407.3 496.3 wheat 0
366.6 216.3 284.9 272.1 248.7 219.2 330.3 163.3 wheat 0
145.4 459.1 218.2 498.8 175.3 577.3 102.5 537.6 wheat 0
126.7 438.8 42.4 525.6 -5.7 478.9 78.6 392.1 wheat 0
783.0 96.1 862.3 150.3 818.5 214.5 739.1 160.2 wheat 0
660.1 190.8 709.3 232.3 671.8 276.9 622.5 235.4 wheat 0
711.3 57.3 780.3 57.3 780.3 109.3 711.3 109.3 wheat 0
637.1 155.1 572.0 175.2 531.3 43.5 596.3 23.3 wheat 0
662.2 91.9 720.9 124.0 692.3 176.3 633.6 144.3 wheat 0
439.5 81.1 305.3 108.3 292.4 44.7 426.6 17.5 wheat 0
1023.3 979.3 971.7 1022.8 907.6 946.7 959.2 903.2 wheat 0
