259.6 136.5 214.0 161.4 143.0 31.6 188.7 6.6 wheat 0
482.0 319.4 432.5 353.3 350.6 233.6 400.1 199.8 wheat 0
353.4 339.7 511.2 371.7 498.3 435.4 340.5 403.4 wheat 0
222.7 433.2 416.6 493.2 401.0 543.9 207.0 483.9 wheat 0
507.8 472.6 534.6 525.2 433.8 576.5 407.1 523.9 wheat 0
405.8 570.2 474.4 584.1 452.8 690.9 384.2 677.0 wheat 0
154.7 283.3 215.3 302.0 156.9 490.9 96.3 472.1 wheat 0
729.9 109.3 778.5 146.2 661.7 299.8 613.1 262.9 wheat 0
527.9 29.0 568.5 63.1 513.7 128.1 473.2 94.0 wheat 0
177.7 629.5 225.6 649.7 160.9 802.6 113.0 782.4 wheat 0
251.3 765.0 287.8 811.0 160.2 912.3 123.7 866.3 wheat 0
447.5 927.3 380.8 940.8 361.2 843.8 427.8 830.3 wheat 0
893.6 820.7 762.8 861.2 748.0 813.4 878.9 772.9 wheat 0
841.8 487.2 975.2 560.1 946.9 611.9 813.5 539.0 wheat 0
942.4 113.8 767.5 167.9 751.3 115.3 926.1 61.2 wheat 0
1007.8 443.1 952.6 466.5 900.8 344.0 956.1 320.6 wheat 0
857.3 681.0 1002.3 681.0 1002.3 739.0 857.3 739.0 wheat 0
854.1 918.4 982.3 958.0 966.8 1008.3 838.6 968.7 wheat 0
879.3 840.0 1023.3 840.0 1023.3 907.0 879.3 907.0 wheat 0
6.3 181.0 62.3 181.0 62.3 237.0 6.3 237.0 wheat 0
