383.2 701.9 448.7 708.5 445.7 737.6 380.3 731.0 wheat 0
434.3 680.9 400.0 687.9 396.2 669.3 430.5 662.3 wheat 0
379.9 550.9 325.7 567.6 317.1 539.6 371.2 522.8 wheat 0
418.7 471.1 438.1 491.0 411.7 516.6 392.3 496.6 wheat 0
396.9 423.7 428.7 437.2 421.5 454.0 389.7 440.6 wheat 0
435.6 429.6 459.1 442.4 449.2 460.5 425.7 447.6 wheat 0
458.1 469.8 490.1 487.2 482.7 500.6 450.8 483.2 wheat 0
435.3 335.4 476.6 363.7 464.2 381.8 422.9 353.6 wheat 0
380.7 341.6 438.7 341.6 438.7 358.6 380.7 358.6 wheat 0
444.7 287.6 422.5 297.0 407.4 261.2 429.6 251.8 wheat 0
357.5 223.7 417.7 264.9 407.0 280.6 346.7 239.3 wheat 0
426.6 231.5 407.6 244.4 383.9 209.8 402.9 196.8 wheat 0
437.7 186.6 338.4 196.6 335.5 168.3 434.9 158.3 wheat 0
455.3 211.7 502.0 251.0 487.2 268.6 440.5 229.3 wheat 0
476.7 195.6 500.7 195.6 500.7 239.6 476.7 239.6 wheat 0
485.7 128.6 505.7 128.6 505.7 170.6 485.7 170.6 wheat 0
396.4 64.2 436.9 98.4 422.1 116.0 381.6 81.8 wheat 0
433.4 18.3 463.7 65.5 443.8 78.3 413.5 31.1 wheat 0
538.7 185.6 568.7 185.6 568.7 216.6 538.7 216.6 wheat 0
560.7 214.6 579.7 214.6 579.7 252.6 560.7 252.6 wheat 0
522.7 281.6 544.7 281.6 544.7 309.6 522.7 309.6 wheat 0
396.7 564.6 440.7 564.6 440.7 585.6 396.7 585.6 wheat 0
455.7 592.7 475.8 598.9 460.7 647.6 440.7 641.4 wheat 0
522.7 553.6 538.7 553.6 538.7 588.6 522.7 588.6 wheat 0
537.5 830.1 516.9 834.3 509.0 795.1 529.6 790.9 wheat 0
485.7 634.5 499.5 646.1 473.7 676.7 460.0 665.1 wheat 0
442.4 762.2 458.4 778.7 426.1 810.0 410.1 793.5 wheat 0
403.6 780.8 416.9 794.5 378.8 831.4 365.6 817.8 wheat 0
492.8 829.7 525.7 857.4 509.6 876.5 476.7 848.8 wheat 0
455.7 851.6 471.7 851.6 471.7 885.6 455.7 885.6 wheat 0
507.1 678.6 538.5 685.0 534.3 705.6 503.0 699.2 wheat 0
457.7 793.6 480.7 793.6 480.7 812.6 457.7 812.6 wheat 0
438.5 916.3 309.1 942.5 305.0 921.9 434.3 895.7 wheat 0
488.6 942.8 518.2 952.0 499.7 1011.6 470.1 1002.5 wheat 0
371.0 958.4 387.7 967.5 365.7 1007.6 349.1 998.5 wheat 0
908.4 908.4 893.7 911.4 880.0 843.8 894.7 840.8 wheat 0
906.5 864.9 924.4 866.7 918.9 921.4 901.0 919.6 wheat 0
935.6 883.6 997.6 935.8 980.8 955.6 918.9 903.5 wheat 0
925.9 950.7 967.1 973.2 956.6 992.5 915.3 970.0 wheat 0
878.6 962.4 915.7 993.6 906.0 1005.2 868.9 974.0 wheat 0
1004.7 969.6 1022.7 969.6 1022.7 997.6 1004.7 997.6 wheat 0
796.7 662.6 824.7 662.6 824.7 731.6 796.7 731.6 wheat 0
907.1 733.2 887.1 739.4 869.3 682.1 889.4 675.9 wheat 0
896.1 666.8 921.9 693.3 910.4 704.5 884.6 677.9 wheat 0
950.6 706.2 1014.6 726.0 1007.8 748.0 943.8 728.2 wheat 0
970.1 755.4 1019.2 765.4 1014.7 787.6 965.6 777.6 wheat 0
878.2 605.2 910.4 627.2 900.2 642.1 868.1 620.0 wheat 0
886.1 551.1 941.0 568.0 933.7 591.6 878.8 574.6 wheat 0
874.3 602.0 857.7 609.1 847.2 584.2 863.8 577.2 wheat 0
823.6 592.5 789.5 607.0 780.9 586.7 815.0 572.3 wheat 0
772.0 597.8 737.2 601.3 734.5 574.4 769.3 570.9 wheat 0
766.7 441.6 784.7 441.6 784.7 465.6 766.7 465.6 wheat 0
750.5 350.5 764.2 353.3 759.0 378.7 745.3 376.0 wheat 0
888.1 266.8 918.8 283.6 906.4 306.4 875.6 289.6 wheat 0
985.7 385.5 924.0 391.7 921.8 369.8 983.5 363.6 wheat 0
967.7 459.6 999.0 486.1 986.8 500.6 955.4 474.2 wheat 0
874.7 316.8 910.7 347.1 897.8 362.4 861.8 332.1 wheat 0
836.7 365.6 867.7 365.6 867.7 384.6 836.7 384.6 wheat 0
888.2 352.9 827.4 378.6 819.3 359.3 880.0 333.6 wheat 0
813.7 329.6 827.7 329.6 827.7 344.6 813.7 344.6 wheat 0
944.2 88.5 961.7 98.1 925.3 164.8 907.7 155.2 wheat 0
922.4 62.6 937.4 70.7 898.0 142.7 883.1 134.5 wheat 0
904.5 59.8 920.1 70.6 884.0 123.4 868.3 112.7 wheat 0
874.5 8.0 893.1 15.8 854.7 106.6 836.1 98.7 wheat 0
824.7 93.6 802.0 122.3 780.7 105.4 803.5 76.7 wheat 0
810.7 31.5 831.7 43.0 818.8 66.7 797.7 55.2 wheat 0
122.6 916.6 134.8 924.9 96.7 980.6 84.5 972.3 wheat 0
98.8 880.5 44.7 948.6 27.4 934.8 81.4 866.7 wheat 0
125.5 822.8 90.7 858.6 76.4 844.7 111.2 808.9 wheat 0
109.3 831.8 36.2 907.1 21.1 892.5 94.3 817.1 wheat 0
150.5 665.7 124.0 671.1 120.0 651.5 146.5 646.1 wheat 0
136.8 666.8 91.7 697.6 81.9 683.2 126.9 652.4 wheat 0
78.7 653.6 13.7 673.7 7.6 653.8 72.6 633.7 wheat 0
94.4 540.9 21.8 563.3 15.0 541.4 87.6 518.9 wheat 0
46.7 441.5 94.6 461.7 84.8 484.8 36.9 464.5 wheat 0
74.7 438.6 128.7 438.6 128.7 459.6 74.7 459.6 wheat 0
132.2 392.3 183.4 427.3 169.3 447.9 118.1 412.9 wheat 0
127.4 411.9 73.7 417.3 72.0 400.4 125.8 395.0 wheat 0
39.5 148.0 93.2 177.4 82.7 196.6 29.0 167.3 wheat 0
138.5 176.4 174.8 187.7 168.9 206.8 132.6 195.6 wheat 0
85.5 80.3 140.4 110.3 128.7 131.6 73.9 101.6 wheat 0
124.5 73.8 159.2 109.5 148.7 119.6 114.0 83.9 wheat 0
42.7 200.4 78.5 224.8 69.7 237.6 34.0 213.1 wheat 0
106.9 765.8 78.3 801.8 66.6 792.5 95.2 756.4 wheat 0
136.4 53.9 119.1 65.7 88.0 20.3 105.4 8.5 wheat 0
176.4 67.5 159.9 78.8 131.1 36.7 147.6 25.4 wheat 0
