283.0 145.1 441.8 177.3 430.5 233.1 271.7 201.0 wheat 0
288.2 221.6 363.7 285.2 334.7 319.6 259.2 256.0 wheat 0
298.7 309.6 379.7 309.6 379.7 366.6 298.7 366.6 wheat 0
325.9 301.0 269.4 359.1 238.6 329.2 295.0 271.1 wheat 0
283.5 324.4 187.5 343.9 177.9 296.8 274.0 277.4 wheat 0
313.1 504.5 406.7 523.5 395.7 577.6 302.1 558.6 wheat 0
270.2 602.4 392.7 654.2 376.3 692.9 253.8 641.1 wheat 0
345.7 593.6 380.7 593.6 380.7 642.6 345.7 642.6 wheat 0
53.2 532.3 194.0 591.8 173.5 640.1 32.7 580.6 wheat 0
180.7 493.8 213.7 521.6 173.0 570.0 139.9 542.1 wheat 0
11.1 433.5 118.7 455.3 107.7 509.6 0.1 487.8 wheat 0
228.3 755.4 252.8 776.0 225.1 808.9 200.6 788.3 wheat 0
207.1 874.6 145.7 893.6 135.2 859.6 196.6 840.6 wheat 0
236.5 971.2 182.2 1017.0 151.9 981.0 206.2 935.3 wheat 0
74.7 939.6 35.8 979.8 5.3 950.2 44.3 910.1 wheat 0
329.7 951.6 240.3 1012.8 223.3 987.8 312.7 926.7 wheat 0
556.7 912.6 525.1 945.2 499.7 920.4 531.3 887.9 wheat 0
684.7 874.4 805.5 976.2 768.8 1019.8 648.0 918.0 wheat 0
782.7 899.6 915.7 899.6 915.7 959.6 782.7 959.6 wheat 0
977.7 800.6 1019.1 843.3 982.7 878.6 941.3 836.0 wheat 0
529.3 405.4 576.0 425.2 521.7 553.6 475.0 533.9 wheat 0
504.7 519.6 465.4 546.5 446.3 518.6 485.6 491.7 wheat 0
501.6 390.7 531.0 403.1 517.7 434.6 488.3 422.2 wheat 0
478.7 425.6 504.7 425.6 504.7 462.6 478.7 462.6 wheat 0
668.7 418.6 570.6 449.0 558.1 408.6 656.2 378.2 wheat 0
628.7 369.6 594.0 413.4 557.4 384.4 592.1 340.6 wheat 0
806.4 168.6 745.6 180.9 729.1 99.6 789.9 87.3 wheat 0
730.7 181.6 771.7 181.6 771.7 265.6 730.7 265.6 wheat 0
782.5 198.5 824.2 221.3 809.4 248.4 767.7 225.6 wheat 0
917.3 322.7 855.1 342.0 823.6 239.8 885.7 220.6 wheat 0
987.7 71.6 1024.0 71.6 1024.0 146.9 987.7 146.9 wheat 0
