335.6 875.5 258.8 940.2 226.2 901.5 303.0 836.8 wheat 0
629.5 703.0 704.8 744.2 674.6 799.5 599.3 758.4 wheat 0
751.6 743.5 698.5 766.0 671.1 701.3 724.3 678.8 wheat 0
810.6 628.5 760.0 649.9 733.5 587.2 784.1 565.8 wheat 0
735.6 536.5 680.9 566.4 645.9 502.2 700.6 472.3 wheat 0
673.3 600.5 730.1 631.6 706.6 674.5 649.8 643.5 wheat 0
672.6 373.4 750.8 397.6 732.6 456.5 654.4 432.3 wheat 0
637.6 364.5 590.2 374.1 570.9 278.9 618.3 269.3 wheat 0
690.6 363.5 644.4 377.8 609.6 265.3 655.8 251.0 wheat 0
753.9 238.8 816.3 258.1 801.6 305.5 739.2 286.2 wheat 0
735.6 207.5 694.0 220.4 671.1 146.3 712.7 133.4 wheat 0
651.3 130.0 698.8 139.6 682.6 219.5 635.1 209.9 wheat 0
805.6 326.5 846.6 326.5 846.6 421.5 805.6 421.5 wheat 0
885.6 310.9 927.8 315.1 917.6 416.5 875.4 412.3 wheat 0
828.6 162.5 860.6 162.5 860.6 215.5 828.6 215.5 wheat 0
930.1 117.5 975.1 122.0 966.6 206.5 921.6 202.0 wheat 0
1021.0 291.0 986.6 314.5 942.6 250.2 977.0 226.7 wheat 0
902.4 416.6 943.7 434.1 912.6 507.5 871.4 490.1 wheat 0
865.2 493.4 891.6 511.5 867.6 546.5 841.2 528.4 wheat 0
914.6 477.5 950.6 477.5 950.6 525.5 914.6 525.5 wheat 0
957.6 541.5 1023.0 541.5 1023.0 652.5 957.6 652.5 wheat 0
904.5 684.2 946.3 701.9 920.6 762.5 878.8 744.8 wheat 0
847.7 888.4 904.2 899.9 897.6 932.5 841.1 921.1 wheat 0
665.6 959.5 723.4 959.5 723.4 1024.0 665.6 1024.0 wheat 0
