95.7 280.6 162.7 326.5 137.7 363.0 70.7 317.2 wheat 0
649.5 705.8 630.2 762.0 586.6 747.1 605.8 690.9 wheat 0
683.0 859.2 674.7 922.6 624.7 916.1 633.0 852.7 wheat 0
632.5 865.6 556.7 897.6 537.7 852.6 613.5 820.6 wheat 0
498.7 852.6 476.7 1022.5 420.5 1015.2 442.6 845.3 wheat 0
393.7 930.6 382.0 980.9 340.9 971.3 352.6 921.0 wheat 0
390.7 800.6 388.6 875.0 344.4 873.8 346.6 799.3 wheat 0
288.3 908.5 271.7 944.6 245.9 932.8 262.5 896.7 wheat 0
221.9 909.7 177.3 997.3 132.7 974.6 177.3 887.0 wheat 0
172.7 856.7 271.3 856.7 271.3 908.6 172.7 908.6 wheat 0
179.7 729.6 225.8 754.8 206.7 789.7 160.6 764.6 wheat 0
210.0 788.6 284.7 820.2 267.5 861.1 192.7 829.4 wheat 0
58.7 774.6 136.0 827.5 103.7 874.6 26.5 821.8 wheat 0
138.0 617.6 198.3 643.1 183.7 677.6 123.4 652.1 wheat 0
193.7 579.6 234.9 607.8 211.7 641.6 170.6 613.5 wheat 0
217.4 532.2 211.5 577.9 160.8 571.4 166.7 525.6 wheat 0
327.0 472.7 292.7 619.6 248.1 609.2 282.4 462.3 wheat 0
320.5 471.0 446.3 509.9 428.5 567.5 302.7 528.6 wheat 0
412.3 300.7 401.7 331.6 362.3 318.1 372.9 287.3 wheat 0
278.7 264.6 328.5 291.8 306.7 331.7 256.9 304.5 wheat 0
373.6 283.4 345.7 314.6 288.9 263.8 316.7 232.6 wheat 0
277.7 0.6 350.2 142.9 296.5 170.2 224.1 27.9 wheat 0
192.9 61.4 218.3 126.7 173.2 144.3 147.8 78.9 wheat 0
901.4 432.3 862.0 461.7 838.4 430.0 877.7 400.6 wheat 0
743.0 494.0 794.7 507.6 784.1 547.8 732.4 534.1 wheat 0
669.4 434.5 701.0 446.3 683.3 493.4 651.7 481.6 wheat 0
768.6 454.3 725.7 527.6 675.1 498.0 718.0 424.7 wheat 0
891.0 568.6 851.4 613.0 817.1 582.2 856.7 537.9 wheat 0
992.9 610.4 962.9 661.7 923.2 638.5 953.2 587.2 wheat 0
893.7 657.9 979.7 671.6 970.6 728.5 884.6 714.8 wheat 0
920.5 758.9 967.7 761.6 965.2 804.5 918.0 801.7 wheat 0
828.5 932.1 870.7 934.6 868.3 976.2 826.0 973.7 wheat 0
777.7 851.6 766.4 938.9 710.3 931.6 721.6 844.3 wheat 0
749.6 810.7 697.8 829.1 683.9 790.1 735.7 771.6 wheat 0
668.7 810.6 626.3 842.3 590.7 794.6 633.1 762.9 wheat 0
773.9 71.4 771.6 150.8 729.7 149.6 732.1 70.2 wheat 0
748.9 4.3 753.1 63.6 707.2 66.8 703.0 7.6 wheat 0
776.3 180.6 770.7 223.6 727.4 218.0 733.0 175.0 wheat 0
851.9 130.0 777.7 174.6 757.5 141.0 831.6 96.4 wheat 0
938.5 67.4 899.7 133.6 851.4 105.4 890.2 39.2 wheat 0
1022.7 345.2 995.7 346.4 993.7 299.6 1020.8 298.5 wheat 0
999.7 347.6 934.0 387.1 909.3 346.1 975.0 306.5 wheat 0
958.6 326.6 905.5 358.5 882.6 320.6 935.7 288.6 wheat 0
873.7 252.6 839.2 291.3 796.5 253.1 831.0 214.5 wheat 0
903.7 324.1 877.6 381.1 843.7 365.5 869.7 308.6 wheat 0
917.7 470.6 860.9 497.5 844.3 462.3 901.1 435.5 wheat 0
749.7 377.6 743.0 429.3 694.4 422.9 701.1 371.3 wheat 0
