651.1 439.5 533.9 560.2 477.5 505.4 594.7 384.8 wheat 0
735.2 282.9 927.4 414.4 878.1 486.5 685.8 355.0 wheat 0
892.6 520.6 955.2 554.8 922.1 615.5 859.4 581.3 wheat 0
795.1 656.5 738.4 687.5 680.5 581.4 737.1 550.5 wheat 0
684.1 628.5 605.8 661.6 578.0 595.8 656.3 562.8 wheat 0
583.8 704.9 665.1 760.5 622.2 823.2 541.0 767.6 wheat 0
872.1 811.5 778.2 851.2 754.9 796.0 848.7 756.3 wheat 0
864.2 842.1 966.3 885.3 937.1 954.5 834.9 911.3 wheat 0
1018.1 1005.5 929.8 1023.4 911.5 932.9 999.7 915.0 wheat 0
583.1 965.5 522.3 998.7 465.2 894.3 526.0 861.0 wheat 0
732.1 980.5 672.6 986.5 667.9 939.7 727.4 933.7 wheat 0
518.1 800.5 445.3 840.3 394.1 746.5 466.8 706.7 wheat 0
417.1 448.5 242.3 466.0 233.8 381.4 408.6 363.8 wheat 0
303.1 550.5 257.3 597.6 193.7 535.8 239.4 488.7 wheat 0
24.2 717.8 96.7 732.5 77.1 829.5 4.5 814.8 wheat 0
305.1 927.5 426.1 927.5 426.1 1012.5 305.1 1012.5 wheat 0
100.2 230.0 167.3 250.8 133.1 361.5 65.9 340.7 wheat 0
238.1 159.5 167.6 173.8 145.1 62.8 215.6 48.6 wheat 0
451.2 12.4 507.0 50.6 444.1 142.5 388.3 104.4 wheat 0
682.1 113.5 755.1 113.5 755.1 207.5 682.1 207.5 wheat 0
839.1 297.5 778.3 323.2 757.3 273.7 818.1 248.0 wheat 0
640.4 448.1 693.6 458.9 677.1 540.5 623.9 529.7 wheat 0
304.1 675.5 239.2 695.6 228.7 661.3 293.5 641.3 wheat 0
