415.1 383.1 484.1 383.1 484.1 486.1 415.1 486.1 wheat 0
170.9 461.3 125.5 492.4 72.4 414.8 117.8 383.8 wheat 0
124.1 499.1 209.1 499.1 209.1 693.1 124.1 693.1 wheat 0
428.1 638.1 499.1 638.1 499.1 730.1 428.1 730.1 wheat 0
911.1 259.1 1024.0 259.1 1024.0 332.0 911.1 332.0 wheat 0
549.1 788.1 643.1 788.1 643.1 875.1 549.1 875.1 wheat 0
329.1 665.0 377.0 697.7 317.2 785.2 269.3 752.4 wheat 0
128.1 889.1 181.1 889.1 181.1 963.1 128.1 963.1 wheat 0
37.1 847.1 124.1 847.1 124.1 907.1 37.1 907.1 wheat 0
228.9 159.5 174.6 215.5 91.4 134.6 145.7 78.7 wheat 0
758.3 4.7 809.2 32.5 766.0 111.5 715.1 83.7 wheat 0
407.1 825.1 483.1 825.1 483.1 896.1 407.1 896.1 wheat 0
363.1 906.1 470.1 906.1 470.1 991.1 363.1 991.1 wheat 0
570.1 919.1 649.1 919.1 649.1 1019.1 570.1 1019.1 wheat 0
290.1 866.1 356.1 866.1 356.1 911.1 290.1 911.1 wheat 0
261.1 955.1 332.1 955.1 332.1 1009.1 261.1 1009.1 wheat 0
209.1 437.1 270.1 437.1 270.1 534.1 209.1 534.1 wheat 0
1023.0 555.9 981.7 590.7 928.2 527.2 969.5 492.4 wheat 0
785.1 886.1 852.1 886.1 852.1 947.1 785.1 947.1 wheat 0
635.1 875.1 712.1 875.1 712.1 924.1 635.1 924.1 wheat 0
