100.0 318.8 182.0 353.5 121.6 496.3 39.7 461.6 wheat 0
316.1 357.6 168.0 403.4 147.6 337.5 295.7 291.7 wheat 0
338.2 189.3 270.3 210.3 227.5 71.8 295.3 50.8 wheat 0
601.4 379.4 649.2 428.5 568.3 507.0 520.6 457.9 wheat 0
294.5 393.9 375.7 419.0 357.1 479.2 275.9 454.1 wheat 0
391.3 464.0 447.3 464.0 447.3 569.0 391.3 569.0 wheat 0
329.4 580.3 401.0 594.8 390.2 647.8 318.7 633.3 wheat 0
414.5 601.0 520.4 710.1 480.2 749.1 374.3 640.0 wheat 0
415.0 927.9 341.5 942.8 308.7 781.1 382.2 766.2 wheat 0
56.0 896.2 176.4 908.2 169.7 974.9 49.3 962.8 wheat 0
838.0 821.7 912.7 829.2 895.6 999.4 821.0 991.9 wheat 0
618.5 516.0 854.1 539.6 844.3 637.0 608.7 613.4 wheat 0
1009.6 806.9 916.1 816.3 899.0 646.2 992.5 636.8 wheat 0
775.5 198.1 863.3 225.3 815.2 381.0 727.3 353.8 wheat 0
893.5 257.4 927.5 310.3 815.1 382.5 781.1 329.6 wheat 0
