364.4 80.4 464.0 100.6 422.1 307.5 322.5 287.3 wheat 0
509.9 227.8 632.0 240.1 626.1 299.5 503.9 287.3 wheat 0
698.1 97.1 744.7 116.8 700.1 222.5 653.4 202.8 wheat 0
602.1 132.5 552.8 153.3 525.3 88.3 574.6 67.5 wheat 0
933.8 145.0 997.8 157.9 982.1 235.5 918.0 222.5 wheat 0
943.4 324.3 995.8 346.4 939.1 480.5 886.7 458.4 wheat 0
856.3 319.3 956.1 361.5 930.3 422.5 830.5 380.3 wheat 0
840.1 382.5 894.1 382.5 894.1 445.5 840.1 445.5 wheat 0
454.1 506.6 562.1 528.5 550.0 588.3 442.0 566.4 wheat 0
149.0 482.6 213.0 495.6 189.1 613.5 125.1 600.5 wheat 0
218.1 675.5 171.0 680.2 165.8 628.5 212.9 623.8 wheat 0
143.1 683.5 104.3 716.2 55.2 657.9 94.0 625.2 wheat 0
137.4 763.3 203.8 770.0 198.1 827.5 131.6 820.8 wheat 0
528.1 793.5 437.5 821.5 414.3 746.3 504.8 718.3 wheat 0
534.1 734.5 472.8 753.5 444.7 662.6 506.0 643.7 wheat 0
571.1 675.5 504.2 689.1 490.2 619.8 557.0 606.3 wheat 0
591.8 722.2 534.9 733.7 524.4 681.8 581.2 670.3 wheat 0
741.7 703.2 679.4 737.2 653.5 689.8 715.8 655.8 wheat 0
857.4 656.9 935.1 664.7 920.1 814.5 842.4 806.7 wheat 0
1023.1 817.5 964.9 877.4 913.3 827.3 971.5 767.4 wheat 0
371.3 849.9 427.0 873.5 388.1 965.5 332.3 942.0 wheat 0
135.1 928.5 79.1 952.2 57.5 901.2 113.5 877.5 wheat 0
334.1 344.6 418.5 353.0 409.1 447.5 324.6 439.0 wheat 0
375.9 289.7 442.1 289.7 442.1 396.5 375.9 396.5 wheat 0
290.5 308.1 379.1 356.5 351.9 406.3 263.3 357.9 wheat 0
198.1 189.5 149.5 194.4 142.4 123.8 191.0 119.0 wheat 0
95.1 42.5 310.1 42.5 310.1 91.5 95.1 91.5 wheat 0
83.6 143.9 165.6 160.6 154.1 217.5 72.1 200.9 wheat 0
31.1 348.5 95.1 348.5 95.1 444.5 31.1 444.5 wheat 0
164.1 452.5 112.9 480.5 54.7 374.0 105.9 346.1 wheat 0
680.6 869.6 741.8 903.1 676.1 1023.5 614.8 990.1 wheat 0
905.4 227.1 955.9 248.4 911.1 354.5 860.6 333.2 wheat 0
1015.5 456.9 947.1 514.5 905.5 465.2 974.0 407.6 wheat 0
901.1 155.5 852.3 160.4 845.5 92.8 894.3 87.9 wheat 0
533.1 807.5 588.1 807.5 588.1 850.5 533.1 850.5 wheat 0
