917.9 542.0 844.8 572.9 826.7 529.9 899.7 499.0 wheat 0
776.1 602.5 730.2 660.3 677.0 618.0 722.8 560.3 wheat 0
647.0 527.9 696.4 543.2 678.1 602.5 628.7 587.2 wheat 0
500.0 632.2 545.7 657.1 482.1 773.5 436.4 748.6 wheat 0
634.9 620.0 773.1 695.5 753.1 732.1 614.9 656.6 wheat 0
564.8 700.3 626.3 719.3 607.1 781.5 545.5 762.5 wheat 0
584.9 791.9 525.1 804.0 514.2 750.1 574.0 738.0 wheat 0
609.2 797.4 652.1 815.5 634.2 857.6 591.4 839.5 wheat 0
607.2 874.5 673.1 910.5 650.9 951.1 585.0 915.1 wheat 0
670.0 934.8 720.5 950.4 700.1 1016.5 649.6 1000.9 wheat 0
689.1 918.5 726.1 918.5 726.1 957.5 689.1 957.5 wheat 0
966.0 933.2 1016.0 954.3 1001.1 989.5 951.1 968.4 wheat 0
979.1 916.5 931.2 921.3 925.2 861.4 973.1 856.6 wheat 0
991.1 829.7 1023.6 857.1 992.1 894.5 959.6 867.1 wheat 0
961.1 565.1 1011.9 575.4 999.1 638.5 948.3 628.2 wheat 0
943.3 523.3 1003.2 541.9 985.1 600.5 925.1 582.0 wheat 0
798.9 306.4 853.1 343.5 822.3 388.5 768.1 351.4 wheat 0
805.1 327.5 757.3 367.7 729.9 335.2 777.6 294.9 wheat 0
748.1 255.4 786.4 276.3 754.1 335.5 715.7 314.6 wheat 0
740.1 356.5 676.5 369.4 666.1 317.8 729.6 305.0 wheat 0
663.9 316.2 599.1 360.5 577.9 329.5 642.7 285.2 wheat 0
850.7 227.3 786.1 271.5 756.7 228.6 821.3 184.3 wheat 0
821.6 110.2 868.7 135.9 823.1 219.5 775.9 193.8 wheat 0
706.1 263.5 644.8 269.7 637.2 194.2 698.5 188.0 wheat 0
749.8 107.7 793.5 126.2 773.1 174.5 729.4 156.0 wheat 0
796.5 12.2 839.4 35.6 794.1 118.5 751.3 95.1 wheat 0
693.1 99.5 643.8 114.7 615.2 22.2 664.4 6.9 wheat 0
658.1 122.5 611.8 154.1 564.8 85.5 611.1 53.8 wheat 0
573.1 306.5 479.0 316.0 473.0 256.5 567.1 247.0 wheat 0
421.1 722.5 364.1 740.1 332.2 636.9 389.1 619.3 wheat 0
319.1 746.5 258.4 765.3 239.4 703.8 300.0 685.0 wheat 0
392.1 899.5 334.5 917.3 314.0 851.3 371.6 833.4 wheat 0
109.9 835.1 184.1 842.5 181.0 872.7 106.8 865.3 wheat 0
125.7 885.5 227.6 895.8 222.4 947.8 120.5 937.6 wheat 0
189.9 468.3 255.1 481.5 246.0 526.3 180.8 513.0 wheat 0
238.1 385.5 183.3 415.4 137.2 331.0 192.0 301.1 wheat 0
318.1 223.5 277.2 251.4 234.0 188.3 274.9 160.4 wheat 0
410.1 321.5 352.9 352.7 312.3 278.4 369.5 247.2 wheat 0
464.3 136.2 506.9 159.5 474.1 219.5 431.5 196.3 wheat 0
409.6 29.1 454.0 53.4 403.1 146.5 358.7 122.3 wheat 0
340.8 85.4 409.7 99.3 395.1 171.5 326.2 157.5 wheat 0
327.1 124.5 294.8 146.6 263.4 100.6 295.6 78.6 wheat 0
345.1 455.5 307.1 487.5 247.8 417.1 285.8 385.1 wheat 0
310.1 388.5 273.9 413.3 243.5 368.8 279.7 344.1 wheat 0
294.1 466.5 225.4 487.8 214.0 450.9 282.7 429.6 wheat 0
294.4 518.2 357.8 537.8 338.1 601.5 274.7 581.9 wheat 0
107.1 743.5 65.8 771.7 33.2 724.1 74.5 695.9 wheat 0
138.1 989.5 56.9 1006.0 43.3 938.8 124.5 922.4 wheat 0
356.1 759.5 315.2 763.6 310.6 718.0 351.5 713.9 wheat 0
404.1 371.5 308.2 423.9 289.6 389.9 385.5 337.6 wheat 0
191.1 216.5 134.0 255.6 41.6 120.5 98.7 81.5 wheat 0
158.4 260.7 79.1 327.5 45.2 287.3 124.5 220.6 wheat 0
