411.1 216.5 345.5 236.8 302.7 98.5 368.3 78.3 wheat 0
492.1 74.5 544.1 74.5 544.1 197.5 492.1 197.5 wheat 0
581.1 78.5 640.1 78.5 640.1 208.5 581.1 208.5 wheat 0
760.1 306.5 698.2 319.0 671.1 185.3 733.0 172.8 wheat 0
587.1 513.5 528.0 525.5 501.2 393.3 560.3 381.4 wheat 0
666.1 498.5 598.2 519.5 554.7 378.6 622.5 357.6 wheat 0
648.1 689.5 589.1 701.5 563.9 577.5 622.9 565.5 wheat 0
534.1 864.5 490.3 919.7 399.9 848.0 443.7 792.8 wheat 0
635.1 892.5 590.4 906.3 570.3 841.1 614.9 827.3 wheat 0
641.1 814.5 681.1 814.5 681.1 890.5 641.1 890.5 wheat 0
681.1 788.5 740.1 788.5 740.1 915.5 681.1 915.5 wheat 0
770.1 781.5 720.4 786.5 715.3 735.4 764.9 730.4 wheat 0
798.3 571.8 855.1 577.5 846.6 661.5 789.9 655.8 wheat 0
884.2 489.8 928.8 508.6 900.1 576.5 855.5 557.7 wheat 0
708.2 508.0 765.9 532.4 721.1 638.5 663.3 614.1 wheat 0
700.1 428.5 744.1 428.5 744.1 509.5 700.1 509.5 wheat 0
847.6 350.3 904.5 361.9 882.1 472.5 825.2 461.0 wheat 0
711.1 5.5 776.1 5.5 776.1 150.5 711.1 150.5 wheat 0
893.9 673.3 943.8 694.4 912.1 769.5 862.1 748.4 wheat 0
958.6 830.7 1002.2 849.2 969.1 927.5 925.5 909.1 wheat 0
918.3 812.5 832.1 871.5 799.7 824.1 885.9 765.2 wheat 0
645.9 936.2 700.2 941.7 694.1 1002.5 639.8 997.1 wheat 0
