327.7 294.6 412.7 294.6 412.7 426.6 327.7 426.6 wheat 0
487.7 393.6 420.5 407.2 402.1 316.6 469.4 303.0 wheat 0
349.8 415.0 443.0 424.3 435.7 496.6 342.6 487.3 wheat 0
487.7 504.6 437.5 546.9 397.1 498.9 447.3 456.6 wheat 0
244.0 277.9 325.4 294.4 314.4 348.3 233.1 331.8 wheat 0
327.7 136.6 257.7 208.8 202.0 154.7 272.1 82.6 wheat 0
248.7 720.6 180.2 741.8 134.6 594.4 203.1 573.2 wheat 0
374.6 664.3 325.1 698.2 270.9 618.9 320.4 585.1 wheat 0
351.7 590.6 401.7 590.6 401.7 665.6 351.7 665.6 wheat 0
184.7 933.6 266.7 933.6 266.7 1022.6 184.7 1022.6 wheat 0
842.7 781.9 963.5 819.3 936.7 905.6 815.9 868.2 wheat 0
982.7 818.6 863.9 830.5 854.4 735.2 973.2 723.3 wheat 0
903.8 536.0 1021.3 572.4 1000.6 639.2 883.1 602.9 wheat 0
831.6 316.4 964.7 329.7 954.7 428.6 821.7 415.3 wheat 0
855.7 253.6 952.7 253.6 952.7 316.6 855.7 316.6 wheat 0
1000.7 155.6 844.5 171.3 836.0 86.9 992.3 71.2 wheat 0
