289.1 472.1 346.1 472.1 346.1 514.1 289.1 514.1 wheat 0
358.1 577.1 425.1 577.1 425.1 625.1 358.1 625.1 wheat 0
662.1 450.1 716.1 450.1 716.1 506.1 662.1 506.1 wheat 0
730.1 237.1 806.1 237.1 806.1 283.1 730.1 283.1 wheat 0
183.1 844.1 247.1 844.1 247.1 935.1 183.1 935.1 wheat 0
176.1 184.1 235.1 184.1 235.1 264.1 176.1 264.1 wheat 0
339.1 175.1 401.1 175.1 401.1 251.1 339.1 251.1 wheat 0
235.1 634.1 287.1 634.1 287.1 692.1 235.1 692.1 wheat 0
336.1 672.1 391.1 672.1 391.1 732.1 336.1 732.1 wheat 0
716.1 674.1 784.1 674.1 784.1 730.1 716.1 730.1 wheat 0
829.1 537.1 897.1 537.1 897.1 596.1 829.1 596.1 wheat 0
807.9 164.6 722.8 211.1 697.4 164.6 782.5 118.1 wheat 0
1006.1 135.1 975.6 182.7 884.8 124.4 915.4 76.8 wheat 0
130.1 587.1 187.1 587.1 187.1 634.1 130.1 634.1 wheat 0
70.1 609.1 136.1 609.1 136.1 668.1 70.1 668.1 wheat 0
592.1 655.1 679.1 655.1 679.1 711.1 592.1 711.1 wheat 0
666.1 593.1 725.1 593.1 725.1 654.1 666.1 654.1 wheat 0
903.1 978.0 846.1 1002.1 794.2 879.2 851.1 855.1 wheat 0
591.1 456.1 658.1 456.1 658.1 508.1 591.1 508.1 wheat 0
148.1 551.1 245.1 551.1 245.1 608.1 148.1 608.1 wheat 0
734.1 752.1 792.1 752.1 792.1 795.1 734.1 795.1 wheat 0
