331.6 413.5 249.3 439.0 211.0 315.2 293.3 289.7 wheat 0
71.1 423.1 191.1 423.1 191.1 595.1 71.1 595.1 wheat 0
331.6 557.5 275.4 604.9 180.4 492.2 236.7 444.8 wheat 0
472.9 539.3 579.8 612.5 534.6 678.5 427.7 605.4 wheat 0
575.8 490.0 633.8 529.7 580.6 607.5 522.6 567.8 wheat 0
218.0 750.2 360.6 764.5 352.1 849.6 209.5 835.3 wheat 0
71.4 852.7 156.6 924.5 109.2 980.8 23.9 909.0 wheat 0
527.3 116.0 432.6 213.5 379.7 162.1 474.4 64.6 wheat 0
819.1 434.1 911.1 434.1 911.1 573.1 819.1 573.1 wheat 0
414.1 283.1 498.1 283.1 498.1 345.1 414.1 345.1 wheat 0
60.4 682.2 148.6 756.5 99.8 814.5 11.6 740.2 wheat 0
657.1 735.1 736.1 735.1 736.1 823.1 657.1 823.1 wheat 0
554.1 903.1 620.1 903.1 620.1 1015.1 554.1 1015.1 wheat 0
753.1 83.5 826.6 83.5 826.6 142.1 753.1 142.1 wheat 0
799.0 781.6 840.7 824.5 766.6 896.5 724.9 853.5 wheat 0
389.6 961.5 322.3 990.0 304.4 947.8 371.8 919.3 wheat 0
704.5 553.1 762.6 577.6 718.6 681.5 660.6 657.0 wheat 0
563.6 152.5 649.6 152.5 649.6 217.5 563.6 217.5 wheat 0
314.4 466.7 372.6 478.5 365.6 513.0 307.4 501.2 wheat 0
460.6 874.5 536.3 874.5 536.3 1024.0 460.6 1024.0 wheat 0
