10.1 565.5 40.1 565.5 40.1 609.5 10.1 609.5 wheat 0
638.4 237.5 677.1 249.5 659.1 307.7 620.4 295.7 wheat 0
586.1 168.8 620.4 183.3 597.1 238.5 562.8 224.0 wheat 0
483.2 49.4 518.6 60.3 494.1 139.5 458.7 128.6 wheat 0
463.4 141.3 496.9 151.7 478.1 212.5 444.6 202.1 wheat 0
466.1 90.5 432.6 108.8 391.3 33.3 424.8 15.0 wheat 0
387.4 33.3 418.8 39.7 408.1 92.5 376.7 86.2 wheat 0
400.1 187.3 355.2 201.2 339.0 148.7 383.9 134.8 wheat 0
493.5 335.3 520.1 346.5 498.5 397.4 472.0 386.2 wheat 0
536.1 462.5 498.4 483.1 467.2 426.0 504.9 405.4 wheat 0
412.3 550.0 459.0 564.5 450.1 593.5 403.3 579.0 wheat 0
469.5 562.0 516.7 566.7 511.1 622.5 463.9 617.8 wheat 0
393.3 713.0 426.4 731.1 395.1 788.5 361.9 770.4 wheat 0
439.1 819.5 394.5 833.3 382.7 795.0 427.2 781.2 wheat 0
527.8 759.3 590.1 765.5 586.3 803.4 524.0 797.2 wheat 0
564.1 916.5 524.6 920.5 517.7 851.3 557.1 847.3 wheat 0
500.1 895.5 458.7 899.7 454.5 857.7 495.9 853.6 wheat 0
480.1 920.5 516.1 920.5 516.1 983.5 480.1 983.5 wheat 0
473.1 934.5 451.2 936.7 446.9 894.0 468.8 891.8 wheat 0
460.1 1006.5 413.1 1011.2 408.3 964.1 455.3 959.4 wheat 0
438.1 756.5 458.1 756.5 458.1 781.5 438.1 781.5 wheat 0
549.1 391.5 519.0 397.6 507.9 343.0 538.0 336.9 wheat 0
456.1 290.5 415.7 303.0 396.3 240.4 436.7 227.9 wheat 0
441.9 255.9 495.9 261.3 492.1 299.5 438.1 294.1 wheat 0
385.3 339.8 435.5 350.0 424.1 406.5 373.8 396.3 wheat 0
392.1 405.5 344.6 410.3 340.7 372.2 388.2 367.5 wheat 0
977.0 396.5 1023.0 396.5 1023.0 438.5 977.0 438.5 wheat 0
974.1 432.5 1017.1 432.5 1017.1 473.5 974.1 473.5 wheat 0
870.3 67.5 894.1 80.5 867.8 128.6 844.0 115.6 wheat 0
