876.1 502.5 835.3 506.6 826.9 422.7 867.6 418.6 wheat 0
951.1 500.5 992.1 500.5 992.1 566.5 951.1 566.5 wheat 0
906.4 675.6 933.9 684.1 917.1 738.5 889.6 730.0 wheat 0
926.4 751.8 954.4 767.1 923.8 823.3 895.7 807.9 wheat 0
973.9 762.9 1014.7 775.5 997.1 832.5 956.2 819.9 wheat 0
989.1 271.5 954.3 282.3 929.0 200.3 963.7 189.6 wheat 0
988.1 184.5 967.3 205.9 929.4 169.1 950.1 147.7 wheat 0
885.1 165.5 844.0 173.8 830.7 108.3 871.8 99.9 wheat 0
831.0 17.5 866.7 24.7 844.1 136.5 808.3 129.3 wheat 0
825.1 74.5 776.2 79.4 770.1 19.0 819.0 14.1 wheat 0
983.1 4.5 1020.1 4.5 1020.1 55.5 983.1 55.5 wheat 0
789.5 216.1 831.0 238.8 801.1 293.5 759.6 270.8 wheat 0
812.1 335.5 775.7 372.9 720.7 319.4 757.0 282.0 wheat 0
724.1 378.5 760.1 378.5 760.1 438.5 724.1 438.5 wheat 0
796.9 593.4 761.9 608.2 745.2 568.6 780.2 553.8 wheat 0
724.1 912.5 690.2 935.7 645.2 869.8 679.0 846.7 wheat 0
767.1 866.5 735.1 888.4 703.7 842.5 735.7 820.6 wheat 0
769.4 830.1 806.4 845.7 787.1 891.5 750.1 875.9 wheat 0
809.1 862.5 879.1 862.5 879.1 901.5 809.1 901.5 wheat 0
878.1 902.5 971.1 902.5 971.1 946.5 878.1 946.5 wheat 0
723.1 899.5 760.1 899.5 760.1 958.5 723.1 958.5 wheat 0
649.1 283.5 687.1 283.5 687.1 350.5 649.1 350.5 wheat 0
594.1 354.5 639.1 354.5 639.1 411.5 594.1 411.5 wheat 0
670.1 458.5 626.5 472.0 607.5 410.8 651.1 397.3 wheat 0
577.9 514.0 623.1 560.5 594.9 587.8 549.7 541.3 wheat 0
614.1 680.5 578.0 700.2 544.2 638.3 580.3 618.6 wheat 0
536.1 459.5 502.2 473.8 488.1 440.5 522.0 426.2 wheat 0
609.1 160.5 564.2 185.0 533.0 127.8 577.8 103.3 wheat 0
570.1 122.5 527.1 126.8 519.1 47.1 562.1 42.7 wheat 0
466.1 94.5 434.7 104.2 420.4 58.0 451.8 48.3 wheat 0
457.8 183.1 539.1 227.5 525.5 252.4 444.3 208.0 wheat 0
469.1 231.5 427.8 239.9 416.7 185.1 458.0 176.7 wheat 0
428.1 223.5 383.1 237.4 362.3 170.4 407.3 156.4 wheat 0
380.1 225.5 416.1 225.5 416.1 288.5 380.1 288.5 wheat 0
375.1 263.5 346.0 269.4 337.2 225.8 366.2 219.9 wheat 0
479.1 692.5 444.7 699.5 424.5 599.7 458.8 592.7 wheat 0
593.1 821.5 564.3 830.4 545.8 770.6 574.6 761.7 wheat 0
497.1 849.5 562.2 916.6 527.5 950.4 462.3 883.3 wheat 0
566.6 887.6 622.1 925.5 605.7 949.5 550.2 911.5 wheat 0
476.1 769.5 438.9 781.0 411.0 690.8 448.2 679.3 wheat 0
427.1 591.5 382.8 600.5 369.1 532.8 413.4 523.9 wheat 0
322.1 507.5 281.3 511.6 275.1 449.6 315.8 445.5 wheat 0
237.1 446.2 271.7 475.4 205.1 554.5 170.4 525.3 wheat 0
314.3 600.2 250.7 606.6 245.8 557.8 309.5 551.4 wheat 0
287.1 746.5 250.7 771.4 211.4 713.9 247.8 689.1 wheat 0
337.9 750.1 373.2 753.6 368.1 804.5 332.8 801.0 wheat 0
399.1 965.5 359.8 982.1 335.2 924.1 374.5 907.5 wheat 0
322.1 985.5 279.6 998.6 265.4 952.6 307.8 939.5 wheat 0
179.0 946.3 228.8 951.3 225.1 988.5 175.3 983.5 wheat 0
123.0 763.1 167.1 808.5 140.8 834.0 96.8 788.6 wheat 0
81.1 856.5 44.5 860.2 40.0 815.1 76.5 811.4 wheat 0
109.1 723.5 79.9 748.1 31.8 691.0 61.0 666.4 wheat 0
59.1 595.5 16.8 599.7 10.0 532.1 52.3 527.9 wheat 0
10.1 427.5 40.1 427.5 40.1 504.5 10.1 504.5 wheat 0
59.1 289.5 110.1 289.5 110.1 410.5 59.1 410.5 wheat 0
228.1 300.5 193.7 329.4 145.5 272.1 179.8 243.2 wheat 0
120.5 213.8 170.1 255.5 152.4 276.5 102.9 234.8 wheat 0
90.1 95.5 139.1 95.5 139.1 210.5 90.1 210.5 wheat 0
149.6 45.7 216.1 129.5 181.5 156.9 115.0 73.1 wheat 0
367.0 553.2 401.3 571.9 366.1 636.5 331.7 617.7 wheat 0
197.2 576.5 243.5 581.2 238.1 635.5 191.8 630.9 wheat 0
