583.5 120.9 627.3 166.0 510.1 279.9 466.3 234.7 wheat 0
545.3 551.0 487.8 568.8 445.7 432.7 503.2 414.9 wheat 0
845.2 538.3 625.3 606.3 599.5 522.7 819.3 454.7 wheat 0
930.6 499.8 991.3 533.0 914.5 673.7 853.7 640.5 wheat 0
674.6 659.9 730.3 698.0 664.4 794.4 608.7 756.3 wheat 0
525.5 594.2 632.4 639.4 605.1 703.9 498.3 658.7 wheat 0
227.8 655.8 403.3 730.0 373.8 800.0 198.2 725.8 wheat 0
249.0 658.5 183.3 671.9 166.6 589.5 232.3 576.2 wheat 0
306.5 428.2 364.3 446.0 323.7 577.3 265.9 559.4 wheat 0
383.3 364.0 443.3 364.0 443.3 544.0 383.3 544.0 wheat 0
283.3 441.0 223.2 466.4 176.0 354.7 236.1 329.3 wheat 0
135.8 356.9 197.8 383.1 115.3 578.0 53.4 551.9 wheat 0
311.5 896.6 205.1 907.3 200.1 857.5 306.6 846.8 wheat 0
133.3 848.0 198.3 848.0 198.3 897.0 133.3 897.0 wheat 0
749.3 868.0 911.3 956.5 875.0 1023.0 713.0 934.5 wheat 0
28.1 135.4 164.2 209.7 136.8 259.7 0.8 185.4 wheat 0
194.1 104.0 277.9 139.4 261.5 178.1 177.7 142.7 wheat 0
200.3 78.3 116.9 123.9 82.9 61.6 166.3 16.0 wheat 0
365.1 0.0 430.7 20.3 380.3 183.0 314.7 162.8 wheat 0
