721.1 615.5 772.1 615.5 772.1 672.5 721.1 672.5 wheat 0
884.5 473.2 933.2 493.8 888.1 600.5 839.4 579.9 wheat 0
978.1 645.2 901.1 724.5 863.2 687.7 940.2 608.4 wheat 0
1007.9 700.5 953.2 769.4 906.5 732.3 961.2 663.4 wheat 0
956.1 357.5 1022.1 357.5 1022.1 529.5 956.1 529.5 wheat 0
938.7 385.7 985.7 434.2 904.1 513.5 857.0 465.0 wheat 0
875.1 283.5 933.1 283.5 933.1 399.5 875.1 399.5 wheat 0
812.1 207.5 869.1 207.5 869.1 389.5 812.1 389.5 wheat 0
773.1 361.5 820.1 361.5 820.1 474.5 773.1 474.5 wheat 0
694.1 478.5 751.1 478.5 751.1 580.5 694.1 580.5 wheat 0
781.1 80.5 849.1 80.5 849.1 172.5 781.1 172.5 wheat 0
908.7 74.2 959.2 89.8 928.1 190.5 877.5 174.9 wheat 0
