691.1 707.5 631.3 757.8 540.4 650.0 600.2 599.6 wheat 0
31.3 477.5 286.1 477.5 286.1 556.8 31.3 556.8 wheat 0
393.1 627.5 252.7 686.8 223.1 616.9 363.5 557.5 wheat 0
414.1 524.5 337.0 577.2 308.0 534.8 385.1 482.1 wheat 0
315.5 189.6 368.9 200.5 334.1 372.5 280.6 361.7 wheat 0
419.5 361.9 475.1 367.5 470.6 412.4 414.9 406.9 wheat 0
687.1 252.6 740.3 275.1 705.1 358.5 651.8 336.0 wheat 0
685.1 364.5 632.0 375.3 618.8 310.5 671.9 299.7 wheat 0
719.5 343.4 751.1 392.5 659.2 451.5 627.6 402.4 wheat 0
784.0 431.5 752.2 481.1 684.8 437.8 716.7 388.3 wheat 0
749.1 574.5 805.1 574.5 805.1 715.5 749.1 715.5 wheat 0
771.1 728.5 868.1 728.5 868.1 790.5 771.1 790.5 wheat 0
1022.1 623.5 839.2 723.4 805.0 660.7 987.8 560.9 wheat 0
939.1 959.5 835.7 991.5 818.5 935.9 921.9 903.9 wheat 0
935.5 888.7 991.9 900.2 977.1 973.5 920.6 962.1 wheat 0
641.0 906.2 772.1 961.6 746.1 1023.0 615.1 967.6 wheat 0
229.8 799.0 413.5 876.6 383.1 948.5 199.4 870.9 wheat 0
208.1 863.5 168.3 890.7 128.2 832.1 168.0 804.9 wheat 0
384.1 978.5 357.1 1020.6 245.6 949.0 272.6 906.9 wheat 0
8.1 868.5 103.1 868.5 103.1 984.5 8.1 984.5 wheat 0
74.0 199.1 117.1 228.5 66.2 302.8 23.2 273.4 wheat 0
225.1 119.5 170.7 142.5 134.8 57.5 189.1 34.6 wheat 0
99.6 41.9 165.4 48.5 157.1 131.5 91.3 124.9 wheat 0
54.5 96.8 103.8 112.1 85.1 172.5 35.8 157.3 wheat 0
33.1 5.0 85.1 5.0 85.1 117.5 33.1 117.5 wheat 0
966.1 436.5 1023.1 436.5 1023.1 668.5 966.1 668.5 wheat 0
