147.1 712.5 260.1 712.5 260.1 744.5 147.1 744.5 wheat 0
226.9 743.6 257.7 753.1 234.1 829.5 203.3 820.0 wheat 0
146.5 783.2 177.0 799.9 128.1 889.5 97.5 872.8 wheat 0
64.4 873.0 105.5 895.5 59.1 980.5 17.9 958.0 wheat 0
205.9 243.1 78.6 268.9 67.8 215.3 195.1 189.5 wheat 0
397.6 374.6 434.2 378.3 422.7 493.2 386.1 489.5 wheat 0
622.1 412.5 664.1 412.5 664.1 455.5 622.1 455.5 wheat 0
561.1 424.5 611.1 424.5 611.1 477.5 561.1 477.5 wheat 0
688.1 392.5 740.1 392.5 740.1 433.5 688.1 433.5 wheat 0
810.1 774.5 868.1 774.5 868.1 831.5 810.1 831.5 wheat 0
227.1 0.5 272.1 0.5 272.1 54.5 227.1 54.5 wheat 0
0.0 1.6 83.1 1.6 83.1 50.5 0.0 50.5 wheat 0
