285.1 318.1 364.1 318.1 364.1 382.1 285.1 382.1 wheat 0
415.1 401.1 503.1 401.1 503.1 484.1 415.1 484.1 wheat 0
238.1 507.1 344.1 507.1 344.1 566.1 238.1 566.1 wheat 0
155.1 595.1 256.1 595.1 256.1 669.1 155.1 669.1 wheat 0
417.1 523.1 518.1 523.1 518.1 577.1 417.1 577.1 wheat 0
391.1 211.1 475.1 211.1 475.1 336.1 391.1 336.1 wheat 0
616.1 10.1 719.1 10.1 719.1 90.1 616.1 90.1 wheat 0
837.1 364.1 941.1 364.1 941.1 460.1 837.1 460.1 wheat 0
509.1 864.1 662.1 864.1 662.1 943.1 509.1 943.1 wheat 0
362.1 661.1 491.1 661.1 491.1 738.1 362.1 738.1 wheat 0
198.1 827.1 297.1 827.1 297.1 884.1 198.1 884.1 wheat 0
831.8 611.0 797.1 679.1 693.4 626.3 728.0 558.2 wheat 0
648.1 351.1 743.1 351.1 743.1 444.1 648.1 444.1 wheat 0
19.1 384.1 198.1 384.1 198.1 468.1 19.1 468.1 wheat 0
909.1 208.1 1001.1 208.1 1001.1 284.1 909.1 284.1 wheat 0
508.1 743.1 572.1 743.1 572.1 800.1 508.1 800.1 wheat 0
