14.3 656.3 269.5 708.1 257.3 768.3 2.1 716.6 wheat 0
501.7 631.9 468.1 698.0 219.3 571.3 253.0 505.3 wheat 0
503.4 773.5 342.3 823.3 323.5 762.4 484.6 712.6 wheat 0
770.0 836.4 831.3 862.3 815.2 900.4 753.9 874.5 wheat 0
560.1 537.2 690.3 626.3 653.8 679.7 523.6 590.6 wheat 0
110.0 467.8 190.6 475.8 171.7 663.9 91.1 655.8 wheat 0
423.7 389.1 559.1 446.4 532.8 508.6 397.3 451.3 wheat 0
437.3 399.3 377.5 449.7 240.3 286.7 300.1 236.4 wheat 0
750.0 222.2 701.3 272.3 558.3 133.4 607.0 83.3 wheat 0
931.3 163.3 867.8 183.0 818.0 22.1 881.5 2.4 wheat 0
278.1 176.4 199.3 184.3 185.5 46.3 264.2 38.4 wheat 0
184.4 110.2 140.3 140.3 68.7 35.7 112.8 5.5 wheat 0
148.9 130.7 111.3 169.3 21.0 81.6 58.6 43.0 wheat 0
305.0 140.3 455.2 170.7 445.3 219.3 295.1 188.9 wheat 0
454.3 131.7 550.3 172.3 532.0 215.8 435.9 175.2 wheat 0
736.3 139.3 785.5 180.7 756.1 215.6 707.0 174.2 wheat 0
853.3 186.3 920.3 186.3 920.3 232.3 853.3 232.3 wheat 0
