625.1 459.5 656.5 476.7 634.7 516.6 603.3 499.4 wheat 0
680.7 573.6 644.8 588.8 627.9 548.7 663.8 533.5 wheat 0
736.0 408.0 799.2 414.4 792.7 478.6 729.5 472.3 wheat 0
820.9 408.6 866.3 417.8 847.7 509.6 802.3 500.4 wheat 0
636.3 320.9 669.7 331.3 650.2 394.3 616.8 384.0 wheat 0
805.2 296.6 770.4 300.1 761.2 208.6 796.1 205.1 wheat 0
820.4 249.2 868.1 269.4 847.7 317.6 800.0 297.4 wheat 0
924.7 434.6 975.7 434.6 975.7 510.6 924.7 510.6 wheat 0
878.1 374.6 913.3 410.8 888.7 434.6 853.6 398.4 wheat 0
997.9 455.6 1023.5 473.1 993.7 516.6 968.1 499.1 wheat 0
826.7 620.6 879.7 620.6 879.7 650.6 826.7 650.6 wheat 0
728.2 886.5 812.8 895.0 808.2 940.7 723.7 932.3 wheat 0
778.7 988.6 715.5 995.0 712.5 965.5 775.8 959.1 wheat 0
985.9 745.1 1023.1 765.4 967.7 866.6 930.6 846.3 wheat 0
852.9 201.6 882.7 207.6 873.8 251.9 843.9 245.8 wheat 0
712.7 13.6 748.7 13.6 748.7 73.6 712.7 73.6 wheat 0
954.8 129.5 932.5 144.8 903.7 102.7 926.0 87.4 wheat 0
93.7 496.6 128.7 496.6 128.7 553.6 93.7 553.6 wheat 0
172.0 122.6 147.4 136.0 121.5 88.6 146.1 75.2 wheat 0
773.6 99.7 795.5 101.9 787.9 177.5 766.0 175.3 wheat 0
