556.1 511.5 520.2 536.1 474.2 468.9 510.1 444.4 wheat 0
494.8 369.3 552.8 381.0 532.1 483.5 474.0 471.7 wheat 0
522.1 340.5 471.3 356.2 436.7 244.5 487.5 228.8 wheat 0
707.5 304.8 627.2 329.7 610.7 276.2 690.9 251.3 wheat 0
808.1 500.5 738.5 522.0 703.6 409.0 773.1 387.5 wheat 0
735.1 540.5 682.9 569.0 638.9 488.5 691.1 460.0 wheat 0
895.6 353.3 933.2 385.0 888.1 438.5 850.5 406.8 wheat 0
887.3 415.8 955.1 429.5 947.6 466.3 879.8 452.6 wheat 0
841.1 155.5 922.1 155.5 922.1 205.5 841.1 205.5 wheat 0
758.9 131.5 803.9 169.4 754.1 228.5 709.1 190.7 wheat 0
799.1 129.5 733.7 149.7 714.7 88.4 780.1 68.1 wheat 0
679.1 0.0 762.5 0.0 762.5 60.5 679.1 60.5 wheat 0
273.1 151.5 248.1 168.6 200.5 99.0 225.5 82.0 wheat 0
206.3 353.2 124.1 422.5 96.4 389.7 178.7 320.4 wheat 0
131.1 266.5 102.0 291.0 77.4 261.7 106.4 237.2 wheat 0
431.1 714.5 358.2 721.8 352.9 668.3 425.7 661.0 wheat 0
193.3 569.7 296.1 601.5 278.4 658.5 175.7 626.7 wheat 0
0.0 560.5 66.1 560.5 66.1 619.5 0.0 619.5 wheat 0
435.5 853.5 477.6 876.5 448.1 930.5 406.0 907.5 wheat 0
249.7 847.1 289.8 874.5 235.1 954.5 194.9 927.1 wheat 0
576.1 977.5 529.4 997.2 500.0 927.8 546.7 908.0 wheat 0
929.1 910.5 875.4 947.2 793.1 826.9 846.7 790.2 wheat 0
810.1 749.5 738.7 764.0 727.4 708.3 798.8 693.8 wheat 0
865.1 651.5 815.9 685.1 758.6 601.3 807.7 567.7 wheat 0
859.1 599.3 931.1 606.5 926.9 647.9 854.9 640.7 wheat 0
