588.0 598.5 650.4 632.5 601.7 721.6 539.4 687.6 wheat 0
770.7 592.6 718.3 658.7 659.3 611.9 711.8 545.8 wheat 0
850.7 515.8 781.1 574.4 739.8 525.5 809.4 466.8 wheat 0
899.7 472.6 988.7 472.6 988.7 515.6 899.7 515.6 wheat 0
969.7 760.6 1024.0 760.6 1024.0 813.9 969.7 813.9 wheat 0
935.7 333.6 809.5 359.2 797.4 299.5 923.6 273.9 wheat 0
902.4 253.9 763.2 282.1 751.1 222.3 890.3 194.1 wheat 0
546.1 -0.0 616.2 14.2 599.7 95.4 529.7 81.2 wheat 0
660.6 291.4 707.3 330.7 671.8 372.8 625.2 333.5 wheat 0
586.8 337.7 678.1 387.5 654.6 430.5 563.4 380.7 wheat 0
494.2 236.6 549.0 247.8 537.3 305.6 482.4 294.5 wheat 0
349.3 201.2 439.1 228.9 420.2 290.1 330.4 262.3 wheat 0
273.6 213.8 332.7 274.6 294.1 312.1 235.0 251.3 wheat 0
293.5 33.3 231.8 59.4 219.0 29.0 280.7 2.9 wheat 0
15.7 353.6 93.7 353.6 93.7 495.6 15.7 495.6 wheat 0
282.7 555.6 197.4 614.0 160.2 559.5 245.5 501.2 wheat 0
241.1 709.0 289.3 735.4 253.4 801.2 205.1 774.8 wheat 0
301.7 849.6 195.0 871.3 189.3 843.4 296.1 821.8 wheat 0
318.7 885.6 196.4 923.4 184.0 883.2 306.3 845.4 wheat 0
69.9 846.9 138.9 868.3 118.7 933.6 49.7 912.2 wheat 0
128.9 943.0 229.7 985.6 213.5 1023.9 112.8 981.3 wheat 0
948.2 258.3 1020.0 307.5 992.3 347.9 920.5 298.8 wheat 0
794.4 555.4 867.0 605.1 837.1 648.8 764.5 599.1 wheat 0
