642.2 411.8 686.5 420.8 676.1 472.5 631.7 463.5 wheat 0
562.4 7.4 614.3 29.4 588.1 91.5 536.2 69.6 wheat 0
616.7 108.3 639.1 136.5 601.5 166.3 579.1 138.1 wheat 0
205.9 91.1 248.9 104.4 233.1 155.5 190.1 142.2 wheat 0
114.5 79.0 168.1 95.5 157.4 130.0 103.9 113.4 wheat 0
126.1 216.5 66.8 257.1 42.5 221.5 101.7 181.0 wheat 0
154.5 314.0 187.1 341.5 141.5 395.6 108.9 368.1 wheat 0
931.1 250.5 881.4 284.5 863.0 257.5 912.6 223.6 wheat 0
943.8 169.4 1023.1 185.5 1013.9 230.8 934.6 214.8 wheat 0
201.1 899.5 149.0 935.1 98.7 861.6 150.7 826.0 wheat 0
619.1 891.5 575.3 910.0 550.9 852.4 594.7 833.9 wheat 0
665.1 990.5 620.8 999.5 609.6 944.2 653.9 935.2 wheat 0
606.8 390.9 640.7 394.3 637.3 428.1 603.5 424.7 wheat 0
404.1 207.5 343.0 219.9 333.1 170.9 394.1 158.6 wheat 0
349.4 124.8 395.0 134.1 379.1 212.5 333.5 203.3 wheat 0
