266.9 554.2 99.8 571.0 92.9 502.5 260.1 485.7 wheat 0
211.9 893.2 132.5 901.2 119.4 770.9 198.9 762.9 wheat 0
682.9 768.2 603.3 792.9 554.0 633.4 633.6 608.8 wheat 0
759.9 777.2 659.3 787.3 651.5 710.2 752.2 700.1 wheat 0
910.0 776.0 968.7 825.4 850.6 965.6 791.9 916.2 wheat 0
764.9 377.2 847.9 377.2 847.9 582.2 764.9 582.2 wheat 0
619.9 288.2 696.9 288.2 696.9 441.2 619.9 441.2 wheat 0
476.9 260.7 542.7 267.3 532.9 364.2 467.2 357.6 wheat 0
596.9 253.2 530.2 259.9 521.5 173.3 588.3 166.6 wheat 0
733.0 97.4 796.2 140.6 734.9 230.2 671.7 187.0 wheat 0
750.9 52.2 829.9 52.2 829.9 142.2 750.9 142.2 wheat 0
405.0 7.2 458.9 75.2 337.7 171.4 283.7 103.4 wheat 0
216.7 156.2 298.4 164.4 280.9 338.2 199.2 330.0 wheat 0
239.1 317.5 445.3 381.3 424.9 447.2 218.7 383.4 wheat 0
84.6 51.6 155.0 65.9 121.9 229.2 51.5 214.9 wheat 0
