579.5 272.8 676.1 325.5 654.0 365.9 557.4 313.1 wheat 0
817.1 357.2 903.1 393.5 885.4 435.2 799.5 398.9 wheat 0
624.2 369.4 789.9 460.0 769.0 498.2 603.3 407.7 wheat 0
744.1 489.5 712.7 515.9 655.9 448.5 687.3 422.1 wheat 0
547.2 396.4 670.1 463.5 652.1 496.4 529.2 429.3 wheat 0
823.9 615.6 907.1 632.5 897.3 680.4 814.1 663.6 wheat 0
640.2 664.3 539.4 695.5 525.2 649.7 626.1 618.5 wheat 0
430.6 541.8 518.1 559.5 510.0 599.2 422.5 581.5 wheat 0
376.6 475.9 410.4 494.4 371.1 566.5 337.2 548.0 wheat 0
141.7 417.8 295.1 501.5 271.2 545.2 117.9 461.4 wheat 0
375.2 148.7 508.1 285.5 463.7 328.6 330.9 191.7 wheat 0
334.1 140.5 462.1 140.5 462.1 191.5 334.1 191.5 wheat 0
456.1 136.5 527.1 136.5 527.1 196.5 456.1 196.5 wheat 0
529.7 123.9 495.1 159.5 374.2 42.1 408.8 6.5 wheat 0
254.8 95.0 409.1 200.5 379.1 244.4 224.8 138.8 wheat 0
323.1 127.5 270.2 149.9 222.7 37.6 275.6 15.2 wheat 0
127.3 82.4 272.1 161.5 249.3 203.2 104.5 124.1 wheat 0
41.7 372.5 211.1 372.5 211.1 432.5 41.7 432.5 wheat 0
320.9 312.4 421.4 416.0 396.9 439.8 296.4 336.3 wheat 0
897.6 790.3 973.1 831.5 952.5 869.2 877.0 828.0 wheat 0
970.1 861.5 1015.1 861.5 1015.1 971.5 970.1 971.5 wheat 0
908.7 758.9 968.1 799.5 951.8 823.2 892.5 782.6 wheat 0
610.1 708.0 700.1 769.5 678.0 801.7 588.0 740.2 wheat 0
667.7 803.8 714.1 835.5 695.3 862.9 648.9 831.2 wheat 0
553.6 815.4 672.1 896.5 651.6 926.4 533.1 845.3 wheat 0
559.1 882.5 495.7 888.9 487.4 805.5 550.7 799.2 wheat 0
634.1 991.5 595.8 1023.7 494.6 903.5 532.8 871.3 wheat 0
430.3 827.3 687.1 967.5 666.1 1005.9 409.3 865.7 wheat 0
378.1 869.5 329.7 879.3 304.5 754.9 352.8 745.1 wheat 0
365.5 783.5 435.1 821.5 418.4 852.0 348.8 814.0 wheat 0
384.1 624.6 493.1 635.5 488.7 679.4 379.7 668.4 wheat 0
494.1 638.5 459.7 667.4 385.2 578.9 419.5 550.0 wheat 0
371.7 651.0 453.1 667.5 445.8 703.4 364.4 686.9 wheat 0
304.1 629.5 262.3 647.2 231.5 574.4 273.3 556.7 wheat 0
306.1 735.9 177.6 762.0 168.6 717.5 297.1 691.5 wheat 0
227.1 710.5 179.2 720.2 167.8 664.5 215.8 654.8 wheat 0
83.5 568.3 181.1 609.5 167.5 641.6 69.9 600.4 wheat 0
21.7 644.7 164.1 673.5 154.4 720.9 12.1 692.1 wheat 0
85.4 719.7 241.1 785.5 223.3 827.4 67.7 761.6 wheat 0
62.6 814.9 168.1 859.5 153.8 893.3 48.3 848.7 wheat 0
172.2 896.3 253.1 930.5 238.3 965.5 157.4 931.3 wheat 0
128.1 962.5 264.3 962.5 264.3 1024.0 128.1 1024.0 wheat 0
559.1 190.5 770.0 279.7 748.1 331.5 537.2 242.3 wheat 0
624.0 113.8 732.1 159.5 711.7 207.6 603.7 161.9 wheat 0
591.3 163.8 726.1 205.5 712.5 249.3 577.8 207.6 wheat 0
959.1 142.5 1024.0 142.5 1024.0 243.9 959.1 243.9 wheat 0
855.1 146.5 814.9 187.9 717.5 93.2 757.6 51.9 wheat 0
893.2 36.1 871.1 79.5 800.1 43.4 822.2 -0.0 wheat 0
632.1 744.5 543.6 781.9 525.2 738.5 613.7 701.0 wheat 0
