550.3 462.5 491.5 474.4 474.0 387.9 532.7 376.0 wheat 0
538.6 549.8 604.8 586.0 584.3 623.5 518.1 587.3 wheat 0
751.1 553.2 810.9 585.8 790.3 623.5 730.5 590.9 wheat 0
699.2 465.1 750.0 492.9 727.3 534.5 676.4 506.7 wheat 0
934.1 507.6 895.3 511.5 879.0 349.5 917.9 345.6 wheat 0
544.7 738.2 602.7 750.0 595.3 786.5 537.3 774.8 wheat 0
404.3 789.5 366.4 815.4 314.8 739.9 352.6 714.0 wheat 0
491.3 873.5 582.3 873.5 582.3 910.5 491.3 910.5 wheat 0
451.6 788.2 538.3 847.5 515.6 880.6 428.9 821.3 wheat 0
558.3 813.5 621.3 813.5 621.3 851.5 558.3 851.5 wheat 0
660.3 879.5 745.3 879.5 745.3 922.5 660.3 922.5 wheat 0
774.3 867.5 679.7 886.7 672.9 853.0 767.4 833.8 wheat 0
882.3 836.5 953.3 836.5 953.3 873.5 882.3 873.5 wheat 0
903.3 939.5 975.3 939.5 975.3 981.5 903.3 981.5 wheat 0
494.3 939.5 580.3 939.5 580.3 975.5 494.3 975.5 wheat 0
327.2 796.3 399.3 845.6 380.3 873.5 308.1 824.2 wheat 0
277.5 845.7 399.2 897.2 384.3 932.5 262.6 881.1 wheat 0
115.0 866.4 200.1 892.7 186.5 936.6 101.4 910.3 wheat 0
6.3 896.5 86.3 896.5 86.3 935.5 6.3 935.5 wheat 0
150.3 706.5 228.3 706.5 228.3 736.5 150.3 736.5 wheat 0
240.3 605.5 323.3 605.5 323.3 644.5 240.3 644.5 wheat 0
144.3 583.5 252.3 583.5 252.3 628.5 144.3 628.5 wheat 0
29.8 580.6 141.9 615.2 131.3 649.5 19.2 614.9 wheat 0
0.0 666.5 95.3 666.5 95.3 711.2 0.0 711.2 wheat 0
299.6 500.1 417.6 536.6 405.3 576.5 287.3 540.0 wheat 0
323.2 422.3 396.9 472.8 377.3 501.5 303.5 451.1 wheat 0
792.1 434.4 825.5 476.5 795.3 500.5 761.9 458.4 wheat 0
845.1 425.4 808.3 456.5 735.7 370.4 772.6 339.3 wheat 0
703.0 317.6 756.5 340.2 743.3 371.5 689.8 348.9 wheat 0
761.2 228.1 835.8 259.7 820.3 296.5 745.6 264.9 wheat 0
863.0 259.4 941.7 302.4 919.3 343.5 840.6 300.5 wheat 0
710.3 106.2 799.2 133.8 787.3 172.5 698.3 145.0 wheat 0
469.3 350.5 443.5 382.9 351.8 310.1 377.5 277.7 wheat 0
404.0 233.7 512.3 244.6 508.3 284.5 400.0 273.6 wheat 0
623.3 242.5 682.3 242.5 682.3 289.5 623.3 289.5 wheat 0
674.3 212.5 735.3 212.5 735.3 257.5 674.3 257.5 wheat 0
204.3 439.5 164.6 466.7 84.6 349.8 124.3 322.6 wheat 0
191.7 442.1 313.9 466.9 305.3 509.5 183.1 484.7 wheat 0
123.1 501.6 217.0 530.6 205.3 568.5 111.4 539.5 wheat 0
102.3 482.5 181.3 482.5 181.3 522.5 102.3 522.5 wheat 0
207.9 238.6 287.6 272.3 273.0 306.9 193.3 273.2 wheat 0
131.3 219.5 194.3 219.5 194.3 265.5 131.3 265.5 wheat 0
191.3 218.5 276.3 218.5 276.3 252.5 191.3 252.5 wheat 0
194.3 188.5 270.3 188.5 270.3 225.5 194.3 225.5 wheat 0
208.6 100.9 274.0 136.6 253.3 174.5 187.9 138.8 wheat 0
197.0 30.2 324.6 84.2 306.3 127.5 178.7 73.6 wheat 0
131.3 849.5 110.3 863.8 81.1 821.0 102.0 806.7 wheat 0
