117.7 555.6 168.7 555.6 168.7 817.6 117.7 817.6 wheat 0
188.7 375.6 165.3 405.1 118.8 368.2 142.2 338.7 wheat 0
899.7 98.6 860.7 147.6 736.5 49.1 775.5 -0.0 wheat 0
168.7 211.6 130.0 244.2 -0.0 89.8 38.7 57.2 wheat 0
204.7 455.7 172.7 482.6 112.4 410.9 144.3 384.0 wheat 0
1018.8 332.8 979.1 366.2 856.0 220.1 895.7 186.6 wheat 0
772.2 102.3 751.7 142.6 608.6 69.7 629.1 29.5 wheat 0
1019.3 365.5 999.9 403.8 825.3 314.9 844.7 276.6 wheat 0
1017.4 510.2 990.7 562.6 761.4 445.9 788.1 393.5 wheat 0
565.3 490.2 615.1 500.3 594.7 600.6 544.9 590.5 wheat 0
290.5 406.0 252.7 426.6 171.0 277.1 208.8 256.4 wheat 0
315.3 21.2 366.2 31.5 334.7 186.6 283.8 176.3 wheat 0
109.5 457.3 134.7 474.6 98.5 527.6 73.2 510.3 wheat 0
65.7 458.6 60.3 490.3 0.1 479.9 5.6 448.2 wheat 0
346.7 920.6 398.7 920.6 398.7 1019.6 346.7 1019.6 wheat 0
515.7 43.3 566.7 53.6 523.2 268.3 472.2 257.9 wheat 0
378.7 405.6 419.6 413.9 393.7 541.6 352.8 533.3 wheat 0
385.9 133.7 447.3 139.9 420.7 404.6 359.4 398.5 wheat 0
782.9 838.7 768.7 889.6 535.7 824.9 549.8 774.0 wheat 0
482.1 816.9 454.7 870.6 190.7 736.2 218.1 682.5 wheat 0
380.7 536.6 451.7 536.6 451.7 597.6 380.7 597.6 wheat 0
345.3 687.2 321.4 694.6 299.2 623.0 323.1 615.6 wheat 0
71.1 314.7 108.0 352.7 79.4 380.6 42.4 342.5 wheat 0
837.6 771.3 857.3 802.0 759.7 864.6 740.0 833.9 wheat 0
725.2 137.9 764.1 198.5 736.3 216.3 697.4 155.7 wheat 0
726.8 235.6 751.6 274.3 724.7 291.6 699.8 252.9 wheat 0
535.9 434.5 569.4 486.7 525.6 514.7 492.1 462.6 wheat 0
224.3 180.5 251.5 199.1 218.2 247.8 191.0 229.1 wheat 0
