577.4 534.7 651.1 565.8 621.3 636.5 547.5 605.3 wheat 0
280.3 609.0 332.1 619.5 317.3 692.5 265.5 682.0 wheat 0
113.3 654.5 223.3 654.5 223.3 706.5 113.3 706.5 wheat 0
164.2 748.8 226.4 775.1 196.3 846.5 134.1 820.2 wheat 0
356.3 856.5 293.9 862.8 285.7 781.4 348.1 775.2 wheat 0
369.3 745.5 485.3 745.5 485.3 806.5 369.3 806.5 wheat 0
588.3 726.5 675.3 726.5 675.3 777.5 588.3 777.5 wheat 0
714.3 756.5 780.3 756.5 780.3 817.5 714.3 817.5 wheat 0
625.1 850.3 567.8 868.0 549.4 808.8 606.8 791.0 wheat 0
662.3 866.5 718.3 866.5 718.3 943.5 662.3 943.5 wheat 0
546.3 846.5 613.3 846.5 613.3 898.5 546.3 898.5 wheat 0
480.3 884.5 532.3 884.5 532.3 927.5 480.3 927.5 wheat 0
384.6 880.4 427.4 903.7 395.3 962.5 352.5 939.2 wheat 0
185.3 985.5 98.7 1022.1 75.0 966.0 161.5 929.4 wheat 0
812.2 946.6 847.4 970.7 826.3 1001.5 791.1 977.4 wheat 0
1015.9 962.9 934.3 1007.5 907.6 958.7 989.3 914.1 wheat 0
831.3 379.4 861.5 438.6 775.3 482.5 745.1 423.3 wheat 0
555.9 260.3 660.3 304.5 633.6 367.5 529.2 323.4 wheat 0
906.0 475.8 958.5 504.4 924.6 566.5 872.1 537.8 wheat 0
553.6 296.5 460.9 325.2 441.7 263.3 534.5 234.6 wheat 0
325.6 83.5 424.6 83.5 424.6 152.5 325.6 152.5 wheat 0
337.6 222.5 242.3 252.0 220.7 182.2 316.0 152.7 wheat 0
86.0 216.2 138.5 221.5 131.6 290.5 79.1 285.2 wheat 0
146.6 306.5 218.6 306.5 218.6 385.5 146.6 385.5 wheat 0
267.6 431.5 174.1 460.5 158.1 408.9 251.7 380.0 wheat 0
415.6 474.5 330.6 491.7 319.4 436.1 404.3 418.8 wheat 0
413.6 316.5 358.5 385.9 311.9 348.9 367.0 279.5 wheat 0
411.8 492.7 459.8 525.5 425.6 575.5 377.6 542.7 wheat 0
537.6 628.5 627.6 628.5 627.6 668.5 537.6 668.5 wheat 0
809.5 576.0 875.5 612.1 844.6 668.5 778.7 632.5 wheat 0
828.6 666.5 893.6 666.5 893.6 715.5 828.6 715.5 wheat 0
878.8 749.4 827.0 777.7 803.5 734.7 855.3 706.4 wheat 0
685.1 37.0 757.0 67.4 736.6 115.5 664.8 85.1 wheat 0
781.7 48.4 829.1 63.1 812.6 116.5 765.1 101.8 wheat 0
788.1 108.5 843.8 132.0 821.6 184.5 765.9 160.9 wheat 0
