299.3 379.0 386.3 379.0 386.3 497.0 299.3 497.0 wheat 0
205.4 482.2 149.3 520.6 87.2 429.8 143.3 391.5 wheat 0
438.3 263.9 386.4 274.5 369.3 190.2 421.2 179.6 wheat 0
624.4 53.2 690.6 73.6 658.3 178.0 592.1 157.6 wheat 0
696.9 126.4 828.9 167.3 803.3 250.0 671.3 209.2 wheat 0
723.4 488.6 865.7 532.6 839.3 618.0 697.0 574.0 wheat 0
654.3 564.0 724.3 564.0 724.3 658.0 654.3 658.0 wheat 0
673.3 663.0 746.3 663.0 746.3 748.0 673.3 748.0 wheat 0
837.3 711.0 910.3 711.0 910.3 855.0 837.3 855.0 wheat 0
778.3 667.0 855.3 667.0 855.3 732.0 778.3 732.0 wheat 0
598.5 658.3 651.3 702.8 599.1 764.7 546.3 720.3 wheat 0
584.9 765.9 702.3 802.2 672.3 899.0 555.0 862.7 wheat 0
807.1 852.2 878.6 866.7 850.6 1004.9 779.0 990.4 wheat 0
487.3 882.0 546.3 882.0 546.3 1014.0 487.3 1014.0 wheat 0
411.9 842.8 465.4 887.9 370.7 1000.3 317.2 955.2 wheat 0
165.3 864.0 312.3 864.0 312.3 942.0 165.3 942.0 wheat 0
113.3 793.0 209.3 793.0 209.3 885.0 113.3 885.0 wheat 0
191.4 770.3 100.9 779.4 94.2 712.8 184.7 703.7 wheat 0
550.3 499.0 493.6 504.7 485.4 423.1 542.1 417.4 wheat 0
222.3 941.0 297.6 941.0 297.6 1023.0 222.3 1023.0 wheat 0
