630.7 909.6 673.7 909.6 673.7 999.6 630.7 999.6 wheat 0
1007.0 1002.3 951.2 1013.6 937.5 946.0 993.3 934.6 wheat 0
943.3 999.9 897.4 1014.1 876.2 945.3 922.0 931.1 wheat 0
854.8 729.2 895.0 737.4 881.7 803.0 841.5 794.9 wheat 0
926.9 751.9 949.7 780.6 923.4 801.5 900.5 772.8 wheat 0
784.2 707.3 821.4 714.8 813.7 752.6 776.5 745.1 wheat 0
782.9 567.7 812.6 588.0 772.5 646.6 742.8 626.3 wheat 0
702.0 537.9 736.7 561.6 697.5 618.9 662.8 595.2 wheat 0
729.7 619.6 693.1 630.9 661.7 529.2 698.3 517.9 wheat 0
600.7 703.6 674.7 703.6 674.7 738.6 600.7 738.6 wheat 0
666.7 784.6 596.5 798.9 588.4 759.0 658.7 744.7 wheat 0
482.8 966.1 541.6 978.0 532.7 1022.1 473.9 1010.2 wheat 0
419.1 938.9 447.2 958.1 422.3 994.4 394.3 975.2 wheat 0
322.7 1014.6 279.6 1023.4 259.7 925.1 302.8 916.4 wheat 0
307.4 966.8 388.6 991.9 379.1 1022.5 297.9 997.3 wheat 0
499.7 659.6 437.3 665.9 431.1 604.9 493.6 598.6 wheat 0
584.7 620.6 527.3 644.9 512.6 610.2 570.1 585.9 wheat 0
496.7 516.6 433.0 596.9 407.3 576.5 471.0 496.2 wheat 0
633.3 553.6 610.7 572.6 536.5 484.4 559.0 465.4 wheat 0
371.7 512.6 404.7 512.6 404.7 551.6 371.7 551.6 wheat 0
210.7 597.6 251.7 597.6 251.7 647.6 210.7 647.6 wheat 0
189.6 641.4 278.9 669.0 265.7 711.6 176.5 684.0 wheat 0
335.2 704.9 277.8 722.6 266.3 685.4 323.6 667.6 wheat 0
172.5 712.4 250.8 736.6 239.0 774.8 160.7 750.6 wheat 0
110.6 834.4 180.7 906.6 146.6 939.8 76.5 867.6 wheat 0
2.7 584.6 29.7 584.6 29.7 678.6 2.7 678.6 wheat 0
45.4 905.6 9.6 909.2 2.0 833.6 37.9 830.0 wheat 0
140.6 226.6 177.9 234.1 160.7 318.6 123.4 311.1 wheat 0
237.6 435.3 212.0 452.8 188.9 418.9 214.5 401.4 wheat 0
113.7 127.6 138.7 127.6 138.7 174.6 113.7 174.6 wheat 0
416.7 149.6 382.7 156.5 353.5 12.5 387.5 5.6 wheat 0
469.2 89.7 427.4 93.9 418.2 2.3 460.0 -1.9 wheat 0
901.7 177.6 853.9 203.8 819.0 139.9 866.8 113.7 wheat 0
921.7 83.6 965.7 83.6 965.7 207.6 921.7 207.6 wheat 0
982.7 107.6 1018.7 107.6 1018.7 184.6 982.7 184.6 wheat 0
966.7 295.6 1020.7 295.6 1020.7 430.6 966.7 430.6 wheat 0
748.2 239.5 799.3 274.5 777.3 306.7 726.1 271.7 wheat 0
687.9 120.5 723.8 140.2 694.6 193.7 658.6 174.1 wheat 0
774.8 26.9 808.3 55.1 744.8 130.4 711.4 102.2 wheat 0
656.7 332.6 691.7 332.6 691.7 361.6 656.7 361.6 wheat 0
288.7 511.6 250.4 515.5 243.9 450.9 282.3 447.0 wheat 0
