629.8 804.5 346.9 861.9 334.2 798.9 617.1 741.5 wheat 0
634.1 535.5 387.3 639.8 368.5 595.4 615.3 491.1 wheat 0
835.1 474.5 733.5 544.0 702.1 498.0 803.6 428.5 wheat 0
826.2 620.0 981.1 685.5 961.8 731.2 806.9 665.7 wheat 0
972.1 530.5 1024.0 530.5 1024.0 718.3 972.1 718.3 wheat 0
857.1 557.5 1023.1 557.5 1023.1 602.5 857.1 602.5 wheat 0
768.1 318.5 703.7 338.4 680.8 264.4 745.2 244.5 wheat 0
987.1 312.5 837.0 394.5 806.4 338.7 956.6 256.7 wheat 0
748.7 143.0 973.1 265.5 943.1 320.3 718.8 197.8 wheat 0
918.2 196.2 858.5 228.8 809.5 139.2 869.2 106.6 wheat 0
347.7 86.7 557.1 151.5 540.9 203.9 331.5 139.1 wheat 0
253.2 177.8 390.1 191.5 385.2 240.4 248.3 226.7 wheat 0
155.0 206.5 214.5 218.5 197.1 304.5 137.6 292.4 wheat 0
373.1 517.5 325.7 543.4 238.0 382.9 285.4 357.0 wheat 0
332.8 549.1 242.0 625.5 205.2 581.7 295.9 505.3 wheat 0
354.2 566.6 405.5 601.7 331.1 710.5 279.8 675.4 wheat 0
684.1 723.5 580.8 744.5 569.1 686.9 672.4 665.9 wheat 0
766.1 443.5 482.3 501.0 471.8 449.3 755.6 391.8 wheat 0
621.5 296.1 658.3 334.0 458.1 528.5 421.2 490.6 wheat 0
511.1 415.5 464.5 454.8 370.7 343.4 417.3 304.2 wheat 0
274.6 354.4 497.1 448.5 475.0 500.6 252.5 406.5 wheat 0
712.1 319.0 907.1 338.5 902.6 383.0 707.7 363.4 wheat 0
443.1 906.5 381.5 925.6 335.7 777.4 397.2 758.3 wheat 0
762.1 1000.5 708.1 1023.3 594.4 754.4 648.4 731.6 wheat 0
269.1 994.8 202.3 1023.0 102.0 785.8 168.8 757.6 wheat 0
149.1 767.5 104.6 791.8 36.5 667.1 80.9 642.8 wheat 0
106.1 961.5 173.1 961.5 173.1 1022.5 106.1 1022.5 wheat 0
42.1 144.5 102.1 144.5 102.1 316.5 42.1 316.5 wheat 0
