767.1 145.5 816.1 145.5 816.1 334.5 767.1 334.5 wheat 0
878.1 197.5 922.1 197.5 922.1 294.5 878.1 294.5 wheat 0
540.1 475.5 494.4 489.6 458.3 372.9 503.9 358.7 wheat 0
454.6 441.5 491.9 445.2 484.1 523.5 446.7 519.8 wheat 0
478.1 445.5 517.1 445.5 517.1 526.5 478.1 526.5 wheat 0
545.2 533.2 592.2 537.9 584.1 618.5 537.1 613.8 wheat 0
660.8 500.9 739.5 554.8 715.1 590.5 636.4 536.7 wheat 0
710.2 462.7 826.0 486.2 818.1 525.5 702.2 502.0 wheat 0
840.1 480.5 796.4 499.0 767.7 431.0 811.3 412.6 wheat 0
897.1 230.5 838.3 270.7 809.3 228.3 868.0 188.1 wheat 0
475.0 128.0 521.4 132.7 514.1 205.5 467.7 200.9 wheat 0
264.1 231.5 219.3 240.6 197.9 135.2 242.7 126.1 wheat 0
293.1 43.2 335.8 51.8 321.1 124.5 278.4 115.9 wheat 0
158.1 105.5 117.1 113.8 101.3 35.9 142.3 27.6 wheat 0
124.1 104.5 88.6 115.5 71.2 59.4 106.7 48.4 wheat 0
135.1 171.5 105.5 191.7 54.2 116.8 83.8 96.6 wheat 0
279.1 586.5 343.1 586.5 343.1 631.5 279.1 631.5 wheat 0
324.2 675.7 369.5 680.3 358.1 794.5 312.7 790.0 wheat 0
98.1 743.5 72.6 783.2 14.6 745.9 40.0 706.3 wheat 0
19.4 814.1 123.8 871.1 105.1 905.5 0.6 848.4 wheat 0
118.2 828.2 249.1 883.5 233.5 920.2 102.7 864.9 wheat 0
194.1 748.5 167.5 782.0 105.4 732.7 132.0 699.2 wheat 0
74.1 627.5 118.1 627.5 118.1 692.5 74.1 692.5 wheat 0
152.1 312.5 119.0 335.2 82.8 282.3 115.9 259.6 wheat 0
75.1 539.5 151.1 539.5 151.1 578.5 75.1 578.5 wheat 0
151.1 565.5 259.1 565.5 259.1 593.5 151.1 593.5 wheat 0
195.1 530.5 235.1 530.5 235.1 573.5 195.1 573.5 wheat 0
679.1 679.5 725.1 679.5 725.1 741.5 679.1 741.5 wheat 0
699.6 773.1 742.5 796.6 707.1 861.5 664.2 838.1 wheat 0
592.3 690.3 629.0 715.3 572.1 798.5 535.4 773.5 wheat 0
550.1 574.5 501.0 584.5 487.5 518.0 536.6 508.0 wheat 0
658.9 414.5 726.1 460.5 700.6 497.8 633.4 451.8 wheat 0
988.0 578.5 948.1 582.5 944.1 543.4 984.1 539.4 wheat 0
942.1 670.1 990.3 685.0 978.1 724.5 929.9 709.6 wheat 0
761.4 849.4 799.8 870.3 775.1 915.5 736.7 894.6 wheat 0
232.1 221.5 178.1 244.3 129.9 130.3 183.9 107.5 wheat 0
432.1 817.5 487.1 817.5 487.1 859.5 432.1 859.5 wheat 0
475.1 925.5 521.1 925.5 521.1 961.5 475.1 961.5 wheat 0
207.1 954.5 247.1 954.5 247.1 982.5 207.1 982.5 wheat 0
820.1 594.5 869.1 594.5 869.1 636.5 820.1 636.5 wheat 0
