445.1 96.0 497.1 112.1 455.7 245.6 403.8 229.5 wheat 0
394.7 229.6 357.5 261.0 299.5 192.1 336.7 160.7 wheat 0
197.7 241.6 257.7 241.6 257.7 303.6 197.7 303.6 wheat 0
152.2 152.3 192.5 174.4 163.3 227.9 122.9 205.9 wheat 0
281.7 554.6 209.3 561.9 195.5 424.1 267.9 416.9 wheat 0
554.2 57.3 605.4 92.3 565.3 150.9 514.1 115.9 wheat 0
628.8 38.7 662.6 61.8 619.7 124.6 585.9 101.4 wheat 0
713.3 112.1 621.1 162.5 595.2 115.1 687.4 64.8 wheat 0
585.7 164.6 670.7 164.6 670.7 206.6 585.7 206.6 wheat 0
594.7 510.6 546.1 543.9 496.6 471.4 545.2 438.2 wheat 0
440.9 640.1 481.7 691.6 443.9 721.6 403.0 670.1 wheat 0
130.0 728.0 170.4 762.0 122.7 818.6 82.3 784.6 wheat 0
101.7 988.6 65.8 1008.2 16.8 918.4 52.7 898.8 wheat 0
405.7 966.6 307.5 1008.2 285.3 955.8 383.6 914.2 wheat 0
524.7 880.6 424.9 948.9 390.0 897.9 489.8 829.6 wheat 0
632.5 657.7 748.1 706.6 725.7 759.6 610.1 710.7 wheat 0
816.8 529.1 864.3 549.2 805.7 687.6 758.3 667.5 wheat 0
918.7 839.6 784.7 853.1 779.1 797.0 913.1 783.6 wheat 0
718.6 321.4 828.7 381.6 800.2 433.9 690.0 373.7 wheat 0
937.7 307.6 822.3 331.0 813.9 289.8 929.4 266.4 wheat 0
846.5 156.8 1004.7 172.7 1000.0 219.4 841.8 203.6 wheat 0
1022.4 442.2 983.7 474.7 936.1 418.2 974.7 385.6 wheat 0
