345.9 545.6 520.0 580.9 511.7 621.6 337.6 586.3 wheat 0
286.9 716.5 244.7 769.6 157.9 700.7 200.0 647.6 wheat 0
433.3 787.6 321.7 848.6 297.7 804.7 409.3 743.7 wheat 0
406.2 774.8 290.7 823.6 272.5 780.5 388.0 731.7 wheat 0
517.1 779.9 468.7 820.6 423.9 767.4 472.2 726.7 wheat 0
218.7 897.6 94.0 936.2 75.0 874.8 199.7 836.2 wheat 0
252.3 833.5 174.2 876.1 152.2 835.8 230.3 793.1 wheat 0
157.2 806.7 82.6 838.2 61.2 787.6 135.8 756.0 wheat 0
3.7 733.6 52.7 733.6 52.7 796.6 3.7 796.6 wheat 0
240.8 949.3 117.9 1016.4 88.7 962.9 211.5 895.8 wheat 0
599.7 1011.6 495.8 1022.0 490.5 968.8 594.4 958.4 wheat 0
600.3 891.2 564.9 902.1 552.2 861.0 587.6 850.1 wheat 0
856.9 742.0 777.6 766.5 759.6 708.2 838.9 683.7 wheat 0
723.3 678.5 800.7 711.3 778.1 764.7 700.8 732.0 wheat 0
729.7 731.8 655.1 739.3 650.8 696.5 725.4 689.0 wheat 0
770.9 617.4 653.3 681.6 636.5 650.9 754.1 586.6 wheat 0
876.0 771.1 928.9 787.4 887.7 920.6 834.8 904.2 wheat 0
876.8 892.8 936.5 898.8 928.6 977.4 868.9 971.4 wheat 0
946.7 888.6 1023.7 888.6 1023.7 955.6 946.7 955.6 wheat 0
981.8 641.0 929.7 694.6 791.3 560.1 843.3 506.5 wheat 0
1012.0 473.9 1009.7 551.6 924.1 549.1 926.4 471.4 wheat 0
538.1 315.8 627.2 376.9 587.7 434.6 498.5 373.6 wheat 0
763.2 290.5 641.0 328.3 621.5 265.4 743.7 227.6 wheat 0
970.0 296.6 921.7 329.6 818.6 178.8 866.8 145.8 wheat 0
779.4 104.2 831.0 126.0 806.1 185.0 754.5 163.2 wheat 0
783.5 19.5 944.8 69.4 923.7 137.6 762.4 87.7 wheat 0
567.4 204.3 524.2 248.8 448.1 174.9 491.3 130.5 wheat 0
398.8 15.6 514.3 94.6 476.7 149.6 361.2 70.6 wheat 0
551.2 119.1 310.7 283.6 271.0 225.5 511.4 61.0 wheat 0
203.2 127.9 333.2 168.1 314.2 229.3 184.3 189.1 wheat 0
185.7 266.6 339.7 266.6 339.7 337.6 185.7 337.6 wheat 0
32.8 145.5 165.5 201.6 136.6 269.7 4.0 213.7 wheat 0
238.1 173.2 196.3 216.2 31.0 55.6 72.7 12.6 wheat 0
81.7 122.6 137.7 122.6 137.7 171.6 81.7 171.6 wheat 0
174.5 23.3 233.6 35.2 222.7 88.6 163.7 76.6 wheat 0
