360.5 624.8 398.7 645.7 361.1 714.5 322.9 693.7 wheat 0
321.1 760.5 276.4 765.0 268.2 683.9 312.9 679.4 wheat 0
389.1 840.5 344.7 845.0 338.0 778.3 382.4 773.8 wheat 0
11.1 336.5 53.1 336.5 53.1 392.5 11.1 392.5 wheat 0
97.1 369.5 172.1 369.5 172.1 406.5 97.1 406.5 wheat 0
243.1 386.9 274.6 404.1 253.1 443.5 221.6 426.3 wheat 0
407.1 428.5 338.7 457.4 300.9 368.0 369.3 339.1 wheat 0
537.1 402.5 502.8 431.3 444.5 362.1 478.7 333.2 wheat 0
549.1 252.5 508.5 294.3 472.9 259.7 513.5 217.9 wheat 0
434.1 247.5 395.1 255.4 373.4 148.2 412.3 140.3 wheat 0
307.1 125.5 352.1 125.5 352.1 217.5 307.1 217.5 wheat 0
317.1 295.5 273.8 308.9 242.7 208.2 285.9 194.8 wheat 0
68.6 266.7 139.1 296.5 118.1 346.0 47.6 316.2 wheat 0
128.0 264.6 73.1 275.7 66.1 241.4 121.0 230.3 wheat 0
600.0 419.9 625.1 422.4 620.1 472.5 595.0 470.0 wheat 0
609.9 371.5 670.1 377.5 666.5 413.2 606.3 407.2 wheat 0
743.1 305.5 623.0 317.6 618.9 276.4 738.9 264.4 wheat 0
700.1 258.5 659.4 262.6 650.0 169.1 690.7 165.0 wheat 0
553.3 136.3 587.8 147.0 574.1 191.5 539.5 180.8 wheat 0
883.1 223.5 827.9 280.3 797.0 250.4 852.2 193.6 wheat 0
909.1 281.5 861.2 296.3 851.0 263.5 898.9 248.7 wheat 0
870.5 325.6 933.6 331.9 929.1 377.5 865.9 371.2 wheat 0
931.1 104.5 862.9 151.2 837.2 113.7 905.4 67.0 wheat 0
533.8 613.1 573.1 634.5 543.2 689.1 504.0 667.7 wheat 0
701.1 786.5 636.4 840.9 613.2 813.3 677.8 758.9 wheat 0
718.1 857.5 679.2 873.9 662.3 833.9 701.1 817.5 wheat 0
658.1 957.5 626.3 984.2 580.4 929.7 612.1 902.9 wheat 0
885.1 911.5 927.1 911.5 927.1 976.5 885.1 976.5 wheat 0
384.1 921.5 346.2 937.5 323.1 883.0 361.0 867.0 wheat 0
288.2 924.5 325.5 932.1 317.1 973.5 279.8 966.0 wheat 0
323.1 988.5 271.7 1016.6 255.3 986.6 306.7 958.5 wheat 0
253.1 860.5 199.3 877.1 190.9 849.7 244.6 833.1 wheat 0
155.1 898.5 115.1 906.6 106.4 863.8 146.4 855.7 wheat 0
37.1 878.5 84.1 878.5 84.1 919.5 37.1 919.5 wheat 0
438.1 696.5 413.7 717.0 377.8 674.3 402.1 653.8 wheat 0
