474.3 115.7 514.1 127.5 450.6 340.2 410.8 328.4 wheat 0
504.2 140.3 541.0 151.7 502.1 277.5 465.3 266.1 wheat 0
507.1 15.5 545.1 15.5 545.1 174.5 507.1 174.5 wheat 0
535.8 172.3 571.1 183.2 532.1 309.5 496.8 298.6 wheat 0
574.0 10.8 615.0 19.1 582.1 181.5 541.0 173.2 wheat 0
598.4 42.2 633.0 49.2 609.1 167.5 574.4 160.5 wheat 0
663.7 94.1 696.4 100.7 667.1 245.5 634.4 238.9 wheat 0
611.5 216.9 634.1 232.3 495.1 435.5 472.5 420.0 wheat 0
584.0 288.1 609.6 305.6 520.1 436.5 494.5 419.0 wheat 0
621.6 300.4 655.5 307.3 623.1 467.5 589.1 460.6 wheat 0
602.1 531.5 451.4 595.2 433.7 553.4 584.4 489.7 wheat 0
705.9 590.1 600.1 662.5 573.4 623.5 679.2 551.1 wheat 0
569.1 669.5 485.4 726.7 474.2 710.4 557.9 653.2 wheat 0
892.8 373.9 864.1 477.5 832.3 468.7 861.0 365.1 wheat 0
1006.8 406.4 958.1 456.5 930.1 429.3 978.8 379.2 wheat 0
921.4 501.2 949.9 510.0 920.1 606.5 891.5 597.7 wheat 0
679.1 184.3 704.3 205.5 631.1 292.5 605.9 271.3 wheat 0
1012.1 141.5 977.8 144.9 970.0 66.3 1004.2 62.9 wheat 0
335.9 53.0 366.6 59.2 343.1 175.5 312.4 169.3 wheat 0
452.6 468.2 485.9 496.2 382.1 619.5 348.8 591.5 wheat 0
875.2 202.5 916.1 215.2 876.1 344.5 835.1 331.9 wheat 0
764.0 74.4 808.9 78.9 797.1 196.5 752.2 192.0 wheat 0
