582.9 370.9 619.4 390.8 551.7 514.6 515.3 494.7 wheat 0
693.2 374.7 719.4 401.7 624.7 493.6 598.5 466.6 wheat 0
733.9 388.2 766.8 402.1 724.7 501.6 691.8 487.7 wheat 0
534.9 606.4 660.3 619.0 656.6 655.8 531.2 643.2 wheat 0
525.2 557.4 462.5 563.7 459.2 530.8 521.9 524.6 wheat 0
420.5 567.3 386.4 581.7 345.9 485.9 380.0 471.5 wheat 0
421.7 442.6 385.4 462.5 352.6 402.4 388.9 382.6 wheat 0
303.2 362.2 347.5 399.5 324.3 427.1 280.0 389.7 wheat 0
243.9 520.3 211.4 538.1 184.6 488.9 217.0 471.2 wheat 0
262.7 658.6 220.8 676.4 162.6 538.6 204.5 520.9 wheat 0
301.7 635.0 337.0 642.2 317.7 737.2 282.5 730.1 wheat 0
330.7 686.7 373.9 695.4 364.7 740.5 321.6 731.8 wheat 0
871.7 626.6 768.9 658.4 758.8 625.7 861.6 593.9 wheat 0
788.5 681.6 809.7 714.6 783.0 731.8 761.8 698.7 wheat 0
725.9 791.9 694.1 795.1 687.6 730.4 719.4 727.2 wheat 0
634.1 680.2 664.0 689.5 654.7 719.6 624.8 710.3 wheat 0
540.6 748.3 572.0 774.8 555.9 793.9 524.5 767.5 wheat 0
576.5 778.6 597.9 796.6 565.0 835.6 543.6 817.6 wheat 0
462.3 891.9 489.0 910.1 468.7 939.6 442.1 921.4 wheat 0
393.7 940.6 460.7 940.6 460.7 976.6 393.7 976.6 wheat 0
533.2 929.3 597.5 935.8 593.7 973.6 529.4 967.2 wheat 0
748.4 957.3 783.4 972.1 763.1 1020.0 728.1 1005.2 wheat 0
918.5 863.6 862.7 874.9 855.9 841.6 911.8 830.3 wheat 0
961.3 731.1 988.5 749.7 951.2 804.2 924.0 785.5 wheat 0
993.0 538.4 1023.2 551.2 988.7 632.6 958.6 619.9 wheat 0
882.7 453.0 898.7 469.5 857.8 509.2 841.8 492.7 wheat 0
915.5 348.5 948.8 371.3 900.7 441.6 867.4 418.8 wheat 0
959.7 332.6 990.7 332.6 990.7 432.6 959.7 432.6 wheat 0
785.4 411.7 805.3 413.7 800.1 465.5 780.2 463.5 wheat 0
849.3 432.2 825.4 434.6 816.2 343.0 840.1 340.6 wheat 0
773.2 301.3 805.1 307.7 790.7 378.6 758.8 372.1 wheat 0
893.0 338.3 848.9 347.2 831.4 261.0 875.5 252.0 wheat 0
961.6 246.3 979.7 274.6 890.7 331.8 872.6 303.5 wheat 0
349.7 248.6 391.7 248.6 391.7 311.6 349.7 311.6 wheat 0
439.7 223.6 406.8 241.6 383.1 198.2 416.1 180.3 wheat 0
571.3 122.6 630.9 147.8 615.7 183.6 556.1 158.4 wheat 0
655.0 154.5 614.2 158.5 609.5 111.8 650.3 107.7 wheat 0
600.0 2.1 654.5 7.6 643.3 120.1 588.7 114.6 wheat 0
730.4 68.6 750.9 108.7 692.0 138.6 671.6 98.5 wheat 0
792.2 51.8 747.1 70.9 734.2 40.5 779.4 21.4 wheat 0
859.6 4.8 888.4 24.6 848.9 82.4 820.0 62.6 wheat 0
840.3 110.4 874.6 117.3 856.7 205.6 822.4 198.7 wheat 0
787.7 178.3 817.5 194.6 787.8 249.0 758.0 232.7 wheat 0
808.2 210.1 830.3 219.4 809.3 269.2 787.2 259.8 wheat 0
737.5 215.8 682.8 221.3 678.9 182.5 733.7 177.0 wheat 0
969.0 203.4 928.2 207.5 921.5 140.8 962.3 136.7 wheat 0
901.3 177.7 923.7 212.7 839.7 266.6 817.3 231.7 wheat 0
977.7 231.6 1003.7 231.6 1003.7 307.6 977.7 307.6 wheat 0
115.0 513.8 146.0 539.9 79.7 618.6 48.7 592.5 wheat 0
48.0 661.7 78.4 674.5 34.4 778.6 4.0 765.7 wheat 0
146.7 698.6 198.7 698.6 198.7 738.6 146.7 738.6 wheat 0
89.5 835.2 120.4 838.3 115.0 892.0 84.1 888.9 wheat 0
155.7 911.6 199.7 911.6 199.7 960.6 155.7 960.6 wheat 0
124.7 176.6 81.8 194.8 34.3 82.5 77.3 64.3 wheat 0
275.8 47.4 307.1 60.6 273.6 139.8 242.3 126.6 wheat 0
325.8 59.4 355.6 62.4 345.7 160.9 315.9 157.9 wheat 0
272.4 278.4 241.1 291.6 215.0 229.9 246.3 216.6 wheat 0
185.0 -1.6 222.7 14.4 165.5 149.8 127.7 133.8 wheat 0
63.0 426.3 36.6 440.7 4.5 381.9 30.8 367.5 wheat 0
10.7 331.6 39.7 331.6 39.7 363.6 10.7 363.6 wheat 0
420.6 660.2 384.4 667.6 369.9 596.0 406.1 588.7 wheat 0
432.9 9.1 464.3 15.5 450.6 83.1 419.2 76.7 wheat 0
77.2 75.9 47.3 78.9 40.3 9.3 70.2 6.3 wheat 0
71.7 431.5 97.6 434.1 91.8 491.8 65.9 489.2 wheat 0
746.8 302.8 769.7 338.6 699.0 384.1 676.0 348.3 wheat 0
