640.3 192.0 713.3 192.0 713.3 324.0 640.3 324.0 wheat 0
729.1 332.7 766.1 370.8 696.5 438.3 659.6 400.3 wheat 0
774.1 521.3 705.0 550.5 683.6 499.8 752.6 470.6 wheat 0
310.5 442.2 344.7 485.3 267.1 546.9 233.0 503.8 wheat 0
157.5 308.6 220.2 321.4 201.1 415.4 138.4 402.7 wheat 0
191.3 276.2 138.5 281.5 130.4 199.9 183.1 194.6 wheat 0
122.7 346.1 39.4 363.0 28.9 311.0 112.2 294.1 wheat 0
117.3 543.9 148.6 605.4 68.4 646.2 37.1 584.7 wheat 0
212.3 727.0 295.3 727.0 295.3 780.0 212.3 780.0 wheat 0
208.2 877.6 154.3 923.0 94.3 851.8 148.2 806.4 wheat 0
31.3 826.8 136.6 884.3 109.3 934.3 4.0 876.8 wheat 0
582.3 810.1 656.8 833.1 636.4 899.0 561.9 876.0 wheat 0
484.3 936.0 555.3 936.0 555.3 996.0 484.3 996.0 wheat 0
876.6 688.2 815.8 700.5 802.1 632.9 862.8 620.6 wheat 0
739.6 776.8 820.8 801.9 804.0 856.3 722.8 831.2 wheat 0
885.8 872.7 979.7 924.0 953.8 971.4 859.9 920.1 wheat 0
797.8 902.9 892.8 922.1 883.9 966.2 788.8 947.0 wheat 0
902.3 828.0 952.3 828.0 952.3 885.0 902.3 885.0 wheat 0
376.8 304.3 325.0 309.5 317.9 237.8 369.6 232.6 wheat 0
