413.4 726.2 369.7 730.6 358.4 617.7 402.1 613.3 wheat 0
344.8 430.5 390.7 455.6 311.0 601.6 265.1 576.5 wheat 0
50.7 427.6 109.7 427.6 109.7 542.6 50.7 542.6 wheat 0
673.3 905.9 824.4 952.6 810.7 996.6 659.7 949.9 wheat 0
809.4 880.5 884.4 943.6 855.7 977.6 780.8 914.5 wheat 0
769.2 739.2 821.4 793.0 781.3 832.0 729.0 778.2 wheat 0
913.2 807.3 1023.3 882.6 1000.7 915.6 890.6 840.3 wheat 0
658.7 551.6 731.7 551.6 731.7 589.6 658.7 589.6 wheat 0
890.2 921.9 927.8 942.5 885.4 1020.2 847.7 999.6 wheat 0
496.7 227.6 322.6 245.1 318.2 201.5 492.4 184.0 wheat 0
760.0 173.6 854.0 213.3 845.4 233.6 751.5 193.9 wheat 0
947.0 220.7 1021.7 252.3 1009.5 281.2 934.7 249.6 wheat 0
307.7 283.6 356.7 283.6 356.7 310.6 307.7 310.6 wheat 0
290.4 3.8 402.8 65.2 380.7 105.6 268.3 44.2 wheat 0
656.7 59.6 787.7 59.6 787.7 85.6 656.7 85.6 wheat 0
