507.6 429.5 366.5 473.1 350.0 420.0 491.1 376.3 wheat 0
691.6 384.5 583.9 406.3 572.1 348.4 679.8 326.6 wheat 0
483.5 264.4 555.0 271.6 546.6 355.5 475.1 348.3 wheat 0
300.0 270.8 380.7 287.2 371.2 333.9 290.6 317.5 wheat 0
470.6 168.5 518.6 168.5 518.6 244.5 470.6 244.5 wheat 0
535.6 164.5 588.6 164.5 588.6 240.5 535.6 240.5 wheat 0
485.6 33.5 524.6 33.5 524.6 115.5 485.6 115.5 wheat 0
366.6 264.5 444.1 280.2 436.0 320.2 358.5 304.5 wheat 0
393.6 447.5 456.6 447.5 456.6 489.5 393.6 489.5 wheat 0
677.6 451.5 602.1 492.8 583.0 457.8 658.5 416.6 wheat 0
623.6 454.5 713.6 454.5 713.6 483.5 623.6 483.5 wheat 0
639.6 197.5 668.6 197.5 668.6 243.5 639.6 243.5 wheat 0
601.6 196.5 632.6 196.5 632.6 250.5 601.6 250.5 wheat 0
405.6 548.5 473.6 548.5 473.6 593.5 405.6 593.5 wheat 0
413.6 635.5 495.6 635.5 495.6 671.5 413.6 671.5 wheat 0
484.6 676.5 540.6 676.5 540.6 717.5 484.6 717.5 wheat 0
596.6 742.5 642.6 742.5 642.6 874.5 596.6 874.5 wheat 0
545.4 786.4 490.2 816.6 466.7 773.6 522.0 743.4 wheat 0
549.9 822.8 469.6 890.5 436.8 851.6 517.1 783.9 wheat 0
385.8 821.1 424.1 842.0 385.6 912.5 347.3 891.6 wheat 0
560.6 944.5 422.3 1020.1 393.3 967.1 531.6 891.5 wheat 0
