835.1 425.5 757.2 441.3 743.7 374.8 821.6 359.0 wheat 0
970.1 576.5 902.0 590.3 889.4 528.2 957.5 514.4 wheat 0
691.1 818.5 819.1 818.5 819.1 892.5 691.1 892.5 wheat 0
603.1 916.5 704.1 916.5 704.1 1009.5 603.1 1009.5 wheat 0
370.6 773.3 438.5 810.4 387.1 904.5 319.1 867.4 wheat 0
181.1 796.5 255.1 796.5 255.1 856.5 181.1 856.5 wheat 0
383.1 728.5 339.2 773.7 281.1 717.2 324.9 672.1 wheat 0
535.2 535.5 575.1 576.5 518.4 631.5 478.6 590.5 wheat 0
451.1 452.5 522.1 452.5 522.1 549.5 451.1 549.5 wheat 0
182.7 509.9 292.1 532.1 278.1 601.5 168.7 579.3 wheat 0
31.8 469.5 82.8 469.5 82.8 580.7 31.8 580.7 wheat 0
302.1 502.5 227.6 510.0 217.6 410.9 292.1 403.5 wheat 0
351.1 446.5 261.7 455.5 252.0 358.3 341.3 349.4 wheat 0
339.1 211.5 425.1 211.5 425.1 285.5 339.1 285.5 wheat 0
502.1 119.5 381.8 170.4 354.4 105.5 474.6 54.6 wheat 0
691.1 175.5 584.0 265.7 532.4 204.4 639.5 114.2 wheat 0
658.8 0.0 755.1 0.0 755.1 91.5 658.8 91.5 wheat 0
886.1 25.5 973.1 25.5 973.1 91.5 886.1 91.5 wheat 0
815.1 251.5 915.1 251.5 915.1 297.5 815.1 297.5 wheat 0
850.8 202.6 793.1 242.0 772.0 211.2 829.8 171.7 wheat 0
663.7 332.4 724.0 351.0 700.1 428.5 639.8 409.9 wheat 0
586.8 265.5 653.1 293.5 629.4 349.5 563.2 321.5 wheat 0
429.1 326.5 497.1 326.5 497.1 378.5 429.1 378.5 wheat 0
190.3 152.4 249.9 164.5 229.1 267.5 169.4 255.4 wheat 0
347.1 158.5 264.6 243.4 217.7 197.8 300.1 112.9 wheat 0
259.7 192.3 306.3 212.0 279.1 276.5 232.4 256.8 wheat 0
92.3 205.6 176.1 231.5 168.9 254.7 85.2 228.8 wheat 0
571.5 312.2 504.9 348.5 440.5 230.7 507.1 194.4 wheat 0
