815.3 652.4 773.2 687.8 699.2 599.9 741.2 564.4 wheat 0
765.7 772.4 814.7 782.3 799.8 855.8 750.8 845.9 wheat 0
714.8 900.3 797.4 917.0 785.7 974.6 703.1 957.9 wheat 0
588.7 877.6 534.6 888.6 518.8 810.5 572.9 799.6 wheat 0
640.0 880.0 605.9 894.5 582.5 839.2 616.6 824.8 wheat 0
637.6 868.2 689.3 911.7 660.7 945.6 609.1 902.1 wheat 0
595.1 699.7 665.6 759.2 630.7 800.6 560.2 741.2 wheat 0
527.4 878.1 572.0 908.6 520.7 983.6 476.1 953.1 wheat 0
388.7 995.6 348.0 1023.5 294.5 945.3 335.3 917.5 wheat 0
352.7 903.9 422.6 918.1 410.7 976.6 340.9 962.4 wheat 0
259.7 881.6 205.6 904.5 155.2 785.3 209.3 762.4 wheat 0
205.7 838.6 163.5 874.2 91.7 788.9 133.9 753.3 wheat 0
144.7 893.6 182.7 893.6 182.7 966.6 144.7 966.6 wheat 0
180.7 904.2 232.1 920.1 200.7 1021.6 149.3 1005.7 wheat 0
129.9 926.6 72.2 932.4 67.5 885.6 125.2 879.8 wheat 0
154.7 1009.6 102.2 1014.9 95.2 945.2 147.7 939.9 wheat 0
7.7 931.6 106.7 931.6 106.7 981.6 7.7 981.6 wheat 0
865.7 903.6 903.7 903.6 903.7 955.6 865.7 955.6 wheat 0
609.0 363.9 758.6 378.9 752.7 437.6 603.1 422.6 wheat 0
442.7 336.6 488.7 336.6 488.7 486.6 442.7 486.6 wheat 0
391.0 400.0 454.3 419.6 414.7 547.6 351.4 528.0 wheat 0
382.0 318.8 494.3 330.1 489.7 375.6 377.4 364.3 wheat 0
589.7 269.3 638.4 284.3 622.8 335.0 574.0 319.9 wheat 0
624.5 217.7 708.6 275.2 672.7 327.6 588.6 270.1 wheat 0
696.7 192.4 803.7 265.6 771.6 312.5 664.6 239.3 wheat 0
837.9 280.2 877.1 329.7 826.7 369.6 787.5 320.2 wheat 0
882.2 148.4 978.0 229.0 941.5 272.3 845.7 191.6 wheat 0
932.4 121.6 1001.1 128.5 982.0 318.6 913.4 311.7 wheat 0
766.8 115.9 871.3 173.1 849.7 212.6 745.2 155.5 wheat 0
809.5 43.7 854.9 74.8 799.0 156.5 753.6 125.4 wheat 0
441.2 162.9 573.9 204.0 559.7 249.6 427.0 208.6 wheat 0
584.7 192.6 519.6 212.8 507.2 172.7 572.3 152.5 wheat 0
441.7 54.6 335.7 127.1 303.8 80.5 409.8 8.0 wheat 0
324.7 159.0 379.4 164.5 375.8 201.3 321.0 195.8 wheat 0
225.6 122.0 340.8 240.7 299.7 280.6 184.5 162.0 wheat 0
97.4 153.4 179.0 198.0 155.1 241.8 73.4 197.3 wheat 0
132.0 230.6 253.8 242.8 248.7 293.6 126.9 281.4 wheat 0
37.7 206.7 105.6 235.3 84.7 284.6 16.9 255.9 wheat 0
12.7 163.6 65.7 163.6 65.7 259.6 12.7 259.6 wheat 0
47.1 23.4 85.7 39.8 46.4 132.8 7.7 116.5 wheat 0
337.7 95.6 297.8 129.3 223.1 40.6 263.1 7.0 wheat 0
267.7 170.6 340.7 170.6 340.7 216.6 267.7 216.6 wheat 0
