584.9 403.2 511.2 426.0 446.2 215.7 519.9 192.9 wheat 0
428.9 460.2 320.4 471.1 313.8 404.9 422.3 394.0 wheat 0
426.9 395.2 324.4 405.5 317.8 340.2 420.4 329.9 wheat 0
419.9 203.2 363.7 233.9 301.6 120.3 357.9 89.6 wheat 0
668.2 101.8 740.8 116.5 689.9 367.2 617.4 352.5 wheat 0
807.4 214.7 884.7 238.6 818.9 451.2 741.6 427.3 wheat 0
894.5 378.4 951.7 426.5 807.9 597.2 750.8 549.1 wheat 0
855.2 530.4 917.0 549.6 867.9 708.2 806.1 689.1 wheat 0
555.0 571.7 722.6 642.6 691.9 715.2 524.3 644.3 wheat 0
95.9 671.2 242.9 671.2 242.9 742.2 95.9 742.2 wheat 0
454.7 616.6 244.9 731.2 209.8 666.9 419.6 552.3 wheat 0
344.7 670.0 418.3 701.2 323.9 924.2 250.4 893.1 wheat 0
374.3 665.2 527.9 730.2 502.7 789.9 349.0 725.0 wheat 0
489.9 925.2 664.9 925.2 664.9 997.2 489.9 997.2 wheat 0
831.5 782.5 917.5 800.0 893.9 916.2 808.0 898.8 wheat 0
715.3 623.5 782.1 637.1 740.9 840.2 674.2 826.7 wheat 0
68.9 937.2 154.9 937.2 154.9 1017.2 68.9 1017.2 wheat 0
1022.5 622.7 959.9 649.2 906.9 523.6 969.5 497.2 wheat 0
788.6 110.1 836.1 150.1 697.9 314.2 650.4 274.2 wheat 0
677.9 202.2 548.9 256.8 524.5 199.2 653.6 144.7 wheat 0
