666.7 813.6 736.7 813.6 736.7 863.6 666.7 863.6 wheat 0
677.7 888.6 771.7 888.6 771.7 930.6 677.7 930.6 wheat 0
819.6 758.3 850.7 797.6 793.7 842.9 762.5 803.6 wheat 0
924.7 710.6 846.1 735.0 832.2 690.3 910.9 666.0 wheat 0
1023.7 794.6 895.9 807.4 891.3 762.2 1019.2 749.4 wheat 0
1017.7 852.6 917.7 862.6 913.5 820.0 1013.5 810.0 wheat 0
839.7 396.6 936.7 396.6 936.7 441.6 839.7 441.6 wheat 0
921.2 351.9 1000.6 376.4 984.7 427.6 905.3 403.1 wheat 0
767.9 951.8 797.0 976.3 761.6 1018.4 732.5 993.9 wheat 0
750.7 95.6 803.7 95.6 803.7 170.6 750.7 170.6 wheat 0
848.7 194.6 766.9 219.9 755.9 184.5 837.8 159.2 wheat 0
1000.5 90.4 1023.7 106.3 968.7 186.6 945.5 170.8 wheat 0
912.7 11.1 947.6 47.0 888.7 104.1 853.9 68.2 wheat 0
810.2 15.3 845.7 39.6 798.0 109.3 762.5 85.0 wheat 0
980.7 170.6 1023.7 170.6 1023.7 210.6 980.7 210.6 wheat 0
10.9 665.1 103.4 674.4 99.6 712.2 7.1 702.9 wheat 0
419.0 843.1 456.2 850.7 450.5 879.1 413.2 871.6 wheat 0
