615.7 387.6 483.4 459.9 460.9 418.6 593.2 346.3 wheat 0
475.0 424.4 580.5 435.0 576.4 475.8 471.0 465.2 wheat 0
509.6 408.2 450.8 420.1 441.9 376.0 500.7 364.1 wheat 0
558.5 356.3 513.9 386.8 449.0 291.9 493.6 261.4 wheat 0
761.7 450.6 664.9 480.6 647.8 425.1 744.6 395.2 wheat 0
709.7 532.6 633.1 574.5 589.9 495.3 666.5 453.4 wheat 0
523.1 584.5 586.8 597.4 579.4 633.7 515.7 620.8 wheat 0
424.7 655.6 382.0 684.8 341.1 624.9 383.7 595.7 wheat 0
697.3 764.7 814.9 829.0 787.7 878.6 670.2 814.4 wheat 0
895.7 805.6 828.2 834.2 809.5 790.0 877.1 761.5 wheat 0
959.5 359.6 1023.4 413.5 994.7 447.6 930.7 393.7 wheat 0
964.7 454.6 926.9 458.4 920.7 396.7 958.5 392.9 wheat 0
783.6 315.0 729.2 344.7 691.8 276.3 746.2 246.5 wheat 0
758.5 185.1 807.0 190.0 796.7 292.6 748.2 287.7 wheat 0
717.7 108.6 762.7 108.6 762.7 176.6 717.7 176.6 wheat 0
662.7 223.6 612.7 265.8 530.7 168.4 580.7 126.2 wheat 0
407.0 102.0 454.3 134.3 374.7 250.6 327.5 218.3 wheat 0
388.5 177.7 331.8 183.4 328.0 145.6 384.7 139.9 wheat 0
99.6 4.2 174.1 27.2 159.9 73.1 85.4 50.0 wheat 0
150.5 243.7 271.3 281.1 250.7 347.6 129.9 310.2 wheat 0
158.3 308.2 203.1 338.9 169.7 387.6 124.9 357.0 wheat 0
234.7 411.6 174.8 423.8 164.4 372.6 224.4 360.4 wheat 0
380.5 391.7 297.2 408.6 288.0 363.5 371.3 346.6 wheat 0
334.0 401.5 405.7 408.7 400.7 458.6 329.0 451.4 wheat 0
316.2 563.2 269.2 572.8 257.3 514.0 304.3 504.4 wheat 0
412.3 808.0 563.5 890.6 537.2 938.5 386.1 856.0 wheat 0
969.6 841.3 1000.4 844.4 992.9 919.0 962.1 915.9 wheat 0
741.7 537.6 847.7 537.6 847.7 581.6 741.7 581.6 wheat 0
107.7 764.6 46.3 816.4 6.1 768.7 67.6 716.9 wheat 0
99.3 422.9 63.8 467.5 0.7 417.4 36.1 372.8 wheat 0
219.2 458.3 95.8 470.7 92.2 434.9 215.6 422.5 wheat 0
