553.6 397.5 620.6 397.5 620.6 501.5 553.6 501.5 wheat 0
655.1 555.7 725.6 585.5 702.4 640.2 632.0 610.4 wheat 0
697.2 643.1 823.6 696.5 797.1 759.0 670.8 705.6 wheat 0
956.7 693.8 1019.8 747.0 986.6 786.5 923.4 733.3 wheat 0
948.1 649.5 1021.9 672.3 1007.3 719.3 933.6 696.5 wheat 0
933.2 452.4 992.0 477.3 951.4 573.4 892.6 548.5 wheat 0
736.2 370.9 791.6 417.5 700.1 526.1 644.8 479.4 wheat 0
358.6 542.5 302.9 548.1 294.2 461.2 349.8 455.6 wheat 0
425.6 525.5 368.5 543.2 340.3 452.0 397.4 434.4 wheat 0
497.6 710.5 441.1 734.4 392.6 619.7 449.1 595.8 wheat 0
616.6 760.5 486.1 773.6 481.0 722.2 611.4 709.1 wheat 0
477.6 763.3 415.6 815.5 387.5 782.2 449.6 730.0 wheat 0
508.6 917.5 570.6 917.5 570.6 999.5 508.6 999.5 wheat 0
588.6 862.5 665.6 862.5 665.6 965.5 588.6 965.5 wheat 0
719.1 846.6 771.6 851.9 758.6 981.5 706.0 976.2 wheat 0
832.0 818.5 891.8 859.3 796.6 998.5 736.8 957.6 wheat 0
925.6 997.5 870.4 1008.7 845.1 883.8 900.2 872.6 wheat 0
348.6 889.3 414.5 895.9 402.6 1014.5 336.7 1007.9 wheat 0
194.8 778.0 230.1 822.5 140.6 893.5 105.3 849.0 wheat 0
418.6 407.5 380.2 439.9 321.5 370.2 359.9 337.8 wheat 0
457.1 276.7 502.6 301.6 424.6 444.5 379.0 419.6 wheat 0
404.1 412.6 473.6 450.5 451.1 491.7 381.7 453.7 wheat 0
337.1 250.7 431.9 290.8 410.4 341.6 315.6 301.5 wheat 0
254.0 214.3 293.5 235.9 260.0 297.1 220.6 275.5 wheat 0
257.4 84.1 317.5 109.5 296.6 158.9 236.6 133.5 wheat 0
361.1 12.6 508.0 136.3 461.6 191.5 314.6 67.8 wheat 0
472.4 161.6 543.2 200.3 478.6 318.5 407.8 279.9 wheat 0
620.0 123.0 680.0 129.0 673.6 193.5 613.6 187.5 wheat 0
807.6 166.5 746.4 185.4 722.7 108.8 783.8 89.9 wheat 0
593.2 50.7 631.7 90.5 591.6 129.5 553.0 89.8 wheat 0
479.6 15.5 527.6 15.5 527.6 90.5 479.6 90.5 wheat 0
532.4 442.7 571.6 464.1 532.6 535.5 493.4 514.1 wheat 0
