110.3 336.2 77.5 339.5 74.5 309.6 107.3 306.3 wheat 0
111.6 340.3 171.0 358.7 158.9 397.9 99.5 379.5 wheat 0
98.3 443.7 67.9 449.8 64.5 433.2 94.9 427.0 wheat 0
25.8 464.7 59.1 468.0 56.9 489.9 23.6 486.6 wheat 0
114.9 433.2 151.2 440.5 146.9 461.9 110.6 454.5 wheat 0
197.0 294.5 164.8 316.5 129.8 265.3 162.0 243.3 wheat 0
244.0 322.4 213.3 339.2 188.8 294.4 219.5 277.6 wheat 0
254.0 364.5 301.5 374.1 295.9 401.9 248.3 392.3 wheat 0
331.6 293.1 302.7 312.9 277.3 275.7 306.2 256.0 wheat 0
356.5 362.1 323.7 365.4 318.3 311.7 351.1 308.4 wheat 0
404.8 345.8 379.2 363.3 338.0 303.0 363.6 285.5 wheat 0
403.7 310.8 436.6 324.7 420.9 361.9 387.9 348.0 wheat 0
513.9 303.9 545.9 303.9 545.9 343.9 513.9 343.9 wheat 0
542.9 388.9 514.1 408.6 497.9 385.0 526.7 365.3 wheat 0
590.9 388.9 558.0 395.6 548.9 350.4 581.8 343.8 wheat 0
666.9 320.9 640.7 329.0 629.9 294.2 656.1 286.1 wheat 0
698.8 320.7 727.9 340.6 698.9 382.9 669.8 363.0 wheat 0
721.8 325.6 758.1 341.0 742.9 376.9 706.6 361.6 wheat 0
820.5 340.3 790.7 343.3 787.3 309.5 817.1 306.5 wheat 0
780.4 349.0 815.9 356.2 810.9 380.9 775.4 373.7 wheat 0
854.4 263.3 892.6 271.0 882.9 318.9 844.7 311.2 wheat 0
896.9 352.9 863.4 367.1 846.1 326.2 879.6 312.0 wheat 0
839.3 364.1 868.0 379.8 849.9 412.9 821.2 397.2 wheat 0
857.4 476.9 828.8 489.0 819.5 466.9 848.0 454.8 wheat 0
910.9 482.9 948.9 482.9 948.9 508.9 910.9 508.9 wheat 0
945.8 367.0 974.3 379.1 962.9 405.9 934.4 393.9 wheat 0
991.1 384.0 1016.4 401.4 996.9 429.9 971.6 412.6 wheat 0
890.7 973.6 920.5 986.2 907.9 1015.9 878.1 1003.3 wheat 0
458.9 914.9 479.9 914.9 479.9 945.9 458.9 945.9 wheat 0
438.9 951.9 483.9 951.9 483.9 977.9 438.9 977.9 wheat 0
360.2 916.4 376.8 919.8 372.7 940.4 356.0 937.0 wheat 0
312.1 956.4 333.7 978.7 292.8 1018.4 271.2 996.2 wheat 0
276.0 908.8 304.9 928.6 286.8 955.0 257.9 935.2 wheat 0
166.6 940.0 199.4 950.2 189.9 980.9 157.1 970.8 wheat 0
157.9 980.9 190.5 980.9 190.5 1024.0 157.9 1024.0 wheat 0
140.9 954.9 80.7 973.5 70.0 939.0 130.2 920.3 wheat 0
