567.8 760.5 529.1 836.4 490.1 816.5 528.7 740.6 wheat 0
600.9 864.0 651.6 885.4 628.7 939.6 578.0 918.2 wheat 0
690.7 738.6 745.7 738.6 745.7 797.6 690.7 797.6 wheat 0
728.9 825.0 758.7 862.6 726.9 887.8 697.1 850.2 wheat 0
995.7 922.6 929.7 936.0 919.7 886.4 985.7 873.1 wheat 0
527.7 911.6 474.3 940.8 439.8 877.7 493.3 848.5 wheat 0
343.9 149.7 400.7 161.2 383.6 245.5 326.8 234.0 wheat 0
377.5 285.0 430.4 329.5 299.7 484.6 246.9 440.1 wheat 0
268.7 325.6 299.7 325.6 299.7 407.6 268.7 407.6 wheat 0
248.2 318.5 218.7 338.6 156.6 247.8 186.1 227.7 wheat 0
214.8 173.1 189.1 213.1 144.7 184.6 170.5 144.6 wheat 0
124.2 192.9 94.4 213.2 45.3 141.4 75.0 121.0 wheat 0
189.7 397.6 155.0 426.9 97.5 358.6 132.2 329.4 wheat 0
143.2 486.4 100.4 490.7 97.3 459.8 140.1 455.5 wheat 0
242.9 502.1 282.1 510.1 272.6 557.1 233.4 549.2 wheat 0
309.1 771.7 274.0 790.9 240.4 729.5 275.5 710.3 wheat 0
118.0 875.9 80.8 896.2 44.6 829.9 81.7 809.6 wheat 0
254.7 989.6 222.9 1022.4 180.0 980.8 211.9 948.0 wheat 0
173.7 848.7 217.6 862.3 205.8 900.5 161.9 886.9 wheat 0
373.9 960.6 409.8 975.7 394.6 1011.7 358.7 996.5 wheat 0
991.7 731.6 1022.7 731.6 1022.7 799.6 991.7 799.6 wheat 0
977.1 625.3 1002.9 636.2 962.4 732.0 936.6 721.1 wheat 0
921.6 456.0 826.3 521.2 801.5 484.8 896.7 419.6 wheat 0
935.7 307.6 968.7 307.6 968.7 398.6 935.7 398.6 wheat 0
769.7 215.6 805.7 235.2 767.7 304.6 731.8 285.0 wheat 0
569.7 42.6 622.7 42.6 622.7 104.6 569.7 104.6 wheat 0
923.7 87.6 961.7 87.6 961.7 167.6 923.7 167.6 wheat 0
226.7 18.6 272.7 18.6 272.7 94.6 226.7 94.6 wheat 0
976.2 652.4 950.8 657.5 937.2 590.9 962.7 585.7 wheat 0
