439.4 391.1 533.6 442.5 518.7 469.8 424.5 418.3 wheat 0
766.2 473.9 847.6 600.5 813.1 622.6 731.8 496.0 wheat 0
811.6 597.5 704.4 642.8 687.5 602.8 794.7 557.5 wheat 0
957.8 621.9 1011.0 688.9 973.7 718.5 920.6 651.5 wheat 0
762.6 948.5 723.5 965.0 685.2 874.5 724.3 858.0 wheat 0
796.0 872.1 902.7 882.8 898.6 924.5 791.8 913.8 wheat 0
940.6 997.5 887.0 1002.9 877.9 912.2 931.5 906.9 wheat 0
682.1 811.0 719.7 842.7 646.6 929.5 608.9 897.8 wheat 0
552.1 919.7 712.6 987.5 698.9 1019.8 538.5 952.0 wheat 0
362.7 872.1 425.6 891.5 413.0 932.2 350.1 912.7 wheat 0
458.6 636.5 263.5 676.1 255.8 638.2 450.9 598.7 wheat 0
611.6 733.5 573.6 749.5 545.3 682.5 583.2 666.4 wheat 0
197.7 672.0 244.6 711.5 221.2 739.2 174.3 699.7 wheat 0
33.7 658.6 170.6 716.5 157.1 748.3 20.2 690.4 wheat 0
184.8 548.7 314.6 619.5 290.4 663.7 160.7 592.8 wheat 0
306.9 462.9 427.9 487.4 418.6 533.5 297.6 509.0 wheat 0
289.6 402.5 392.6 402.5 392.6 452.5 289.6 452.5 wheat 0
411.6 391.5 374.4 417.0 294.6 300.4 331.8 275.0 wheat 0
555.7 249.2 670.6 367.5 637.5 399.6 522.6 281.3 wheat 0
632.6 223.5 677.6 223.5 677.6 280.5 632.6 280.5 wheat 0
568.6 179.5 648.6 179.5 648.6 231.5 568.6 231.5 wheat 0
885.6 235.5 837.2 250.5 797.4 122.0 845.8 107.0 wheat 0
858.5 235.1 893.4 238.6 882.6 346.5 847.6 343.0 wheat 0
891.6 263.5 940.6 263.5 940.6 429.5 891.6 429.5 wheat 0
896.2 455.5 846.6 489.5 816.8 446.1 866.5 412.1 wheat 0
909.6 454.5 956.6 454.5 956.6 512.5 909.6 512.5 wheat 0
120.8 806.8 201.1 823.1 193.6 860.5 113.3 844.2 wheat 0
256.6 961.5 214.6 970.0 200.0 897.8 241.9 889.3 wheat 0
129.6 983.5 73.8 1007.1 56.8 967.0 112.6 943.4 wheat 0
75.6 811.5 106.6 811.5 106.6 861.5 75.6 861.5 wheat 0
190.4 460.4 123.6 564.5 76.0 534.0 142.9 429.9 wheat 0
284.6 355.5 373.6 355.5 373.6 399.5 284.6 399.5 wheat 0
278.6 254.5 323.6 254.5 323.6 377.5 278.6 377.5 wheat 0
315.6 224.5 361.6 224.5 361.6 308.5 315.6 308.5 wheat 0
411.6 280.5 566.6 280.5 566.6 325.5 411.6 325.5 wheat 0
494.6 324.5 553.6 324.5 553.6 378.5 494.6 378.5 wheat 0
553.6 258.5 523.6 279.0 438.5 154.6 468.5 134.1 wheat 0
205.4 158.3 302.0 199.2 281.6 247.5 184.9 206.7 wheat 0
65.3 232.0 199.6 245.5 195.6 284.9 61.3 271.4 wheat 0
332.6 980.5 404.7 980.5 404.7 1024.0 332.6 1024.0 wheat 0
