478.7 437.6 527.7 437.6 527.7 563.6 478.7 563.6 wheat 0
829.9 612.2 767.2 618.4 754.6 492.1 817.2 485.8 wheat 0
634.7 761.6 572.6 774.2 544.9 637.5 607.0 624.9 wheat 0
562.1 757.6 465.3 798.5 440.4 739.6 537.1 698.7 wheat 0
524.7 827.6 593.7 827.6 593.7 874.6 524.7 874.6 wheat 0
535.9 936.6 629.9 955.7 617.7 1015.6 523.7 996.6 wheat 0
624.7 916.6 706.7 916.6 706.7 981.6 624.7 981.6 wheat 0
860.7 997.6 803.7 1015.3 776.1 926.1 833.1 908.4 wheat 0
828.6 750.3 863.8 757.4 843.7 856.6 808.5 849.5 wheat 0
871.5 830.6 1023.3 877.6 1004.7 937.6 852.9 890.6 wheat 0
407.7 793.6 357.9 798.6 346.0 680.0 395.8 675.0 wheat 0
377.3 961.9 316.5 987.6 298.2 944.3 359.0 918.6 wheat 0
240.6 994.7 191.2 1021.7 158.4 961.6 207.7 934.6 wheat 0
182.7 696.6 234.7 696.6 234.7 816.6 182.7 816.6 wheat 0
182.0 721.2 223.1 729.6 194.7 869.6 153.6 861.3 wheat 0
81.7 632.6 115.7 632.6 115.7 712.6 81.7 712.6 wheat 0
159.1 602.0 208.4 606.9 204.7 643.6 155.4 638.7 wheat 0
439.7 632.6 332.4 643.4 327.8 597.7 435.1 586.9 wheat 0
386.7 577.6 328.0 583.5 323.8 541.7 382.5 535.8 wheat 0
402.9 508.6 373.2 528.9 354.6 501.7 384.3 481.3 wheat 0
377.7 420.6 325.0 431.3 302.6 320.6 355.3 309.9 wheat 0
128.7 451.6 34.8 502.9 3.1 444.9 97.1 393.6 wheat 0
418.8 220.3 578.5 307.5 552.7 354.6 393.0 267.4 wheat 0
835.5 304.5 679.5 411.3 649.0 366.7 805.0 260.0 wheat 0
910.5 107.5 953.0 151.3 864.0 237.7 821.5 193.9 wheat 0
602.9 84.9 653.0 112.2 587.7 231.6 537.7 204.3 wheat 0
762.8 42.2 646.7 121.6 618.9 80.9 735.0 1.5 wheat 0
372.3 57.5 243.6 83.6 233.0 31.7 361.7 5.6 wheat 0
555.7 89.0 500.0 100.3 481.9 11.3 537.7 0.0 wheat 0
119.6 63.0 196.1 159.3 160.8 187.3 84.4 90.9 wheat 0
596.0 334.5 625.0 359.0 591.5 398.7 562.5 374.3 wheat 0
