236.9 401.7 279.9 410.4 264.1 488.5 221.0 479.8 wheat 0
32.6 224.8 153.3 236.9 147.1 299.5 26.3 287.4 wheat 0
151.7 583.8 233.1 639.5 202.3 684.4 121.0 628.8 wheat 0
418.8 574.5 472.4 611.3 412.1 699.5 358.4 662.8 wheat 0
684.1 644.5 617.1 681.1 589.1 629.9 656.1 593.3 wheat 0
728.3 532.9 847.8 544.9 842.1 602.5 722.6 590.5 wheat 0
877.1 755.5 738.0 769.5 731.3 703.3 870.4 689.3 wheat 0
608.1 697.5 567.6 725.2 536.6 680.0 577.1 652.3 wheat 0
762.1 522.5 706.0 539.9 688.3 482.7 744.4 465.3 wheat 0
814.0 379.5 898.1 396.5 885.2 459.7 801.2 442.7 wheat 0
1000.1 352.5 896.9 362.9 891.0 303.9 994.1 293.5 wheat 0
673.8 212.5 734.6 218.6 728.1 283.5 667.3 277.4 wheat 0
762.9 167.7 802.5 189.3 769.1 250.5 729.5 228.9 wheat 0
821.1 182.5 772.1 187.4 761.9 86.3 810.9 81.4 wheat 0
947.3 20.2 1007.2 45.6 961.0 154.9 901.1 129.5 wheat 0
554.9 42.5 613.2 48.4 603.1 149.5 544.7 143.7 wheat 0
610.1 196.5 576.0 239.4 523.9 198.1 558.0 155.2 wheat 0
471.7 230.5 529.8 242.2 521.1 285.5 462.9 273.7 wheat 0
404.0 267.0 448.8 285.9 410.1 377.5 365.3 358.6 wheat 0
511.1 356.5 460.7 366.7 452.2 325.0 502.6 314.8 wheat 0
544.4 312.1 594.8 317.1 588.1 384.5 537.7 379.5 wheat 0
374.9 411.0 410.8 430.6 372.1 501.5 336.1 481.9 wheat 0
484.6 469.4 543.3 481.3 527.1 561.5 468.3 549.6 wheat 0
245.1 231.5 212.0 259.4 166.0 204.8 199.1 176.9 wheat 0
285.7 253.3 326.8 261.6 317.1 309.5 276.0 301.2 wheat 0
371.1 200.5 319.4 228.7 265.3 129.6 316.9 101.4 wheat 0
141.3 143.3 180.9 151.4 164.1 234.5 124.4 226.5 wheat 0
100.7 93.1 147.0 112.7 103.1 216.5 56.8 197.0 wheat 0
309.1 79.5 350.1 79.5 350.1 108.5 309.1 108.5 wheat 0
242.2 717.9 298.2 741.5 277.1 791.5 221.1 767.8 wheat 0
293.9 717.7 412.1 729.6 406.1 789.5 287.9 777.7 wheat 0
229.1 835.5 170.8 853.5 137.6 746.2 195.8 728.1 wheat 0
114.9 649.5 202.1 676.5 186.5 726.9 99.3 699.9 wheat 0
134.1 771.5 84.2 786.9 66.7 730.3 116.6 714.9 wheat 0
81.0 921.0 142.8 927.2 137.1 984.5 75.2 978.3 wheat 0
336.1 885.5 210.2 924.5 192.4 867.1 318.3 828.1 wheat 0
449.1 855.5 393.7 872.6 373.7 807.9 429.0 790.8 wheat 0
537.1 822.5 491.0 842.0 460.4 769.7 506.5 750.2 wheat 0
537.1 749.4 625.1 823.5 590.9 864.0 503.0 789.9 wheat 0
634.7 886.7 703.6 893.6 698.1 948.5 629.1 941.6 wheat 0
482.3 843.3 554.1 865.5 540.0 911.0 468.2 888.7 wheat 0
597.1 927.5 526.8 934.6 522.5 892.0 592.8 884.9 wheat 0
425.9 897.7 506.1 941.5 480.9 987.5 400.8 943.8 wheat 0
851.0 510.2 925.1 541.5 903.4 592.7 829.3 561.3 wheat 0
511.1 655.5 427.3 690.9 408.6 646.7 492.4 611.3 wheat 0
