601.6 521.6 528.9 544.1 447.1 279.5 519.7 257.0 wheat 0
572.3 333.6 495.9 349.1 462.3 183.5 538.8 168.0 wheat 0
927.3 402.8 979.9 419.0 942.3 540.3 889.8 524.1 wheat 0
334.3 242.1 271.6 254.8 240.4 101.0 303.1 88.2 wheat 0
144.6 233.7 83.9 239.8 73.0 131.4 133.7 125.3 wheat 0
666.7 970.8 618.9 1003.6 509.9 844.3 557.8 811.5 wheat 0
533.6 974.7 464.3 1022.0 323.4 816.1 392.7 768.7 wheat 0
207.4 759.8 161.2 791.4 87.2 683.3 133.4 651.7 wheat 0
385.5 905.6 318.8 942.1 231.1 781.5 297.8 745.0 wheat 0
343.3 969.0 278.8 1023.4 106.6 818.9 171.1 764.6 wheat 0
179.9 1012.9 121.1 1024.8 96.7 904.2 155.5 892.3 wheat 0
