616.1 188.5 671.1 188.5 671.1 319.5 616.1 319.5 wheat 0
674.1 289.5 731.1 289.5 731.1 345.5 674.1 345.5 wheat 0
955.1 226.5 898.7 243.9 872.4 158.9 928.7 141.4 wheat 0
700.2 57.7 765.9 64.3 754.1 182.5 688.3 175.9 wheat 0
962.1 575.5 1017.1 575.5 1017.1 682.5 962.1 682.5 wheat 0
847.1 113.5 791.0 151.8 722.8 52.1 778.8 13.8 wheat 0
478.3 28.8 580.2 49.5 567.9 110.2 465.9 89.6 wheat 0
613.5 101.0 657.9 146.7 551.1 250.5 506.7 204.8 wheat 0
210.4 241.7 326.1 277.5 310.7 327.1 195.1 291.3 wheat 0
389.5 465.2 431.3 469.4 425.1 531.5 383.3 527.3 wheat 0
453.1 663.5 326.2 689.2 313.4 626.0 440.2 600.3 wheat 0
324.2 568.7 210.6 603.9 194.9 553.3 308.6 518.1 wheat 0
120.1 458.5 66.2 475.2 43.3 401.3 97.2 384.6 wheat 0
160.0 491.3 209.9 542.7 69.1 679.5 19.1 628.1 wheat 0
104.1 684.8 224.1 696.8 218.1 756.5 98.1 744.5 wheat 0
306.1 680.4 393.0 689.1 386.1 758.5 299.1 749.8 wheat 0
557.1 597.5 455.9 640.3 438.1 598.1 539.2 555.3 wheat 0
596.1 673.1 512.1 681.5 505.4 615.4 589.4 607.0 wheat 0
598.2 587.8 647.7 603.1 616.1 705.5 566.5 690.2 wheat 0
733.2 626.8 784.7 670.1 695.1 776.5 643.6 733.2 wheat 0
856.2 664.6 912.2 703.0 816.1 843.5 760.0 805.2 wheat 0
923.7 780.9 977.2 803.6 929.1 917.5 875.5 894.9 wheat 0
1007.1 980.5 876.4 993.6 870.3 932.8 1001.0 919.7 wheat 0
559.2 816.0 620.6 849.5 543.1 991.5 481.6 957.9 wheat 0
456.1 1011.5 394.5 1024.0 378.3 944.3 439.9 931.8 wheat 0
267.1 930.5 150.2 954.2 136.0 884.0 252.8 860.4 wheat 0
851.1 482.5 799.7 492.9 786.2 426.2 837.5 415.8 wheat 0
831.2 393.8 957.9 406.5 952.1 464.5 825.3 451.8 wheat 0
968.8 737.4 874.6 756.5 862.8 698.6 957.1 679.5 wheat 0
