2.4 14.0 83.0 22.1 80.6 46.0 0.0 37.9 wheat 0
4.3 45.7 38.6 52.7 34.7 72.3 0.4 65.3 wheat 0
80.0 61.4 176.0 102.0 167.1 123.2 71.1 82.6 wheat 0
10.9 92.4 97.0 119.0 88.2 147.4 2.2 120.8 wheat 0
158.6 129.2 260.7 139.4 258.0 166.0 156.0 155.8 wheat 0
142.9 13.3 226.5 73.0 208.7 98.1 125.0 38.4 wheat 0
173.5 0.7 250.0 53.0 230.5 81.5 154.0 29.1 wheat 0
132.0 185.0 23.5 195.9 20.0 161.5 128.6 150.6 wheat 0
16.2 175.9 107.5 238.3 94.0 258.0 2.7 195.6 wheat 0
100.7 247.3 253.8 294.7 245.0 323.0 91.9 275.6 wheat 0
172.6 281.8 277.0 326.0 265.3 353.7 160.9 309.5 wheat 0
263.6 330.6 354.3 358.7 345.4 387.4 254.7 359.3 wheat 0
282.1 364.9 385.6 375.3 381.9 412.1 278.4 401.7 wheat 0
32.3 346.9 128.7 387.6 118.0 413.0 21.6 372.2 wheat 0
12.8 280.0 79.0 308.0 67.5 335.1 1.3 307.1 wheat 0
382.4 235.6 439.0 283.3 425.5 299.3 368.9 251.7 wheat 0
505.0 330.0 476.8 345.4 426.3 252.9 454.5 237.5 wheat 0
340.8 29.5 395.6 46.5 385.0 81.0 330.1 64.0 wheat 0
371.9 60.7 438.5 67.4 435.1 102.2 368.4 95.5 wheat 0
450.0 79.4 517.7 116.4 506.0 138.0 438.3 101.0 wheat 0
449.5 210.3 522.0 241.0 511.3 266.2 438.8 235.6 wheat 0
468.3 426.4 570.0 496.0 545.8 531.2 444.2 461.7 wheat 0
245.7 515.9 376.0 605.0 357.9 631.4 227.6 542.3 wheat 0
38.4 448.0 141.0 504.0 123.9 535.3 21.3 479.3 wheat 0
14.9 505.6 120.0 550.0 109.9 573.9 4.8 529.5 wheat 0
9.7 589.1 99.0 607.2 91.0 647.0 1.6 628.9 wheat 0
140.5 637.5 194.0 660.1 185.4 680.4 132.0 657.8 wheat 0
178.6 669.5 265.0 706.0 252.8 734.8 166.5 698.3 wheat 0
219.6 721.2 296.2 728.9 293.4 756.7 216.8 749.1 wheat 0
284.8 729.9 372.8 738.7 370.0 767.0 281.9 758.1 wheat 0
184.1 743.1 259.8 766.5 251.0 795.0 175.3 771.6 wheat 0
107.0 791.0 11.2 820.6 3.8 796.9 99.6 767.3 wheat 0
101.9 798.1 187.7 839.6 176.0 864.0 90.2 822.5 wheat 0
135.0 888.0 114.9 913.3 47.5 859.9 67.6 834.5 wheat 0
3.6 868.0 104.1 878.1 101.4 904.9 0.9 894.9 wheat 0
1.0 923.0 108.0 923.0 108.0 950.0 1.0 950.0 wheat 0
199.0 1012.0 81.9 1019.0 80.3 992.2 197.4 985.1 wheat 0
275.8 928.4 343.6 965.4 333.0 985.0 265.1 947.9 wheat 0
385.6 924.9 470.0 942.0 462.5 978.7 378.2 961.6 wheat 0
391.0 819.2 452.0 845.0 441.5 869.7 380.5 843.9 wheat 0
415.0 1005.0 495.0 1005.0 495.0 1024.0 415.0 1024.0 wheat 0
460.0 598.0 488.3 633.7 469.4 648.6 441.1 612.9 wheat 0
441.3 657.1 517.5 672.5 512.0 700.0 435.7 684.5 wheat 0
498.0 723.0 419.3 730.9 417.1 708.5 495.7 700.6 wheat 0
539.2 691.0 581.0 734.0 559.0 755.3 517.3 712.3 wheat 0
559.2 756.9 479.6 764.9 476.8 737.0 556.4 729.0 wheat 0
540.9 638.3 626.0 710.0 607.8 731.5 522.7 659.8 wheat 0
475.0 10.0 604.0 10.0 604.0 51.0 475.0 51.0 wheat 0
509.5 45.2 573.0 72.0 564.6 91.8 501.1 65.0 wheat 0
497.1 258.4 630.3 271.7 627.0 305.0 493.8 291.6 wheat 0
735.0 308.0 697.9 333.4 677.0 302.8 714.1 277.4 wheat 0
659.3 335.9 752.8 335.9 752.8 363.7 659.3 363.7 wheat 0
731.9 346.9 826.7 376.3 816.0 411.0 721.1 381.6 wheat 0
844.4 396.8 823.2 405.7 806.5 366.1 827.7 357.2 wheat 0
725.2 222.5 845.3 273.3 832.0 305.0 711.8 254.2 wheat 0
840.4 44.5 910.0 66.0 902.2 90.9 832.7 69.4 wheat 0
871.9 4.4 935.9 39.4 921.1 66.6 857.0 31.6 wheat 0
909.2 0.2 962.0 36.4 948.0 57.0 895.1 20.8 wheat 0
944.2 282.1 1023.4 306.6 1015.0 334.0 935.8 309.5 wheat 0
965.7 325.0 1012.5 339.5 1009.2 350.0 962.4 335.5 wheat 0
980.0 351.0 1024.0 351.0 1024.0 378.1 980.0 378.1 wheat 0
961.1 217.2 1023.0 281.0 996.5 306.7 934.5 243.0 wheat 0
814.9 485.1 868.4 501.6 863.1 518.8 809.6 502.3 wheat 0
1024.0 522.0 992.2 539.3 948.9 460.0 980.6 442.7 wheat 0
918.9 543.4 968.0 577.0 954.7 596.4 905.6 562.9 wheat 0
896.0 555.2 934.0 559.0 931.9 579.5 894.0 575.7 wheat 0
564.3 506.1 646.0 562.0 624.2 593.8 542.6 538.0 wheat 0
666.1 527.9 761.0 568.0 747.0 601.0 652.1 560.9 wheat 0
767.7 562.1 841.0 577.0 835.2 605.6 761.8 590.7 wheat 0
602.7 664.9 651.3 691.5 638.0 716.0 589.3 689.4 wheat 0
880.0 721.0 849.0 742.2 821.6 702.2 852.6 681.0 wheat 0
952.8 749.2 882.1 771.1 871.2 735.7 941.8 713.9 wheat 0
940.8 738.4 995.1 761.4 986.2 782.5 931.8 759.6 wheat 0
791.6 897.0 878.4 905.8 875.0 940.0 788.1 931.3 wheat 0
727.4 905.3 802.7 928.6 793.0 960.0 717.7 936.7 wheat 0
650.0 995.0 781.0 995.0 781.0 1023.0 650.0 1023.0 wheat 0
