194.6 830.5 110.2 847.6 57.5 587.9 142.0 570.7 wheat 0
256.6 980.5 163.5 1019.9 135.6 954.0 228.7 914.6 wheat 0
226.8 565.0 128.6 606.5 99.5 537.6 197.6 496.1 wheat 0
960.6 375.5 857.8 407.3 837.9 343.2 940.8 311.4 wheat 0
492.6 329.5 280.2 372.6 261.6 280.7 474.0 237.6 wheat 0
447.6 254.5 366.5 279.6 340.3 194.8 421.4 169.7 wheat 0
116.6 321.5 33.2 329.9 17.3 171.6 100.7 163.2 wheat 0
794.8 354.6 875.5 371.0 861.6 439.5 780.9 423.2 wheat 0
751.6 316.5 670.8 332.9 657.7 268.4 738.5 252.0 wheat 0
587.6 475.5 492.3 494.8 473.4 401.5 568.7 382.2 wheat 0
530.6 493.5 449.1 510.0 420.5 368.8 502.0 352.2 wheat 0
454.6 494.5 357.7 524.5 334.8 450.7 431.8 420.7 wheat 0
387.6 462.0 346.6 542.5 205.3 470.6 246.3 390.1 wheat 0
321.6 430.5 270.0 452.3 237.1 374.4 288.7 352.6 wheat 0
