414.9 458.6 537.8 525.8 513.4 570.5 390.5 503.4 wheat 0
451.1 652.1 576.1 652.1 576.1 688.1 451.1 688.1 wheat 0
654.4 600.8 626.8 643.7 546.9 592.4 574.5 549.5 wheat 0
447.9 145.4 619.0 238.9 587.4 296.8 416.3 203.3 wheat 0
402.0 444.9 381.0 498.8 217.1 435.1 238.1 381.2 wheat 0
254.4 739.5 89.8 807.2 71.9 763.7 236.5 696.0 wheat 0
389.8 785.1 328.4 818.6 232.5 643.1 293.9 609.5 wheat 0
698.1 520.1 837.1 520.1 837.1 584.1 698.1 584.1 wheat 0
223.2 513.9 192.1 553.1 79.0 463.3 110.1 424.2 wheat 0
400.1 550.1 506.1 550.1 506.1 588.1 400.1 588.1 wheat 0
819.0 276.2 781.6 307.8 704.3 216.0 741.7 184.4 wheat 0
306.6 91.1 134.6 144.2 115.7 83.1 287.7 29.9 wheat 0
221.1 865.1 329.1 865.1 329.1 946.1 221.1 946.1 wheat 0
526.1 896.1 623.1 896.1 623.1 943.1 526.1 943.1 wheat 0
692.1 645.1 836.1 645.1 836.1 717.1 692.1 717.1 wheat 0
612.1 174.1 734.1 174.1 734.1 247.1 612.1 247.1 wheat 0
356.3 697.5 496.3 756.7 476.0 804.6 336.0 745.4 wheat 0
323.0 616.7 476.6 721.8 451.1 759.1 297.5 654.0 wheat 0
364.6 619.3 335.1 665.1 199.0 577.7 228.4 531.9 wheat 0
493.1 772.1 598.1 772.1 598.1 814.1 493.1 814.1 wheat 0
491.1 9.1 542.1 9.1 542.1 152.1 491.1 152.1 wheat 0
247.9 842.6 212.7 897.3 113.4 833.5 148.6 778.9 wheat 0
433.1 950.1 562.1 950.1 562.1 987.1 433.1 987.1 wheat 0
325.1 963.1 490.1 963.1 490.1 1016.1 325.1 1016.1 wheat 0
735.1 944.1 842.1 944.1 842.1 993.1 735.1 993.1 wheat 0
569.1 806.1 641.1 806.1 641.1 856.1 569.1 856.1 wheat 0
827.1 166.1 935.1 166.1 935.1 235.1 827.1 235.1 wheat 0
937.1 603.1 1024.0 603.1 1024.0 665.0 937.1 665.0 wheat 0
775.1 454.1 843.1 454.1 843.1 552.1 775.1 552.1 wheat 0
710.1 912.1 832.1 912.1 832.1 944.1 710.1 944.1 wheat 0
178.1 508.1 328.1 508.1 328.1 555.1 178.1 555.1 wheat 0
