852.2 950.7 825.7 956.0 800.3 830.6 826.8 825.2 wheat 0
783.7 798.0 800.6 799.7 790.8 898.2 773.8 896.5 wheat 0
881.7 859.6 899.7 859.6 899.7 922.6 881.7 922.6 wheat 0
874.7 845.0 858.5 850.0 843.7 802.2 860.0 797.2 wheat 0
875.1 932.2 897.1 939.0 871.4 1022.1 849.4 1015.3 wheat 0
907.4 955.4 943.4 985.6 933.1 997.9 897.1 967.6 wheat 0
959.5 876.9 1015.6 915.3 1006.0 929.3 949.9 890.9 wheat 0
955.4 968.1 1022.0 981.6 1018.1 1001.2 951.4 987.7 wheat 0
892.1 770.1 955.9 797.1 946.4 819.4 882.7 792.5 wheat 0
895.5 767.8 872.5 774.9 856.0 721.4 878.9 714.3 wheat 0
932.2 781.6 912.0 790.2 895.2 750.6 915.5 742.0 wheat 0
800.7 740.6 779.3 742.8 770.1 651.1 791.5 649.0 wheat 0
774.2 704.2 703.5 726.1 697.3 706.0 768.0 684.2 wheat 0
641.8 781.3 719.4 823.7 710.7 839.6 633.1 797.2 wheat 0
566.9 820.4 643.7 844.1 636.7 866.6 559.9 842.8 wheat 0
606.0 864.2 591.5 876.4 562.5 842.0 577.0 829.8 wheat 0
569.7 755.7 547.1 760.3 534.8 699.5 557.3 694.9 wheat 0
812.5 623.4 908.0 688.7 895.7 706.6 800.3 641.3 wheat 0
791.7 572.6 861.7 572.6 861.7 586.6 791.7 586.6 wheat 0
879.9 632.9 853.2 644.2 832.6 595.4 859.3 584.1 wheat 0
816.2 552.7 800.3 554.3 795.2 503.5 811.2 501.9 wheat 0
881.7 610.6 862.6 621.0 825.3 552.7 844.4 542.2 wheat 0
760.9 450.2 682.6 483.3 673.6 462.1 751.9 429.0 wheat 0
704.5 541.7 688.3 546.7 670.0 487.5 686.2 482.5 wheat 0
958.7 340.6 896.7 383.1 882.8 362.8 944.9 320.3 wheat 0
902.4 142.2 878.4 152.3 855.1 97.0 879.0 86.9 wheat 0
827.2 24.8 849.8 29.3 841.2 71.5 818.7 66.9 wheat 0
811.3 111.7 743.4 132.6 737.2 112.6 805.0 91.6 wheat 0
801.9 261.8 788.2 275.9 720.0 209.7 733.7 195.6 wheat 0
667.3 262.8 693.7 268.1 677.2 349.5 650.8 344.1 wheat 0
726.0 225.1 746.1 236.2 714.5 294.1 694.3 283.1 wheat 0
599.3 84.7 688.7 122.5 679.7 143.6 590.3 105.8 wheat 0
691.1 143.9 758.0 164.5 750.3 189.4 683.5 168.7 wheat 0
812.0 291.4 798.2 303.0 779.5 280.8 793.3 269.2 wheat 0
701.7 227.9 712.3 231.1 700.7 268.4 690.2 265.1 wheat 0
750.7 122.7 728.1 127.3 715.8 66.5 738.3 61.9 wheat 0
595.2 28.2 651.0 39.6 645.3 68.0 589.4 56.7 wheat 0
558.7 15.6 627.7 15.6 627.7 40.6 558.7 40.6 wheat 0
643.7 135.6 588.4 173.4 574.8 153.6 630.1 115.8 wheat 0
573.1 100.4 622.8 115.8 616.3 136.8 566.6 121.4 wheat 0
665.1 232.1 612.2 242.8 608.4 224.2 661.3 213.4 wheat 0
659.8 180.8 615.9 204.8 609.7 193.4 653.6 169.4 wheat 0
665.1 303.0 601.7 322.6 594.8 300.2 658.1 280.6 wheat 0
543.0 917.7 528.7 920.6 521.5 885.1 535.8 882.2 wheat 0
552.7 983.6 542.4 994.2 511.3 964.0 521.6 953.4 wheat 0
488.2 916.8 506.7 916.8 506.7 1005.6 488.2 1005.6 wheat 0
468.7 975.6 449.3 977.6 444.5 929.8 463.9 927.8 wheat 0
501.7 967.6 523.7 967.6 523.7 1021.6 501.7 1021.6 wheat 0
451.0 835.0 393.7 859.2 384.1 836.3 441.3 812.1 wheat 0
403.1 732.3 461.1 756.9 451.4 779.9 393.4 755.4 wheat 0
434.7 774.6 390.8 798.6 380.4 779.6 424.4 755.6 wheat 0
388.4 743.4 357.0 769.8 346.1 756.8 377.4 730.4 wheat 0
311.7 806.6 258.3 829.2 249.8 808.9 303.2 786.4 wheat 0
378.6 861.5 411.5 889.2 401.8 900.7 369.0 873.0 wheat 0
269.1 965.6 332.7 1009.1 321.4 1025.6 257.8 982.1 wheat 0
167.6 774.7 183.0 779.4 150.7 883.6 135.4 878.9 wheat 0
164.8 918.2 183.0 925.9 141.7 1023.6 123.5 1015.9 wheat 0
119.5 953.8 135.7 960.6 117.8 1003.1 101.5 996.2 wheat 0
121.1 899.3 128.4 913.6 31.2 963.0 23.9 948.7 wheat 0
138.7 907.6 122.9 909.2 114.7 827.7 130.6 826.1 wheat 0
143.0 759.2 157.8 762.2 144.7 826.6 130.0 823.6 wheat 0
122.3 745.5 130.5 749.9 72.7 855.6 64.5 851.1 wheat 0
461.5 551.5 461.2 564.3 408.7 562.7 409.1 550.0 wheat 0
405.6 505.3 416.9 513.0 364.4 589.8 353.1 582.0 wheat 0
56.5 705.3 59.7 711.6 7.9 738.0 4.7 731.7 wheat 0
132.3 677.5 143.8 683.8 100.7 762.6 89.2 756.3 wheat 0
67.9 683.6 82.8 686.6 63.7 780.6 48.8 777.6 wheat 0
340.9 560.3 270.3 574.6 266.6 556.0 337.1 541.7 wheat 0
389.9 455.6 326.4 482.5 320.5 468.6 384.1 441.8 wheat 0
339.4 467.4 405.2 487.8 399.6 506.0 333.7 485.6 wheat 0
276.7 395.6 371.9 425.1 364.4 449.2 269.3 419.8 wheat 0
330.8 481.8 318.0 492.6 263.9 428.4 276.7 417.6 wheat 0
301.0 471.8 239.8 490.7 234.5 473.5 295.6 454.6 wheat 0
350.2 608.6 275.7 631.6 269.2 610.6 343.7 587.6 wheat 0
24.7 312.6 205.7 312.6 205.7 339.6 24.7 339.6 wheat 0
188.1 191.3 314.8 217.0 310.5 238.3 183.7 212.6 wheat 0
316.9 23.0 339.5 27.6 325.6 96.2 303.0 91.6 wheat 0
284.4 90.2 177.6 135.3 169.0 115.1 275.9 69.9 wheat 0
372.5 224.7 360.7 234.6 314.4 179.6 326.2 169.7 wheat 0
432.7 298.6 450.7 298.6 450.7 353.6 432.7 353.6 wheat 0
342.8 168.5 398.1 191.9 392.6 204.7 337.4 181.4 wheat 0
367.7 118.6 301.8 132.0 297.8 112.6 363.8 99.3 wheat 0
406.7 78.6 394.2 89.2 340.1 25.0 352.7 14.4 wheat 0
449.8 24.7 424.3 38.6 416.7 24.5 442.1 10.6 wheat 0
308.5 35.2 182.1 47.9 180.0 27.0 306.4 14.3 wheat 0
215.7 40.6 292.7 73.1 285.9 89.2 209.0 56.6 wheat 0
57.7 122.6 116.7 122.6 116.7 146.6 57.7 146.6 wheat 0
101.7 190.0 90.3 207.6 50.8 182.3 62.1 164.6 wheat 0
111.7 247.6 101.0 264.4 47.5 230.1 58.3 213.3 wheat 0
139.7 464.6 74.9 471.1 72.5 448.1 137.4 441.6 wheat 0
97.2 565.6 35.7 584.6 29.3 563.7 90.7 544.7 wheat 0
61.9 463.0 52.7 477.3 10.6 450.3 19.8 436.0 wheat 0
184.1 102.4 272.9 129.8 266.4 150.9 177.6 123.4 wheat 0
209.7 129.6 279.0 177.1 267.8 193.6 198.4 146.2 wheat 0
213.4 160.9 196.0 178.8 145.1 129.3 162.5 111.4 wheat 0
798.8 375.5 780.2 379.3 775.6 356.7 794.3 353.0 wheat 0
856.4 740.7 814.3 776.1 802.1 761.6 844.1 726.1 wheat 0
809.7 683.6 835.7 683.6 835.7 747.6 809.7 747.6 wheat 0
757.7 583.6 777.7 583.6 777.7 630.6 757.7 630.6 wheat 0
285.0 349.6 215.6 387.5 207.5 372.6 276.8 334.7 wheat 0
901.3 624.7 924.2 631.8 916.2 657.6 893.3 650.5 wheat 0
792.6 147.8 804.9 158.1 786.8 179.5 774.6 169.2 wheat 0
407.5 427.1 435.2 435.7 429.5 453.9 401.8 445.3 wheat 0
525.0 471.0 515.0 475.2 509.0 461.0 519.0 456.8 wheat 0
385.9 314.1 426.1 322.2 423.1 336.9 382.9 328.8 wheat 0
284.3 40.5 320.5 47.9 316.7 66.5 280.5 59.1 wheat 0
336.0 52.1 376.1 64.5 372.0 77.9 331.9 65.5 wheat 0
89.7 394.5 112.7 413.8 106.3 421.5 83.3 402.2 wheat 0
183.5 438.6 159.6 448.7 156.5 441.4 180.4 431.3 wheat 0
162.6 469.2 140.3 484.4 132.4 472.8 154.7 457.6 wheat 0
77.9 471.8 111.3 490.0 104.1 503.2 70.7 485.0 wheat 0
88.6 502.0 53.6 516.8 47.4 502.0 82.4 487.2 wheat 0
5.4 520.8 56.4 531.1 51.9 552.9 0.9 542.6 wheat 0
18.9 477.5 54.8 507.8 40.0 525.4 4.1 495.1 wheat 0
67.7 440.4 17.9 445.4 16.2 428.5 66.0 423.5 wheat 0
38.1 426.3 26.1 431.3 14.8 404.6 26.8 399.6 wheat 0
460.9 550.9 471.9 550.9 471.9 573.9 460.9 573.9 wheat 0
418.3 560.8 428.2 567.6 413.6 589.1 403.7 582.3 wheat 0
439.6 530.0 455.7 543.6 445.7 555.5 429.6 541.9 wheat 0
485.7 517.6 508.7 527.4 503.2 540.3 480.2 530.5 wheat 0
804.9 466.9 821.9 466.9 821.9 499.9 804.9 499.9 wheat 0
834.9 482.9 850.9 482.9 850.9 506.9 834.9 506.9 wheat 0
71.7 616.7 15.3 634.1 7.3 608.3 63.7 590.9 wheat 0
11.8 172.8 78.1 218.1 67.9 232.9 1.7 187.6 wheat 0
9.4 148.3 61.0 164.3 56.5 178.6 4.9 162.6 wheat 0
