285.3 140.0 395.3 140.0 395.3 192.0 285.3 192.0 wheat 0
422.7 152.2 541.3 217.0 511.0 272.6 392.3 207.8 wheat 0
617.0 161.9 741.4 174.4 736.7 221.2 612.3 208.7 wheat 0
744.0 142.8 948.3 206.0 932.0 259.0 727.6 195.8 wheat 0
797.3 550.0 668.5 620.4 643.0 573.7 771.8 503.3 wheat 0
714.2 590.7 925.3 706.0 889.0 772.6 677.8 657.2 wheat 0
654.5 692.0 772.0 728.3 757.2 776.1 639.7 739.8 wheat 0
672.2 641.1 626.2 660.6 604.4 609.0 650.4 589.5 wheat 0
341.5 475.6 299.0 519.3 192.1 415.5 234.6 371.8 wheat 0
401.5 329.3 370.2 378.1 259.1 306.8 290.5 258.0 wheat 0
97.3 554.4 181.4 580.4 163.3 638.7 79.3 612.7 wheat 0
311.3 630.0 371.3 630.0 371.3 728.0 311.3 728.0 wheat 0
334.9 788.1 382.7 814.2 294.3 976.0 246.5 949.9 wheat 0
699.1 945.9 641.7 963.6 611.6 866.2 668.9 848.5 wheat 0
746.3 839.0 841.3 839.0 841.3 906.0 746.3 906.0 wheat 0
977.0 528.3 1012.5 573.0 910.6 653.8 875.2 609.1 wheat 0
6.3 514.0 67.3 514.0 67.3 583.0 6.3 583.0 wheat 0
