151.3 250.8 339.5 309.0 314.4 390.3 126.2 332.0 wheat 0
425.3 132.2 483.4 181.1 388.4 293.9 330.3 245.0 wheat 0
732.8 153.5 669.1 159.9 653.8 7.6 717.5 1.2 wheat 0
654.3 174.0 849.3 174.0 849.3 244.0 654.3 244.0 wheat 0
733.3 268.0 804.3 268.0 804.3 323.0 733.3 323.0 wheat 0
552.3 326.0 635.3 326.0 635.3 393.0 552.3 393.0 wheat 0
540.4 487.5 454.5 514.1 438.2 461.6 524.2 435.0 wheat 0
345.2 491.1 428.5 536.6 406.5 577.0 323.1 531.5 wheat 0
382.1 747.4 312.4 754.4 306.5 695.7 376.2 688.7 wheat 0
246.3 799.0 301.3 799.0 301.3 857.0 246.3 857.0 wheat 0
938.5 828.8 996.8 846.8 947.1 1007.3 888.9 989.3 wheat 0
684.5 998.5 632.6 1009.0 607.1 883.6 659.1 873.1 wheat 0
751.4 868.9 788.1 899.8 715.3 986.2 678.6 955.3 wheat 0
467.4 847.6 397.8 906.2 364.3 866.5 433.9 807.8 wheat 0
471.9 845.4 527.6 851.0 520.8 918.7 465.1 913.1 wheat 0
558.6 857.9 605.4 862.5 599.0 926.2 552.2 921.5 wheat 0
43.5 863.2 189.6 963.1 150.1 1020.9 4.0 921.0 wheat 0
