67.1 216.1 145.1 216.1 145.1 290.1 67.1 290.1 wheat 0
114.1 179.1 217.1 179.1 217.1 242.1 114.1 242.1 wheat 0
299.1 196.1 365.1 196.1 365.1 261.1 299.1 261.1 wheat 0
167.1 436.1 325.1 436.1 325.1 505.1 167.1 505.1 wheat 0
257.1 384.1 361.1 384.1 361.1 437.1 257.1 437.1 wheat 0
174.1 309.1 255.1 309.1 255.1 357.1 174.1 357.1 wheat 0
426.1 309.1 530.1 309.1 530.1 381.1 426.1 381.1 wheat 0
490.1 291.1 558.1 291.1 558.1 360.1 490.1 360.1 wheat 0
554.1 347.1 626.1 347.1 626.1 429.1 554.1 429.1 wheat 0
461.1 435.1 534.1 435.1 534.1 499.1 461.1 499.1 wheat 0
561.1 197.1 611.1 197.1 611.1 279.1 561.1 279.1 wheat 0
572.1 170.1 700.1 170.1 700.1 295.1 572.1 295.1 wheat 0
654.1 279.1 774.1 279.1 774.1 344.1 654.1 344.1 wheat 0
857.1 551.1 956.1 551.1 956.1 629.1 857.1 629.1 wheat 0
960.1 328.1 1023.1 328.1 1023.1 427.1 960.1 427.1 wheat 0
145.1 717.1 233.1 717.1 233.1 783.1 145.1 783.1 wheat 0
33.1 803.1 102.1 803.1 102.1 873.1 33.1 873.1 wheat 0
249.1 746.1 306.1 746.1 306.1 816.1 249.1 816.1 wheat 0
310.1 826.1 399.1 826.1 399.1 909.1 310.1 909.1 wheat 0
271.1 901.1 349.1 901.1 349.1 968.1 271.1 968.1 wheat 0
363.1 925.1 455.1 925.1 455.1 984.1 363.1 984.1 wheat 0
597.1 790.1 702.1 790.1 702.1 879.1 597.1 879.1 wheat 0
746.1 463.1 832.1 463.1 832.1 532.1 746.1 532.1 wheat 0
111.1 927.1 187.2 927.1 187.2 1024.0 111.1 1024.0 wheat 0
197.1 20.1 294.1 20.1 294.1 87.1 197.1 87.1 wheat 0
834.1 333.1 902.1 333.1 902.1 425.1 834.1 425.1 wheat 0
543.1 612.1 607.1 612.1 607.1 673.1 543.1 673.1 wheat 0
