516.1 206.6 571.9 212.2 556.5 365.5 500.8 359.9 wheat 0
718.3 494.0 575.2 523.0 564.3 469.1 707.4 440.1 wheat 0
621.0 627.8 580.3 679.0 477.3 597.3 518.0 546.1 wheat 0
668.3 597.0 730.3 597.0 730.3 751.0 668.3 751.0 wheat 0
737.1 499.4 832.9 539.9 807.6 599.7 711.8 559.2 wheat 0
830.5 471.7 882.3 476.9 872.1 578.4 820.4 573.2 wheat 0
906.9 524.3 969.1 536.9 929.3 733.0 867.1 720.4 wheat 0
508.2 660.5 612.9 704.8 585.3 770.0 480.7 725.8 wheat 0
316.5 500.8 386.6 548.8 291.2 688.3 221.0 640.3 wheat 0
113.3 473.6 181.9 487.5 151.3 638.5 82.7 624.6 wheat 0
21.3 392.0 153.3 392.0 153.3 462.0 21.3 462.0 wheat 0
517.1 126.0 557.5 167.6 473.6 249.1 433.1 207.5 wheat 0
970.9 386.9 898.3 401.6 861.8 221.2 934.3 206.5 wheat 0
917.4 201.0 960.3 255.0 803.8 379.3 760.9 325.2 wheat 0
901.6 147.0 843.0 187.0 778.1 92.1 836.7 52.0 wheat 0
180.3 698.8 251.8 713.3 231.4 814.3 159.8 799.8 wheat 0
365.3 901.9 319.6 926.8 267.4 831.2 313.0 806.2 wheat 0
457.9 968.3 306.6 983.5 300.8 924.8 452.0 909.6 wheat 0
901.1 841.0 954.7 896.2 838.5 1009.1 784.9 953.9 wheat 0
95.3 971.0 218.1 971.0 218.1 1023.0 95.3 1023.0 wheat 0
535.9 39.1 590.4 56.0 543.7 206.9 489.2 190.1 wheat 0
1007.4 93.3 966.4 145.0 851.2 53.7 892.3 2.0 wheat 0
806.1 138.4 752.2 149.4 729.5 37.6 783.4 26.7 wheat 0
617.5 94.6 655.7 126.8 575.2 222.5 536.9 190.2 wheat 0
