496.8 271.0 440.2 293.6 380.5 144.1 437.1 121.5 wheat 0
376.1 290.1 435.1 290.1 435.1 411.1 376.1 411.1 wheat 0
284.1 378.1 414.1 378.1 414.1 447.1 284.1 447.1 wheat 0
614.7 653.7 559.4 691.5 478.6 573.5 533.9 535.7 wheat 0
344.8 688.3 185.5 755.6 164.5 705.9 323.8 638.5 wheat 0
90.1 702.1 170.1 702.1 170.1 793.1 90.1 793.1 wheat 0
623.5 513.8 574.5 555.1 488.8 453.3 537.8 412.1 wheat 0
716.1 573.1 793.1 573.1 793.1 682.1 716.1 682.1 wheat 0
717.1 316.1 882.1 316.1 882.1 377.1 717.1 377.1 wheat 0
115.1 242.1 288.1 242.1 288.1 289.1 115.1 289.1 wheat 0
334.9 832.9 424.6 908.5 381.3 959.9 291.6 884.3 wheat 0
745.1 478.1 828.1 478.1 828.1 595.1 745.1 595.1 wheat 0
939.1 407.1 1012.1 407.1 1012.1 553.1 939.1 553.1 wheat 0
999.9 704.9 939.7 746.1 845.4 608.3 905.6 567.1 wheat 0
886.0 524.5 1023.0 585.7 1003.8 628.6 866.9 567.5 wheat 0
297.1 75.1 371.1 75.1 371.1 195.1 297.1 195.1 wheat 0
602.1 111.1 699.1 111.1 699.1 179.1 602.1 179.1 wheat 0
710.1 51.1 758.1 51.1 758.1 145.1 710.1 145.1 wheat 0
773.1 50.1 963.1 50.1 963.1 121.1 773.1 121.1 wheat 0
408.1 699.1 463.1 699.1 463.1 802.1 408.1 802.1 wheat 0
544.6 783.5 497.8 798.0 469.4 706.2 516.2 691.7 wheat 0
182.1 0.1 290.1 0.1 290.1 60.1 182.1 60.1 wheat 0
0.1 444.1 99.1 444.1 99.1 532.1 0.1 532.1 wheat 0
705.1 226.1 818.1 226.1 818.1 270.1 705.1 270.1 wheat 0
161.7 387.7 59.5 430.9 41.6 388.5 143.8 345.3 wheat 0
679.9 646.7 799.6 747.5 759.3 795.4 639.6 694.6 wheat 0
858.6 966.5 809.8 981.6 753.5 799.5 802.3 784.4 wheat 0
642.0 973.8 583.6 1023.0 552.2 985.7 610.6 936.5 wheat 0
