520.6 718.4 580.1 750.9 502.7 892.6 443.2 860.1 wheat 0
331.9 771.6 390.1 831.5 346.7 873.6 288.5 813.7 wheat 0
376.7 804.6 425.7 804.6 425.7 891.6 376.7 891.6 wheat 0
272.7 823.2 340.5 844.2 325.8 892.0 257.9 871.0 wheat 0
202.3 903.5 163.1 915.6 136.2 828.7 175.4 816.6 wheat 0
323.9 713.0 266.8 737.1 251.6 701.2 308.7 677.1 wheat 0
130.7 664.6 187.7 664.6 187.7 731.6 130.7 731.6 wheat 0
522.7 592.4 579.8 623.5 545.7 685.9 488.7 654.7 wheat 0
615.2 891.5 675.8 903.8 652.7 1017.6 592.1 1005.3 wheat 0
914.8 860.7 1013.2 880.6 1004.7 922.6 906.3 902.7 wheat 0
822.7 726.6 736.2 763.2 719.4 723.6 806.0 687.0 wheat 0
876.7 518.6 931.7 518.6 931.7 587.6 876.7 587.6 wheat 0
869.0 584.1 900.8 587.3 896.5 630.1 864.7 626.9 wheat 0
877.3 514.9 802.7 555.6 777.7 509.8 852.2 469.1 wheat 0
675.4 410.0 561.4 472.3 534.0 422.3 648.1 359.9 wheat 0
622.5 281.4 754.3 322.2 739.0 371.8 607.1 331.1 wheat 0
639.7 367.6 478.7 400.3 470.0 356.9 631.0 324.3 wheat 0
450.8 217.2 488.8 243.2 426.7 334.0 388.7 308.0 wheat 0
466.5 73.4 558.0 91.9 547.7 142.6 456.2 124.1 wheat 0
477.7 165.0 525.5 179.7 515.7 211.3 468.0 196.5 wheat 0
403.7 31.2 425.9 49.8 382.7 101.1 360.6 82.4 wheat 0
793.7 152.6 657.5 194.8 639.7 137.1 775.9 95.0 wheat 0
708.2 23.6 749.3 58.2 680.7 139.6 639.7 105.0 wheat 0
176.1 159.1 226.5 211.0 150.7 284.6 100.3 232.7 wheat 0
136.9 309.8 225.8 337.2 211.7 382.6 122.9 355.1 wheat 0
702.7 979.6 815.4 979.6 815.4 1023.0 702.7 1023.0 wheat 0
