766.6 522.7 790.4 530.1 774.7 580.6 750.9 573.3 wheat 0
779.8 602.2 817.5 622.8 802.7 650.0 764.9 629.4 wheat 0
789.9 605.4 765.1 622.4 747.6 596.8 772.4 579.9 wheat 0
748.3 617.7 772.0 654.7 755.2 665.5 731.4 628.5 wheat 0
755.0 604.2 726.6 609.9 715.5 555.1 743.9 549.3 wheat 0
872.3 548.9 900.7 554.6 884.7 633.7 856.3 628.0 wheat 0
966.8 550.7 992.8 556.0 978.7 625.6 952.6 620.3 wheat 0
986.4 595.1 1020.5 618.5 1006.7 638.6 972.6 615.3 wheat 0
913.7 696.6 936.7 696.6 936.7 718.6 913.7 718.6 wheat 0
885.5 718.1 937.3 723.3 934.0 756.1 882.2 750.9 wheat 0
881.4 745.0 926.4 769.6 912.7 794.6 867.7 770.0 wheat 0
859.5 721.0 824.5 735.8 812.0 706.3 847.0 691.5 wheat 0
953.0 810.5 886.2 831.2 876.4 799.7 943.3 779.0 wheat 0
922.4 808.9 944.0 813.2 935.0 857.4 913.5 853.0 wheat 0
952.8 892.4 915.7 930.6 894.8 910.3 931.9 872.1 wheat 0
854.7 856.6 889.7 856.6 889.7 914.6 854.7 914.6 wheat 0
803.8 865.0 834.0 871.1 821.7 931.6 791.6 925.5 wheat 0
800.7 840.3 744.6 870.9 728.7 842.0 784.9 811.3 wheat 0
890.0 937.3 854.0 957.0 842.5 935.9 878.5 916.3 wheat 0
913.1 1001.7 894.1 1014.7 865.3 972.6 884.3 959.6 wheat 0
916.4 962.9 944.4 998.1 920.1 1017.4 892.1 982.1 wheat 0
760.1 962.2 739.5 966.3 732.4 931.1 753.0 926.9 wheat 0
673.2 773.2 630.2 796.7 617.3 773.0 660.3 749.5 wheat 0
656.3 777.5 685.7 789.9 675.2 814.8 645.7 802.3 wheat 0
571.0 694.6 535.9 713.7 524.4 692.7 559.5 673.5 wheat 0
505.7 549.4 582.8 582.1 570.7 610.6 493.6 578.0 wheat 0
567.7 497.6 601.7 497.6 601.7 551.6 567.7 551.6 wheat 0
627.8 667.9 647.7 684.6 627.7 708.3 607.8 691.6 wheat 0
460.7 814.8 531.3 829.1 524.7 861.4 454.2 847.1 wheat 0
548.7 822.9 567.2 838.4 525.7 887.6 507.3 872.1 wheat 0
536.5 718.8 501.7 754.6 489.7 742.9 524.4 707.1 wheat 0
402.7 632.6 489.5 680.0 471.7 712.6 384.9 665.2 wheat 0
416.2 708.7 351.5 721.8 343.3 681.6 408.0 668.5 wheat 0
298.7 653.6 326.1 659.2 310.8 734.6 283.4 729.1 wheat 0
323.7 665.6 352.7 665.6 352.7 698.6 323.7 698.6 wheat 0
241.7 671.6 368.2 710.7 356.7 747.6 230.3 708.5 wheat 0
405.7 741.6 377.2 757.2 360.3 726.4 388.9 710.8 wheat 0
386.0 843.4 348.7 854.9 342.5 834.8 379.8 823.3 wheat 0
258.9 588.1 363.1 598.6 359.9 630.1 255.7 619.6 wheat 0
377.7 586.6 355.8 601.6 322.5 553.0 344.5 538.0 wheat 0
321.5 564.7 343.1 569.1 337.9 594.5 316.4 590.2 wheat 0
449.1 576.2 398.7 610.6 376.0 577.3 426.3 542.9 wheat 0
436.2 550.5 409.8 568.5 383.3 529.8 409.7 511.7 wheat 0
476.7 530.6 515.7 530.6 515.7 553.6 476.7 553.6 wheat 0
430.5 407.7 365.8 420.8 359.0 387.5 423.7 374.4 wheat 0
480.2 433.1 446.9 439.8 443.3 422.2 476.6 415.4 wheat 0
449.7 734.6 478.7 734.6 478.7 764.6 449.7 764.6 wheat 0
390.7 781.6 432.7 781.6 432.7 801.6 390.7 801.6 wheat 0
250.0 764.5 182.4 778.2 176.4 748.8 244.1 735.1 wheat 0
154.7 740.9 103.1 756.8 92.8 723.4 144.4 707.4 wheat 0
79.4 786.3 49.0 792.5 45.1 772.9 75.4 766.7 wheat 0
50.6 642.5 94.7 666.6 80.6 692.6 36.4 668.5 wheat 0
10.6 658.5 49.7 670.6 41.4 697.6 2.3 685.5 wheat 0
161.4 969.8 127.6 973.2 122.1 918.4 155.9 915.1 wheat 0
833.7 289.6 954.6 340.7 940.0 375.4 819.1 324.3 wheat 0
786.8 328.5 761.7 349.6 738.1 321.6 763.2 300.5 wheat 0
699.5 231.0 736.2 242.3 723.7 282.6 687.0 271.3 wheat 0
674.3 194.4 701.7 217.5 684.7 237.6 657.4 214.6 wheat 0
705.6 265.7 667.8 286.3 654.9 262.6 692.6 242.0 wheat 0
678.5 297.4 649.7 321.6 603.5 266.7 632.2 242.5 wheat 0
639.7 239.6 606.7 257.7 567.5 185.9 600.5 167.9 wheat 0
673.1 205.8 651.8 232.6 607.5 197.4 628.7 170.6 wheat 0
68.1 603.4 14.7 626.0 5.4 603.9 58.8 581.3 wheat 0
201.5 607.7 270.8 645.6 255.0 674.5 185.7 636.7 wheat 0
90.1 544.7 61.0 569.2 13.4 512.6 42.4 488.1 wheat 0
33.7 427.6 106.1 477.1 88.4 503.0 16.0 453.5 wheat 0
246.9 472.0 215.7 520.6 197.6 509.0 228.8 460.4 wheat 0
246.5 240.4 334.9 288.7 320.7 314.6 232.4 266.3 wheat 0
406.7 226.6 364.0 280.4 339.6 261.1 382.3 207.2 wheat 0
411.1 237.6 436.5 242.8 424.4 302.6 398.9 297.4 wheat 0
490.0 261.2 450.7 282.6 409.2 206.5 448.4 185.1 wheat 0
369.3 181.2 336.1 195.2 302.2 115.1 335.4 101.0 wheat 0
244.9 77.8 310.4 122.7 294.7 145.6 229.2 100.8 wheat 0
177.7 112.6 151.7 130.4 77.8 22.4 103.9 4.6 wheat 0
156.9 159.2 265.9 192.9 256.7 222.6 147.7 188.9 wheat 0
80.5 134.8 192.6 229.2 173.7 251.6 61.7 157.2 wheat 0
25.2 249.3 143.6 285.9 130.3 328.9 11.9 292.3 wheat 0
748.7 89.6 771.7 89.6 771.7 151.6 748.7 151.6 wheat 0
884.7 108.9 954.0 156.3 934.8 184.4 865.5 136.9 wheat 0
979.9 33.6 1012.4 43.7 985.5 130.6 953.0 120.6 wheat 0
928.3 207.6 898.8 220.0 871.2 154.6 900.6 142.2 wheat 0
1004.7 245.0 982.1 249.6 975.8 218.2 998.3 213.6 wheat 0
225.7 21.6 270.7 21.6 270.7 58.6 225.7 58.6 wheat 0
