424.1 255.3 527.1 311.5 500.8 359.5 397.9 303.2 wheat 0
675.3 115.2 729.1 160.5 698.9 196.3 645.1 151.0 wheat 0
931.8 120.0 975.8 150.0 935.1 209.5 891.1 179.4 wheat 0
638.8 441.3 493.0 486.4 482.2 451.6 628.1 406.5 wheat 0
918.1 499.5 855.9 525.8 839.4 486.6 901.5 460.3 wheat 0
744.4 470.5 802.0 476.3 795.1 545.5 737.5 539.7 wheat 0
949.1 774.5 891.4 813.9 811.4 696.9 869.0 657.5 wheat 0
739.1 710.5 654.0 757.0 629.5 712.0 714.5 665.6 wheat 0
622.4 697.9 577.1 744.5 540.5 709.0 585.8 662.3 wheat 0
735.7 607.6 659.1 615.3 655.4 578.4 732.0 570.8 wheat 0
234.7 566.7 288.8 572.2 282.1 639.5 227.9 634.1 wheat 0
360.1 343.5 316.6 352.3 300.9 274.6 344.3 265.8 wheat 0
251.4 320.8 283.3 347.7 237.1 402.5 205.2 375.7 wheat 0
117.0 330.1 215.1 371.5 191.2 428.0 93.2 386.5 wheat 0
133.8 406.6 189.6 437.1 156.1 498.5 100.2 468.0 wheat 0
162.1 557.5 133.7 593.2 63.1 537.2 91.4 501.5 wheat 0
82.3 389.0 129.8 415.0 59.1 544.5 11.5 518.5 wheat 0
139.0 233.8 189.7 249.5 164.1 332.5 113.3 316.8 wheat 0
269.0 28.3 321.2 50.4 283.1 140.5 230.9 118.5 wheat 0
168.1 157.5 124.0 176.1 82.8 78.7 126.9 60.1 wheat 0
357.1 267.5 304.0 283.9 278.8 202.5 331.9 186.1 wheat 0
734.1 884.5 662.4 899.0 649.5 835.4 721.2 820.9 wheat 0
1007.1 905.5 954.9 921.6 934.8 856.4 986.9 840.3 wheat 0
601.6 873.5 646.4 892.4 615.1 966.5 570.3 947.6 wheat 0
910.2 249.9 958.4 254.7 951.1 327.5 902.9 322.7 wheat 0
970.8 250.6 1024.0 273.1 981.1 374.5 927.9 352.0 wheat 0
866.1 424.5 830.9 443.7 780.3 351.0 815.4 331.8 wheat 0
870.9 355.0 925.4 371.8 909.1 424.5 854.6 407.7 wheat 0
691.1 233.5 655.3 258.0 620.5 207.2 656.3 182.7 wheat 0
727.1 361.5 651.4 425.3 622.3 390.8 698.0 327.0 wheat 0
835.1 911.5 787.7 921.1 776.3 864.6 823.6 855.0 wheat 0
855.3 852.8 905.9 874.2 885.1 923.5 834.5 902.1 wheat 0
317.1 849.5 366.1 849.5 366.1 908.5 317.1 908.5 wheat 0
77.1 573.5 154.1 573.5 154.1 626.5 77.1 626.5 wheat 0
29.1 672.5 120.1 672.5 120.1 717.5 29.1 717.5 wheat 0
