658.1 503.5 699.1 503.5 699.1 609.5 658.1 609.5 wheat 0
864.1 409.2 984.1 433.5 975.5 475.7 855.6 451.4 wheat 0
900.1 398.5 852.3 418.7 801.6 298.7 849.3 278.6 wheat 0
762.9 330.7 865.1 386.5 845.9 421.6 743.7 365.8 wheat 0
668.3 331.6 810.1 391.5 791.5 435.3 649.8 375.4 wheat 0
535.2 273.0 666.1 344.5 639.4 393.4 508.5 321.9 wheat 0
353.4 270.6 505.1 317.5 490.2 365.6 338.5 318.7 wheat 0
483.1 329.5 436.8 338.9 410.9 211.2 457.2 201.8 wheat 0
431.1 286.5 373.8 304.2 321.8 136.0 379.0 118.3 wheat 0
449.1 393.5 402.7 407.8 379.4 332.5 425.8 318.2 wheat 0
378.5 87.3 515.1 129.5 502.8 169.0 366.3 126.7 wheat 0
387.1 100.5 355.1 127.5 296.7 58.3 328.8 31.2 wheat 0
417.5 22.8 609.0 61.6 600.1 105.5 408.7 66.7 wheat 0
765.2 93.9 931.9 234.3 903.1 268.5 736.4 128.1 wheat 0
867.1 130.9 982.1 166.5 967.1 214.8 852.2 179.2 wheat 0
948.1 330.5 905.8 353.6 851.1 253.6 893.4 230.5 wheat 0
853.6 663.3 919.1 718.5 890.8 752.0 825.3 696.9 wheat 0
889.2 731.3 983.1 782.5 964.2 817.0 870.4 765.8 wheat 0
765.9 769.1 842.1 784.5 833.7 825.8 757.6 810.3 wheat 0
883.1 898.5 850.9 920.5 793.4 836.5 825.6 814.5 wheat 0
765.9 869.8 829.6 882.7 818.1 939.5 754.4 926.6 wheat 0
596.4 781.0 695.1 848.5 675.7 876.9 577.0 809.3 wheat 0
758.1 780.5 661.9 800.0 652.1 751.6 748.3 732.1 wheat 0
644.7 617.6 751.1 650.5 737.4 694.6 631.0 661.6 wheat 0
506.8 570.8 638.1 642.5 618.3 678.7 487.0 607.0 wheat 0
594.2 628.2 673.1 727.5 639.1 754.4 560.3 655.1 wheat 0
506.8 649.1 578.1 663.5 569.7 704.9 498.5 690.4 wheat 0
296.8 430.8 404.1 452.5 395.8 493.5 288.5 471.7 wheat 0
237.3 346.7 365.1 416.5 344.3 454.6 216.5 384.8 wheat 0
303.1 298.5 253.6 319.4 207.6 210.8 257.1 189.8 wheat 0
167.0 230.5 281.1 308.5 262.9 335.0 148.9 257.0 wheat 0
79.2 372.5 139.1 413.5 121.3 439.5 61.4 398.6 wheat 0
251.4 405.1 354.1 534.5 317.2 563.8 214.5 434.4 wheat 0
322.7 580.6 474.0 684.2 445.1 726.5 293.7 623.0 wheat 0
527.5 738.1 592.1 792.5 566.9 822.3 502.4 768.0 wheat 0
315.1 758.4 467.3 773.6 462.1 825.5 309.9 810.2 wheat 0
374.0 827.9 427.9 838.8 417.1 892.5 363.2 881.6 wheat 0
554.1 995.5 512.9 1023.7 414.1 879.3 455.3 851.1 wheat 0
221.1 928.3 328.1 973.5 311.1 1013.6 204.2 968.4 wheat 0
165.7 955.9 250.8 982.3 238.1 1023.5 153.0 997.2 wheat 0
107.1 708.7 266.1 795.5 245.2 833.7 86.3 746.8 wheat 0
235.1 735.5 211.5 781.9 29.6 689.3 53.2 642.9 wheat 0
208.7 619.8 328.2 631.8 323.1 683.5 203.6 671.5 wheat 0
178.0 655.2 274.8 664.9 270.1 712.5 173.3 702.8 wheat 0
156.6 616.8 239.1 633.5 229.7 679.9 147.2 663.2 wheat 0
145.9 177.5 251.1 249.5 230.1 280.1 124.9 208.1 wheat 0
