742.1 265.5 1009.1 265.5 1009.1 327.5 742.1 327.5 wheat 0
798.1 518.5 534.5 629.9 508.1 567.4 771.6 456.0 wheat 0
874.1 646.5 556.3 678.4 550.0 615.7 867.8 583.8 wheat 0
721.9 673.2 779.1 745.2 737.1 778.5 679.9 706.5 wheat 0
953.1 635.5 786.7 806.8 743.7 765.1 910.1 593.8 wheat 0
888.1 914.5 814.7 929.4 793.8 826.3 867.2 811.4 wheat 0
840.1 829.5 719.3 912.1 690.8 870.4 811.5 787.8 wheat 0
784.1 177.5 516.7 452.8 450.2 388.2 717.6 112.9 wheat 0
969.1 99.5 721.6 176.1 705.7 124.9 953.2 48.3 wheat 0
593.1 483.5 456.0 497.3 448.5 422.6 585.6 408.9 wheat 0
545.1 528.5 402.2 626.3 364.4 571.1 507.3 473.3 wheat 0
384.9 581.8 451.4 588.4 442.1 681.5 375.6 674.8 wheat 0
479.1 656.5 322.7 788.2 288.2 747.2 444.5 615.5 wheat 0
471.1 679.5 690.1 679.5 690.1 733.5 471.1 733.5 wheat 0
765.5 509.3 967.1 529.5 962.9 571.3 761.3 551.1 wheat 0
675.1 765.5 477.3 805.6 466.7 753.1 664.4 713.0 wheat 0
576.1 753.2 694.1 852.5 659.9 893.1 541.9 793.8 wheat 0
498.7 778.1 666.1 869.5 643.1 911.6 475.7 820.2 wheat 0
584.1 869.5 456.4 977.0 423.8 938.3 551.5 830.8 wheat 0
434.8 752.7 491.6 776.7 440.1 898.5 383.3 874.5 wheat 0
241.1 720.2 304.5 733.0 279.1 858.5 215.7 845.7 wheat 0
257.1 918.5 209.4 938.6 158.5 818.2 206.1 798.1 wheat 0
182.1 939.5 21.4 955.6 14.9 891.1 175.6 875.0 wheat 0
119.0 751.3 168.6 772.3 108.1 915.5 58.4 894.5 wheat 0
153.1 676.5 223.1 676.5 223.1 736.5 153.1 736.5 wheat 0
171.1 616.5 267.1 616.5 267.1 690.5 171.1 690.5 wheat 0
172.9 445.2 231.9 463.5 169.1 666.5 110.0 648.3 wheat 0
181.1 478.5 460.1 478.5 460.1 527.5 181.1 527.5 wheat 0
505.1 423.5 228.7 451.2 222.2 385.7 498.5 358.0 wheat 0
532.1 307.5 411.7 408.9 372.3 362.1 492.7 260.7 wheat 0
625.1 238.5 520.1 271.0 506.2 225.9 611.1 193.4 wheat 0
614.1 132.6 550.1 186.5 518.8 149.4 582.8 95.4 wheat 0
454.1 100.4 504.9 116.1 454.1 280.5 403.2 264.8 wheat 0
403.1 329.5 334.6 336.4 312.1 112.5 380.6 105.6 wheat 0
472.1 114.5 436.8 169.4 291.7 76.2 327.0 21.3 wheat 0
315.1 241.5 247.5 278.4 163.9 125.4 231.5 88.5 wheat 0
339.5 245.2 345.1 323.5 167.2 336.1 161.6 257.8 wheat 0
