345.7 420.6 449.1 452.6 438.2 487.6 334.9 455.7 wheat 0
801.8 703.7 886.6 720.9 878.5 760.8 793.7 743.6 wheat 0
802.1 616.8 844.0 645.5 825.7 672.3 783.7 643.6 wheat 0
913.2 536.1 942.1 640.3 906.8 650.1 877.8 545.9 wheat 0
809.7 540.6 878.5 569.7 863.7 604.6 795.0 575.5 wheat 0
627.7 533.6 683.4 557.1 673.7 580.1 618.0 556.6 wheat 0
955.7 492.6 1023.9 513.7 1012.2 551.6 944.0 530.5 wheat 0
591.7 431.6 640.1 446.6 633.2 468.6 584.9 453.7 wheat 0
906.7 314.9 958.8 368.5 938.0 388.8 885.9 335.2 wheat 0
889.7 269.6 920.7 308.6 900.2 324.9 869.3 285.9 wheat 0
907.7 305.6 1016.8 339.4 1010.2 360.6 901.2 326.9 wheat 0
904.6 57.9 973.7 95.6 953.8 132.0 884.7 94.3 wheat 0
929.0 13.6 999.2 52.0 985.0 78.0 914.7 39.6 wheat 0
663.4 37.3 717.0 82.3 700.7 101.6 647.2 56.5 wheat 0
695.0 12.9 762.6 49.8 745.8 80.7 678.1 43.7 wheat 0
490.0 21.3 605.8 70.2 593.7 98.6 478.0 49.7 wheat 0
26.7 361.2 101.7 412.6 80.7 443.4 5.6 392.0 wheat 0
7.6 302.4 114.4 324.0 106.7 361.6 0.0 340.0 wheat 0
216.7 324.6 264.5 339.4 256.7 364.6 208.9 349.8 wheat 0
294.0 345.8 394.3 355.9 390.6 392.6 290.3 382.5 wheat 0
337.3 338.4 274.0 344.8 271.4 319.0 334.7 312.6 wheat 0
169.3 10.1 259.7 59.5 243.7 88.6 153.4 39.3 wheat 0
138.4 6.7 226.7 97.6 197.5 126.0 109.1 35.1 wheat 0
36.7 206.3 92.7 223.6 84.9 249.0 28.9 231.7 wheat 0
110.7 229.6 162.3 282.7 136.5 307.7 85.0 254.6 wheat 0
439.7 483.4 540.5 552.4 526.7 572.6 425.9 503.6 wheat 0
698.1 567.7 785.1 594.6 776.7 621.5 689.7 594.6 wheat 0
562.0 613.2 660.1 643.6 648.8 680.0 550.7 649.6 wheat 0
469.5 266.4 554.1 292.6 546.3 317.8 461.7 291.6 wheat 0
209.7 182.6 337.6 222.2 324.7 263.6 196.9 224.1 wheat 0
485.7 830.6 574.0 857.9 563.2 892.6 475.0 865.3 wheat 0
682.7 956.8 774.1 956.8 774.1 997.6 682.7 997.6 wheat 0
861.7 839.6 914.0 850.2 907.3 882.8 855.1 872.3 wheat 0
928.7 820.6 990.7 854.5 976.6 880.1 914.7 846.3 wheat 0
683.8 833.0 797.8 856.1 789.9 895.1 675.9 872.0 wheat 0
634.9 711.0 690.7 820.6 648.9 841.9 593.1 732.2 wheat 0
661.2 687.9 744.6 696.3 741.1 731.0 657.7 722.6 wheat 0
520.2 641.9 600.1 666.6 590.6 697.3 510.7 672.6 wheat 0
570.0 629.1 434.0 642.8 430.7 610.3 566.7 596.6 wheat 0
228.7 527.6 317.6 576.2 305.6 598.1 216.7 549.6 wheat 0
44.7 489.6 161.5 501.3 159.0 526.8 42.2 515.1 wheat 0
94.2 434.7 135.0 498.3 101.7 519.6 60.9 456.1 wheat 0
132.7 864.6 18.8 876.0 15.3 841.3 129.2 829.8 wheat 0
153.7 935.6 257.1 967.6 246.2 1002.6 142.9 970.7 wheat 0
249.9 930.5 344.1 930.5 344.1 967.4 249.9 967.4 wheat 0
332.2 896.9 472.0 911.0 467.7 953.6 328.0 939.6 wheat 0
546.7 903.6 448.0 923.6 442.3 895.9 541.1 875.9 wheat 0
177.4 801.3 280.5 888.0 254.7 918.6 151.7 831.8 wheat 0
385.7 867.6 298.1 876.4 295.3 849.3 383.0 840.5 wheat 0
112.0 737.5 181.3 744.4 178.7 769.6 109.5 762.7 wheat 0
236.7 719.6 164.9 726.8 162.7 705.6 234.6 698.4 wheat 0
111.3 687.0 3.7 697.8 0.0 661.3 107.6 650.5 wheat 0
155.3 636.4 44.7 670.6 33.7 634.8 144.2 600.6 wheat 0
199.7 634.8 324.1 634.8 324.1 670.6 199.7 670.6 wheat 0
139.7 567.6 280.2 611.1 270.7 641.5 130.3 598.0 wheat 0
372.6 11.4 478.6 32.9 471.3 68.8 365.3 47.4 wheat 0
93.0 998.3 9.4 1006.7 6.5 977.9 90.1 969.5 wheat 0
18.2 40.9 84.0 76.9 66.3 109.3 0.5 73.4 wheat 0
781.5 752.5 718.9 778.9 709.9 757.8 772.6 731.3 wheat 0
812.4 213.7 756.5 225.1 752.1 203.5 808.0 192.2 wheat 0
978.7 198.6 961.2 210.6 935.0 172.3 952.5 160.3 wheat 0
