615.2 818.3 688.3 893.6 669.7 911.6 596.6 836.3 wheat 0
797.9 902.9 780.7 914.6 726.2 834.9 743.3 823.2 wheat 0
804.3 835.3 838.1 838.7 832.7 892.6 798.9 889.2 wheat 0
846.5 835.8 923.7 888.6 903.4 918.3 826.2 865.5 wheat 0
913.6 870.6 946.4 888.5 932.6 913.7 899.8 895.8 wheat 0
970.5 905.6 1023.9 928.2 1011.0 958.6 957.6 936.0 wheat 0
770.6 955.5 826.7 993.9 806.9 1022.8 750.8 984.4 wheat 0
531.2 925.0 596.2 945.1 590.3 964.2 525.3 944.1 wheat 0
547.7 982.6 607.7 988.6 605.4 1011.7 545.4 1005.7 wheat 0
489.3 984.5 543.2 995.4 537.2 1024.8 483.3 1013.9 wheat 0
499.7 977.6 440.8 983.5 437.3 949.2 496.3 943.3 wheat 0
446.5 875.5 511.4 911.0 495.7 939.6 430.8 904.2 wheat 0
447.7 934.6 410.2 942.2 387.5 830.4 425.1 822.7 wheat 0
402.7 994.6 320.3 1020.1 312.8 995.8 395.2 970.3 wheat 0
242.8 811.1 363.7 883.6 342.9 918.4 222.0 845.9 wheat 0
366.7 827.6 336.6 844.1 276.7 734.4 306.8 718.0 wheat 0
220.8 899.7 310.0 948.4 295.7 974.6 206.5 925.9 wheat 0
152.6 923.6 224.2 938.1 219.8 959.6 148.3 945.1 wheat 0
162.3 876.3 222.7 917.6 208.5 938.4 148.0 897.1 wheat 0
156.3 818.3 255.7 872.6 236.8 907.3 137.3 853.0 wheat 0
122.0 796.2 176.7 833.6 162.6 854.2 107.9 816.8 wheat 0
41.8 808.1 117.3 871.7 92.0 901.7 16.5 838.1 wheat 0
83.7 903.6 56.6 926.4 2.2 861.8 29.3 839.0 wheat 0
83.4 882.1 174.7 944.6 154.7 973.9 63.3 911.4 wheat 0
139.7 760.6 198.7 760.6 198.7 786.6 139.7 786.6 wheat 0
393.7 738.6 368.3 760.0 318.0 700.2 343.4 678.8 wheat 0
261.9 662.3 324.5 688.8 315.6 709.9 252.9 683.5 wheat 0
270.0 607.2 378.7 681.6 362.9 704.7 254.2 630.4 wheat 0
103.0 599.5 183.8 643.6 168.4 671.7 87.7 627.6 wheat 0
94.7 601.6 75.5 625.8 4.0 569.1 23.2 544.9 wheat 0
9.5 584.2 80.2 591.2 77.0 623.1 6.3 616.0 wheat 0
46.5 481.2 154.5 555.0 139.7 576.6 31.8 502.7 wheat 0
86.9 553.1 65.7 564.6 10.1 462.8 31.3 451.2 wheat 0
144.7 530.6 124.7 547.5 52.6 461.9 72.6 445.0 wheat 0
50.6 393.2 137.7 466.6 120.3 487.4 33.1 414.0 wheat 0
170.1 479.3 292.7 582.6 272.7 606.4 150.0 503.1 wheat 0
267.7 547.6 228.2 564.3 195.4 486.6 234.9 469.9 wheat 0
290.4 479.3 328.7 527.6 305.8 545.9 267.4 497.5 wheat 0
315.0 519.2 417.5 562.6 402.7 597.6 300.1 554.2 wheat 0
335.7 560.1 457.8 626.9 443.7 652.6 321.6 585.9 wheat 0
384.4 629.0 446.1 655.1 432.1 688.2 370.4 662.1 wheat 0
442.4 599.0 535.9 650.1 517.8 683.3 424.3 632.2 wheat 0
530.0 696.7 601.4 735.7 587.7 760.6 516.3 721.6 wheat 0
611.1 600.2 524.5 608.9 521.4 578.0 608.0 569.4 wheat 0
445.9 545.2 524.9 588.4 507.6 620.0 428.6 576.8 wheat 0
579.2 583.5 652.5 623.5 638.7 648.6 565.5 608.6 wheat 0
635.0 580.2 669.4 583.6 662.7 649.6 628.4 646.2 wheat 0
857.0 638.5 831.2 660.3 768.9 586.4 794.7 564.6 wheat 0
896.2 578.4 942.9 617.7 924.2 639.9 877.6 600.6 wheat 0
877.7 639.6 910.7 639.6 910.7 672.6 877.7 672.6 wheat 0
777.7 533.6 747.7 546.3 706.6 449.0 736.6 436.3 wheat 0
509.2 509.8 487.8 527.9 434.3 464.4 455.7 446.4 wheat 0
386.7 433.2 458.7 463.6 450.5 483.2 378.5 452.7 wheat 0
612.8 405.0 677.0 448.9 660.7 472.6 596.6 428.7 wheat 0
758.5 386.3 816.7 459.6 795.5 476.5 737.3 403.1 wheat 0
999.7 499.6 976.5 515.5 945.3 469.8 968.5 453.9 wheat 0
957.2 437.0 930.9 451.4 912.2 417.2 938.6 402.8 wheat 0
876.7 383.6 850.6 394.7 794.5 262.0 820.6 250.9 wheat 0
839.7 374.3 819.9 387.8 783.8 335.0 803.6 321.4 wheat 0
934.6 333.1 913.7 354.6 801.1 245.2 822.0 223.7 wheat 0
936.1 320.2 908.7 325.7 895.4 260.1 922.8 254.5 wheat 0
747.5 201.2 800.7 237.6 786.0 259.1 732.8 222.7 wheat 0
744.5 125.0 801.7 136.6 794.7 171.3 737.5 159.7 wheat 0
303.0 301.0 275.0 320.2 220.7 240.8 248.7 221.6 wheat 0
269.0 388.0 235.4 411.0 190.3 345.0 223.9 322.0 wheat 0
172.5 225.3 220.7 265.9 206.5 282.7 158.3 242.1 wheat 0
89.8 247.0 188.5 301.0 171.0 333.0 72.3 279.1 wheat 0
33.2 285.6 126.6 364.3 105.0 390.0 11.6 311.3 wheat 0
94.4 144.2 149.1 213.1 125.6 231.8 70.9 162.9 wheat 0
83.9 257.6 65.8 276.3 4.1 216.4 22.2 197.7 wheat 0
12.4 229.4 60.3 255.5 48.0 278.0 0.1 251.8 wheat 0
110.6 43.4 166.8 74.1 153.4 98.6 97.2 67.9 wheat 0
48.1 4.7 109.3 56.3 91.0 78.0 29.8 26.4 wheat 0
360.8 47.5 419.2 121.1 397.2 138.5 338.8 64.9 wheat 0
334.3 164.3 363.5 194.4 347.7 209.7 318.5 179.6 wheat 0
420.1 186.0 490.5 274.7 470.0 291.0 399.6 202.3 wheat 0
506.5 260.1 587.2 315.3 571.0 339.0 490.3 283.8 wheat 0
546.0 314.0 524.3 332.2 466.2 263.2 487.8 244.9 wheat 0
593.0 273.0 565.7 291.7 509.4 209.3 536.7 190.7 wheat 0
589.7 267.3 680.0 408.0 653.5 425.0 563.1 284.3 wheat 0
592.0 266.8 683.1 295.0 672.0 331.0 580.9 302.8 wheat 0
593.1 202.8 705.3 264.1 690.0 292.0 577.8 230.7 wheat 0
684.0 279.0 752.8 349.8 732.0 370.0 663.2 299.2 wheat 0
494.0 80.0 462.6 97.1 424.5 27.4 455.9 10.2 wheat 0
505.6 14.4 545.0 64.0 527.6 77.8 488.2 28.1 wheat 0
682.3 52.2 663.2 68.3 620.7 17.8 639.8 1.7 wheat 0
707.8 60.3 677.4 66.5 665.2 6.7 695.6 0.5 wheat 0
706.0 3.0 739.0 3.0 739.0 27.0 706.0 27.0 wheat 0
882.0 14.0 927.0 70.8 901.8 90.8 856.8 34.0 wheat 0
938.6 70.2 1007.0 117.0 991.7 139.4 923.3 92.6 wheat 0
