826.9 597.5 855.8 617.3 805.6 690.7 776.7 671.0 wheat 0
433.8 834.5 406.7 876.6 361.7 847.7 388.7 805.6 wheat 0
545.1 771.3 551.0 805.7 516.7 811.6 510.8 777.2 wheat 0
644.7 586.7 677.7 600.6 642.8 683.2 609.8 669.3 wheat 0
687.7 678.2 650.4 693.9 629.5 644.4 666.7 628.6 wheat 0
588.3 173.8 551.9 198.7 520.3 152.5 556.7 127.6 wheat 0
886.3 518.4 912.7 529.6 883.2 599.5 856.8 588.3 wheat 0
801.9 463.4 832.7 469.6 818.0 542.5 787.2 536.3 wheat 0
1021.4 810.5 1020.8 871.5 974.3 871.1 974.9 810.1 wheat 0
822.7 745.8 855.7 773.6 816.3 820.5 783.2 792.6 wheat 0
902.7 317.9 925.7 333.6 899.5 371.9 876.5 356.1 wheat 0
33.7 11.6 55.7 11.6 55.7 62.6 33.7 62.6 wheat 0
620.7 71.6 646.7 71.6 646.7 131.6 620.7 131.6 wheat 0
