551.1 233.5 628.1 233.5 628.1 323.5 551.1 323.5 wheat 0
765.1 140.5 708.8 211.5 663.6 175.6 719.9 104.7 wheat 0
727.4 419.1 792.2 432.3 771.1 536.5 706.3 523.4 wheat 0
924.1 650.5 861.8 684.5 819.5 607.1 881.7 573.1 wheat 0
889.1 811.5 831.6 850.8 732.4 705.7 789.8 666.4 wheat 0
764.1 667.5 674.7 685.6 651.5 571.4 740.9 553.3 wheat 0
661.1 679.5 608.2 701.8 570.0 611.5 622.9 589.1 wheat 0
420.1 418.8 501.0 435.2 467.1 602.5 386.2 586.1 wheat 0
487.1 313.5 324.0 329.9 316.7 256.5 479.7 240.1 wheat 0
273.2 195.9 411.1 238.5 394.3 292.7 256.4 250.1 wheat 0
130.8 325.8 229.1 379.5 193.5 444.5 95.3 390.9 wheat 0
244.1 397.2 323.6 421.8 302.1 491.5 222.5 466.9 wheat 0
349.0 415.0 418.8 436.6 385.1 545.5 315.3 523.9 wheat 0
201.1 624.5 138.7 658.6 55.4 506.2 117.8 472.1 wheat 0
89.1 627.5 30.8 639.3 -0.0 487.5 58.3 475.7 wheat 0
14.4 637.2 151.4 651.0 145.1 714.5 8.1 700.8 wheat 0
139.4 703.6 346.9 791.3 318.1 859.5 110.6 771.8 wheat 0
460.1 902.5 392.1 939.7 319.4 806.7 387.4 769.6 wheat 0
344.1 782.5 275.7 803.7 230.8 658.5 299.2 637.4 wheat 0
398.8 623.3 529.1 694.5 499.1 749.5 368.7 678.3 wheat 0
142.1 206.3 216.6 229.3 197.1 292.5 122.6 269.5 wheat 0
584.1 608.5 514.9 615.4 503.8 505.2 573.0 498.2 wheat 0
263.2 532.5 345.5 557.9 331.1 604.5 248.8 579.1 wheat 0
341.9 566.7 408.7 573.5 403.1 629.5 336.2 622.8 wheat 0
105.1 922.5 28.3 938.1 3.8 817.5 80.6 801.9 wheat 0
251.8 268.2 348.3 309.0 321.1 373.5 224.5 332.7 wheat 0
