473.0 404.0 652.2 440.3 638.7 506.6 459.6 470.3 wheat 0
483.5 409.3 451.4 436.3 435.9 418.0 468.1 390.9 wheat 0
749.7 581.6 686.4 601.2 672.9 557.4 736.2 537.9 wheat 0
537.6 570.2 437.3 601.2 424.9 561.1 525.2 530.0 wheat 0
453.1 677.4 392.4 683.5 387.4 633.8 448.1 627.7 wheat 0
709.7 865.5 667.0 883.5 640.0 819.7 682.7 801.6 wheat 0
835.7 929.6 768.4 966.4 703.4 847.4 770.7 810.6 wheat 0
913.3 889.4 849.3 932.2 760.4 799.4 824.3 756.5 wheat 0
223.1 646.7 334.9 681.3 318.7 733.6 206.9 699.0 wheat 0
183.6 684.4 161.7 740.6 106.8 719.2 128.6 663.1 wheat 0
126.7 756.6 172.7 756.6 172.7 873.6 126.7 873.6 wheat 0
236.2 805.1 342.5 914.5 285.7 969.6 179.4 860.2 wheat 0
83.4 379.4 156.6 402.0 121.7 514.6 48.6 492.0 wheat 0
177.8 399.1 310.9 463.4 284.7 517.6 151.6 453.3 wheat 0
126.8 269.5 163.7 300.6 105.3 369.9 68.5 338.9 wheat 0
360.0 163.9 420.8 205.4 398.7 237.6 338.0 196.1 wheat 0
346.2 202.5 439.3 221.4 432.3 255.7 339.2 236.8 wheat 0
745.8 103.9 802.1 127.7 759.1 229.4 702.7 205.6 wheat 0
822.1 204.9 906.1 275.7 865.7 323.6 781.7 252.9 wheat 0
988.7 379.8 957.7 411.6 925.6 380.4 956.6 348.6 wheat 0
978.7 573.6 1022.7 573.6 1022.7 670.6 978.7 670.6 wheat 0
570.9 64.6 513.2 70.3 506.5 3.7 564.2 -2.1 wheat 0
110.1 33.2 197.3 106.6 157.4 154.0 70.2 80.6 wheat 0
491.7 482.6 522.7 482.6 522.7 525.6 491.7 525.6 wheat 0
566.9 621.9 536.5 634.7 513.6 580.4 543.9 567.5 wheat 0
555.7 570.6 649.7 570.6 649.7 590.6 555.7 590.6 wheat 0
493.7 381.6 550.7 381.6 550.7 405.6 493.7 405.6 wheat 0
380.9 387.3 455.4 402.4 450.6 425.9 376.1 410.8 wheat 0
