731.1 400.0 649.7 455.6 629.1 425.5 710.5 369.8 wheat 0
583.7 577.6 536.1 597.7 504.4 522.8 552.0 502.7 wheat 0
622.5 586.9 579.5 600.2 552.0 511.3 595.0 498.0 wheat 0
706.3 643.4 610.7 695.6 584.9 648.2 680.4 596.1 wheat 0
795.7 765.6 755.9 773.7 736.9 679.9 776.7 671.8 wheat 0
874.5 690.4 909.1 719.6 830.7 812.6 796.1 783.5 wheat 0
945.2 701.1 1024.0 755.0 1003.7 784.6 925.0 730.7 wheat 0
1020.7 864.6 981.3 876.8 957.6 800.3 997.1 788.1 wheat 0
449.7 707.6 398.2 718.1 375.2 604.8 426.8 594.3 wheat 0
463.7 891.6 422.4 895.8 404.8 721.0 446.2 716.8 wheat 0
498.7 886.6 538.7 886.6 538.7 986.6 498.7 986.6 wheat 0
504.4 956.4 462.6 960.6 457.1 905.8 498.9 901.7 wheat 0
326.7 822.6 280.0 854.6 187.9 719.9 234.6 688.0 wheat 0
270.7 811.6 150.8 912.6 115.0 870.2 235.0 769.1 wheat 0
156.8 913.9 190.7 937.0 133.6 1020.4 99.8 997.2 wheat 0
251.9 962.8 178.4 977.7 170.6 939.5 244.1 924.6 wheat 0
336.5 553.7 371.4 568.5 330.7 664.6 295.9 649.9 wheat 0
200.7 625.6 289.7 625.6 289.7 667.6 200.7 667.6 wheat 0
188.7 414.5 240.6 430.5 190.7 591.6 138.8 575.6 wheat 0
137.3 481.3 164.1 489.6 140.1 566.9 113.4 558.7 wheat 0
124.7 480.6 67.4 492.2 53.7 424.4 111.0 412.8 wheat 0
13.5 359.0 109.0 368.6 102.0 439.2 6.4 429.6 wheat 0
239.7 305.6 209.2 331.3 159.1 271.9 189.7 246.2 wheat 0
384.7 243.6 301.6 252.0 297.3 209.3 380.5 200.9 wheat 0
247.7 234.6 270.7 234.6 270.7 280.6 247.7 280.6 wheat 0
454.4 289.4 489.2 308.5 454.7 371.6 419.9 352.6 wheat 0
506.5 7.1 543.1 22.6 506.7 108.6 470.1 93.1 wheat 0
105.7 5.6 146.7 5.6 146.7 123.6 105.7 123.6 wheat 0
338.9 18.6 352.3 32.5 266.7 115.6 253.3 101.8 wheat 0
226.7 80.6 247.7 80.6 247.7 126.6 226.7 126.6 wheat 0
647.7 538.6 674.7 538.6 674.7 571.6 647.7 571.6 wheat 0
926.5 344.6 1023.5 364.2 1014.7 407.6 917.7 387.9 wheat 0
338.7 876.6 365.7 876.6 365.7 967.6 338.7 967.6 wheat 0
413.7 958.3 473.9 983.7 461.7 1012.6 401.5 987.2 wheat 0
49.7 950.6 18.5 953.7 11.8 886.2 43.0 883.0 wheat 0
545.8 634.2 520.9 636.7 512.7 555.1 537.6 552.6 wheat 0
