488.8 469.5 569.3 513.5 551.7 545.7 471.2 501.7 wheat 0
545.8 476.5 456.0 494.7 448.7 458.7 538.5 440.5 wheat 0
469.7 612.6 542.1 627.3 536.5 654.7 464.2 640.0 wheat 0
525.8 859.1 606.8 867.2 602.7 907.6 521.7 899.5 wheat 0
841.7 927.9 783.7 939.6 777.6 909.4 835.5 897.6 wheat 0
849.7 862.2 964.7 862.2 964.7 900.6 849.7 900.6 wheat 0
931.0 829.8 990.5 848.2 981.3 878.0 921.7 859.6 wheat 0
856.7 808.6 806.4 836.1 788.9 804.0 839.2 776.6 wheat 0
619.7 806.6 696.0 822.1 687.7 862.6 611.5 847.2 wheat 0
373.7 786.6 446.1 801.3 440.5 828.7 368.2 814.0 wheat 0
248.8 782.1 349.6 792.2 345.7 830.6 244.9 820.5 wheat 0
133.3 669.8 123.7 743.6 73.4 737.1 83.0 663.2 wheat 0
-0.0 615.7 39.7 615.7 39.7 652.6 -0.0 652.6 wheat 0
141.6 387.4 209.6 416.1 198.7 441.9 130.7 413.1 wheat 0
82.4 457.7 154.8 497.2 138.7 526.6 66.4 487.1 wheat 0
52.7 492.6 125.1 507.3 119.5 534.7 47.2 520.0 wheat 0
27.7 518.6 155.3 544.5 146.7 586.6 19.2 560.8 wheat 0
294.7 585.6 333.6 593.5 327.7 622.6 288.8 614.7 wheat 0
208.2 487.8 256.7 528.6 238.4 550.4 189.9 509.6 wheat 0
167.7 444.6 333.5 478.2 325.7 516.6 160.0 483.0 wheat 0
530.0 324.6 592.7 403.6 564.0 426.5 501.2 347.4 wheat 0
367.4 458.7 416.3 485.4 398.7 517.6 349.8 490.9 wheat 0
610.7 558.6 710.1 578.8 702.8 614.9 603.4 594.8 wheat 0
648.6 595.4 716.6 624.1 705.7 649.9 637.7 621.1 wheat 0
708.4 583.8 749.2 606.1 734.6 632.9 693.7 610.6 wheat 0
721.6 550.3 660.7 562.6 653.7 527.9 714.5 515.6 wheat 0
922.8 606.1 965.6 624.1 956.5 645.7 913.7 627.6 wheat 0
694.4 462.4 756.6 526.4 732.7 549.6 670.6 485.6 wheat 0
949.7 517.6 998.3 527.5 992.5 555.7 944.0 545.8 wheat 0
922.9 70.1 978.7 127.6 953.2 152.4 897.4 94.9 wheat 0
1019.3 175.3 941.7 240.6 913.8 207.5 991.4 142.2 wheat 0
973.7 210.6 999.9 262.0 973.2 275.6 947.0 224.2 wheat 0
592.7 249.6 639.9 275.4 628.8 295.6 581.7 269.9 wheat 0
695.7 270.6 760.0 283.6 754.7 309.6 690.5 296.6 wheat 0
80.8 292.1 154.3 299.4 151.5 327.2 78.0 319.9 wheat 0
147.4 266.4 216.3 304.1 195.7 341.6 126.9 304.0 wheat 0
354.0 284.4 434.9 309.4 422.7 348.6 341.9 323.6 wheat 0
115.7 866.6 63.9 902.1 48.8 880.0 100.6 844.5 wheat 0
242.4 945.8 184.7 951.6 181.8 922.8 239.5 917.1 wheat 0
196.7 869.6 286.4 897.4 277.3 926.9 187.6 899.2 wheat 0
296.3 843.9 222.8 851.2 220.0 823.4 293.5 816.1 wheat 0
360.1 911.8 306.7 922.6 301.7 897.7 355.0 886.9 wheat 0
333.7 854.6 383.4 881.8 369.8 906.6 320.2 879.5 wheat 0
469.1 900.9 382.7 927.6 370.6 888.5 457.0 861.8 wheat 0
571.5 916.1 501.0 937.9 492.7 911.2 563.3 889.4 wheat 0
562.5 904.5 598.7 975.6 568.1 991.2 531.9 920.1 wheat 0
292.8 2.8 322.7 49.3 295.7 66.6 265.9 20.1 wheat 0
127.0 167.7 206.9 192.4 197.6 222.3 117.7 197.6 wheat 0
47.8 58.8 138.6 108.4 119.3 143.7 28.5 94.1 wheat 0
677.2 36.5 742.0 91.1 715.5 122.5 650.8 67.9 wheat 0
815.3 116.9 899.5 125.3 895.4 166.1 811.2 157.7 wheat 0
684.4 112.1 762.3 145.1 746.4 182.9 668.4 149.9 wheat 0
517.6 120.6 640.7 172.6 622.7 215.4 499.5 163.3 wheat 0
329.7 26.6 437.4 100.2 414.7 133.3 307.1 59.7 wheat 0
222.2 107.8 335.8 142.9 325.9 174.9 212.3 139.8 wheat 0
271.6 66.8 362.7 143.6 339.9 170.7 248.8 93.9 wheat 0
204.6 125.5 256.7 259.6 213.0 276.6 160.9 142.5 wheat 0
569.1 972.5 635.4 1000.5 626.4 1021.7 560.1 993.7 wheat 0
6.7 777.6 40.7 777.6 40.7 836.6 6.7 836.6 wheat 0
