901.6 770.8 813.7 788.6 729.6 373.8 817.5 355.9 wheat 0
156.8 875.6 245.7 875.6 245.7 1018.3 156.8 1018.3 wheat 0
241.2 0.0 268.7 60.2 168.2 106.2 140.7 46.0 wheat 0
121.8 1007.0 42.7 1023.0 5.6 840.0 84.7 824.0 wheat 0
759.3 334.1 714.7 371.6 640.2 283.1 684.7 245.6 wheat 0
588.7 134.6 591.1 215.7 479.3 219.0 476.9 137.9 wheat 0
397.3 828.3 485.7 855.6 433.7 1023.8 345.2 996.5 wheat 0
43.8 0.0 111.7 0.0 111.7 177.6 43.8 177.6 wheat 0
445.7 206.3 414.7 254.6 350.7 213.5 381.7 165.2 wheat 0
262.7 452.6 333.0 466.9 323.5 513.6 253.3 499.4 wheat 0
375.8 520.3 441.2 622.0 71.0 859.7 5.7 757.9 wheat 0
304.7 912.6 376.7 912.6 376.7 1019.6 304.7 1019.6 wheat 0
