405.9 475.9 375.5 485.3 351.7 408.3 382.1 398.9 wheat 0
317.1 423.5 349.0 433.4 320.9 523.9 289.0 514.1 wheat 0
257.1 508.0 281.6 528.6 246.8 569.9 222.3 549.3 wheat 0
557.9 494.9 461.7 535.6 448.7 505.0 545.0 464.3 wheat 0
481.8 512.5 503.2 530.5 478.1 560.4 456.7 542.3 wheat 0
498.5 584.0 450.8 598.8 443.4 574.9 491.1 560.1 wheat 0
427.2 561.7 455.8 591.1 385.9 658.9 357.4 629.5 wheat 0
379.9 612.9 256.4 638.0 249.1 602.1 372.7 577.0 wheat 0
576.0 554.3 594.7 573.6 545.9 620.9 527.2 601.6 wheat 0
565.9 606.9 637.9 606.9 637.9 631.9 565.9 631.9 wheat 0
526.3 606.9 588.7 619.5 582.9 647.9 520.5 635.3 wheat 0
509.9 645.9 460.6 650.9 457.0 614.5 506.3 609.5 wheat 0
496.4 708.7 544.7 718.5 537.9 751.9 489.6 742.1 wheat 0
574.3 700.3 602.5 706.0 593.9 747.9 565.8 742.2 wheat 0
669.5 661.2 701.9 678.9 679.2 720.6 646.7 702.9 wheat 0
730.6 574.7 771.8 597.2 748.3 640.2 707.1 617.7 wheat 0
809.9 544.9 755.3 591.0 731.0 562.3 785.7 516.2 wheat 0
876.9 656.9 768.1 690.6 758.1 658.1 866.9 624.4 wheat 0
439.6 782.2 470.6 799.2 454.9 827.9 423.9 811.0 wheat 0
274.3 667.9 334.9 693.5 319.9 728.9 259.3 703.3 wheat 0
339.9 654.7 378.9 694.9 353.7 719.5 314.6 679.2 wheat 0
270.8 719.2 334.4 732.1 327.9 763.9 264.4 751.1 wheat 0
134.9 748.9 202.9 748.9 202.9 781.9 134.9 781.9 wheat 0
216.5 753.6 265.3 758.5 262.4 787.3 213.6 782.4 wheat 0
130.1 765.0 93.3 768.7 88.8 723.9 125.6 720.2 wheat 0
32.4 651.3 91.7 683.8 71.9 719.9 12.6 687.5 wheat 0
110.9 821.9 142.9 821.9 142.9 845.9 110.9 845.9 wheat 0
187.5 895.8 143.0 926.3 124.3 899.1 168.9 868.6 wheat 0
13.1 919.2 44.7 922.3 37.9 989.9 6.4 986.8 wheat 0
541.7 892.4 680.3 920.5 671.9 961.9 533.3 933.8 wheat 0
670.7 866.0 731.4 872.1 728.2 903.9 667.5 897.8 wheat 0
724.0 936.9 763.8 964.2 722.9 1023.9 683.1 996.7 wheat 0
807.1 707.7 855.4 712.5 851.9 746.9 803.6 742.1 wheat 0
908.9 708.9 864.9 722.6 855.0 690.5 899.0 676.9 wheat 0
868.2 736.2 928.0 748.3 922.7 774.7 862.9 762.6 wheat 0
921.0 513.3 957.8 517.0 949.9 595.6 913.1 591.9 wheat 0
938.5 552.2 878.9 584.8 867.4 563.7 927.0 531.1 wheat 0
891.3 492.1 921.1 501.3 898.9 572.9 869.1 563.7 wheat 0
976.9 475.9 885.1 538.8 864.9 509.3 956.8 446.5 wheat 0
897.4 423.1 924.9 441.9 878.6 509.7 851.0 490.9 wheat 0
715.3 238.4 756.9 290.9 731.1 311.5 689.4 258.9 wheat 0
634.9 209.9 680.9 209.9 680.9 248.9 634.9 248.9 wheat 0
497.4 218.2 553.9 256.9 537.8 280.5 481.3 241.8 wheat 0
458.9 141.9 544.9 141.9 544.9 178.9 458.9 178.9 wheat 0
326.3 158.6 375.1 168.5 368.9 198.9 320.1 189.0 wheat 0
254.2 279.4 290.5 310.1 272.9 330.9 236.6 300.3 wheat 0
205.1 213.4 143.9 264.9 112.4 227.4 173.5 175.9 wheat 0
183.7 183.8 244.3 202.5 233.9 235.9 173.4 217.2 wheat 0
222.9 142.9 263.9 142.9 263.9 197.9 222.9 197.9 wheat 0
237.9 134.9 182.1 158.6 165.2 118.7 221.1 95.1 wheat 0
259.4 93.7 289.1 118.7 266.9 144.9 237.3 119.9 wheat 0
310.9 159.9 282.5 162.8 276.7 105.6 305.2 102.7 wheat 0
391.9 95.9 334.9 107.5 328.4 75.7 385.5 64.1 wheat 0
345.3 107.2 381.1 110.8 378.6 135.7 342.8 132.1 wheat 0
559.1 54.9 582.4 74.5 549.9 112.9 526.7 93.4 wheat 0
599.5 30.6 623.0 50.4 571.9 110.9 548.5 91.2 wheat 0
641.9 37.9 536.2 48.6 533.8 24.7 639.6 14.1 wheat 0
694.9 86.9 623.9 135.5 601.2 102.3 672.2 53.7 wheat 0
683.9 123.9 614.8 182.2 589.8 152.6 659.0 94.4 wheat 0
739.7 71.9 777.6 97.9 739.9 152.9 702.0 127.0 wheat 0
786.6 25.8 819.4 48.2 779.9 105.9 747.1 83.5 wheat 0
752.5 140.4 778.8 158.4 757.9 188.9 731.6 170.9 wheat 0
851.9 180.9 812.3 189.0 798.3 120.0 838.0 111.9 wheat 0
945.0 49.1 972.6 77.6 890.9 156.9 863.3 128.5 wheat 0
844.9 43.9 870.0 69.7 847.0 92.0 821.9 66.2 wheat 0
960.9 174.9 1023.9 174.9 1023.9 199.9 960.9 199.9 wheat 0
944.9 719.9 1021.9 719.9 1021.9 750.9 944.9 750.9 wheat 0
897.9 0.9 936.9 0.9 936.9 27.9 897.9 27.9 wheat 0
970.9 1.9 1024.0 1.9 1024.0 35.5 970.9 35.5 wheat 0
1003.9 112.9 1024.0 112.9 1024.0 160.0 1003.9 160.0 wheat 0
1.7 565.6 36.7 565.6 36.7 674.6 1.7 674.6 wheat 0
114.7 132.7 60.8 143.6 51.8 99.5 105.7 88.6 wheat 0
132.9 187.3 74.1 199.2 66.6 162.0 125.4 150.0 wheat 0
