931.8 564.4 1011.5 631.6 988.7 658.6 909.0 591.5 wheat 0
897.7 559.6 943.7 559.6 943.7 594.6 897.7 594.6 wheat 0
873.6 561.9 949.1 613.5 925.7 647.6 850.3 596.0 wheat 0
783.9 535.4 864.0 551.7 857.7 582.6 777.6 566.4 wheat 0
627.7 605.6 722.7 605.6 722.7 637.6 627.7 637.6 wheat 0
656.7 583.6 699.7 583.6 699.7 600.6 656.7 600.6 wheat 0
759.7 639.6 653.3 684.6 638.0 648.4 744.4 603.4 wheat 0
753.7 641.0 782.4 649.9 771.7 684.2 743.1 675.4 wheat 0
604.5 625.6 685.1 633.7 682.0 664.6 601.4 656.5 wheat 0
588.8 640.4 644.8 671.0 635.7 687.6 579.7 657.0 wheat 0
618.7 684.8 713.9 694.4 710.7 725.6 615.6 716.1 wheat 0
790.7 689.6 854.7 689.6 854.7 719.6 790.7 719.6 wheat 0
720.7 735.6 776.7 735.6 776.7 767.6 720.7 767.6 wheat 0
904.4 724.3 941.7 735.8 936.1 754.0 898.8 742.4 wheat 0
819.7 903.6 983.7 903.6 983.7 942.6 819.7 942.6 wheat 0
697.1 866.7 808.5 889.3 800.7 927.6 689.4 905.0 wheat 0
604.7 759.6 641.7 759.6 641.7 778.6 604.7 778.6 wheat 0
526.2 717.4 588.9 730.2 585.3 747.8 522.6 735.1 wheat 0
539.7 765.6 509.8 782.0 481.4 729.9 511.3 713.6 wheat 0
403.0 653.2 489.1 679.9 477.7 716.6 391.6 690.0 wheat 0
326.7 653.6 402.7 653.6 402.7 696.6 326.7 696.6 wheat 0
338.7 577.6 428.2 626.5 411.1 657.7 321.7 608.8 wheat 0
421.2 493.8 463.2 506.8 454.3 535.4 412.3 522.4 wheat 0
482.9 539.2 515.6 553.0 504.7 578.6 472.1 564.8 wheat 0
232.2 608.3 301.1 615.2 298.7 638.6 229.9 631.7 wheat 0
260.9 587.4 240.7 598.4 219.6 559.8 239.8 548.8 wheat 0
230.7 563.6 202.0 583.3 160.7 523.0 189.5 503.3 wheat 0
35.3 572.4 125.7 592.6 118.6 624.6 28.1 604.4 wheat 0
8.4 600.6 90.0 608.8 87.1 637.6 5.5 629.4 wheat 0
29.2 625.5 130.0 646.0 123.7 676.6 22.9 656.2 wheat 0
42.7 657.4 115.5 688.2 103.8 715.8 31.0 685.0 wheat 0
180.7 806.6 244.7 806.6 244.7 829.6 180.7 829.6 wheat 0
365.5 772.0 286.3 826.2 269.9 802.3 349.2 748.0 wheat 0
350.7 841.6 248.7 884.8 237.8 859.1 339.9 815.9 wheat 0
207.7 859.6 165.4 872.7 149.7 822.0 192.0 808.9 wheat 0
502.7 937.6 622.7 937.6 622.7 971.6 502.7 971.6 wheat 0
635.0 970.0 716.7 986.6 709.2 1023.9 627.5 1007.4 wheat 0
864.7 987.6 936.7 987.6 936.7 1019.6 864.7 1019.6 wheat 0
248.6 389.1 376.0 414.9 368.9 450.2 241.5 424.3 wheat 0
382.4 323.1 414.3 326.3 409.1 378.1 377.2 374.9 wheat 0
420.9 318.9 467.4 344.3 451.6 373.3 405.1 347.9 wheat 0
451.7 285.6 569.7 285.6 569.7 322.6 451.7 322.6 wheat 0
432.6 231.7 487.9 269.5 461.9 307.5 406.6 269.7 wheat 0
803.9 317.0 877.5 324.4 873.6 364.2 799.9 356.8 wheat 0
806.8 381.7 860.7 404.5 851.7 425.6 797.9 402.8 wheat 0
737.7 311.6 704.3 329.9 667.9 263.1 701.3 244.8 wheat 0
628.1 162.6 700.5 237.2 675.4 261.6 603.0 187.0 wheat 0
680.2 200.0 746.3 255.7 728.7 276.6 662.6 220.9 wheat 0
806.2 140.3 916.7 174.5 906.7 206.6 796.2 172.4 wheat 0
988.7 217.6 960.4 237.0 908.8 161.5 937.1 142.1 wheat 0
937.6 222.2 1021.7 268.2 1006.7 295.6 922.6 249.7 wheat 0
960.7 63.6 879.0 80.2 872.1 46.3 953.9 29.7 wheat 0
589.4 58.8 656.7 95.6 641.5 123.6 574.1 86.8 wheat 0
555.7 45.6 461.0 85.7 446.0 50.2 540.7 10.2 wheat 0
444.2 106.5 507.3 126.0 499.3 151.8 436.2 132.3 wheat 0
327.4 169.8 399.2 219.0 381.1 245.4 309.3 196.3 wheat 0
85.8 217.2 215.7 264.6 204.0 296.7 74.0 249.3 wheat 0
269.7 306.6 156.7 318.0 153.6 286.5 266.6 275.1 wheat 0
220.0 306.9 257.7 338.6 242.5 356.7 204.8 324.9 wheat 0
37.1 220.0 141.0 276.7 125.7 304.6 21.9 247.9 wheat 0
106.6 31.0 209.8 51.9 202.7 86.6 99.6 65.7 wheat 0
341.5 60.0 381.3 93.5 363.9 114.2 324.2 80.7 wheat 0
344.1 16.3 432.6 53.6 420.7 81.6 332.3 44.2 wheat 0
