711.1 540.5 551.0 627.9 511.1 554.9 671.2 467.5 wheat 0
691.2 417.8 749.1 429.5 739.4 477.1 681.6 465.3 wheat 0
829.7 485.7 884.4 515.6 838.1 600.5 783.3 570.6 wheat 0
966.1 475.5 1023.0 475.5 1023.0 525.5 966.1 525.5 wheat 0
941.1 598.5 1015.1 598.5 1015.1 662.5 941.1 662.5 wheat 0
863.6 774.7 945.1 799.8 895.1 961.5 813.6 936.3 wheat 0
749.1 699.5 806.1 699.5 806.1 749.5 749.1 749.5 wheat 0
643.1 739.5 563.1 783.2 536.3 734.2 616.3 690.5 wheat 0
694.6 788.9 743.1 822.1 688.1 902.5 639.5 869.3 wheat 0
422.2 744.6 495.7 775.6 428.1 935.5 354.6 904.5 wheat 0
230.0 671.9 285.6 677.4 278.1 752.5 222.5 746.9 wheat 0
180.0 764.6 223.8 801.5 148.1 891.5 104.2 854.6 wheat 0
254.1 550.5 129.1 575.8 116.8 514.8 241.7 489.5 wheat 0
299.0 213.0 343.6 250.5 234.1 380.5 189.5 343.0 wheat 0
547.1 221.5 499.1 270.9 457.2 230.2 505.2 180.8 wheat 0
443.2 166.4 479.7 197.1 438.1 246.5 401.6 215.8 wheat 0
759.9 107.7 819.5 148.4 740.1 264.5 680.5 223.8 wheat 0
985.5 275.7 872.5 287.0 865.0 212.9 978.1 201.5 wheat 0
404.8 9.1 464.0 21.0 447.1 104.5 387.9 92.5 wheat 0
299.8 161.3 225.6 212.2 188.3 157.7 262.6 106.9 wheat 0
188.1 8.5 256.1 8.5 256.1 72.5 188.1 72.5 wheat 0
64.3 13.5 147.1 48.5 126.6 96.8 43.9 61.9 wheat 0
611.1 710.5 502.2 744.2 483.9 685.0 592.7 651.3 wheat 0
