394.3 795.2 426.7 801.7 410.2 883.1 377.8 876.5 wheat 0
550.4 690.5 579.1 699.4 561.1 757.7 532.4 748.8 wheat 0
659.5 798.4 613.2 830.1 598.0 807.8 644.2 776.2 wheat 0
704.4 602.9 779.0 610.4 776.1 640.3 701.4 632.8 wheat 0
734.1 564.5 777.9 568.9 775.3 594.7 731.5 590.4 wheat 0
582.7 599.6 613.7 599.6 613.7 630.6 582.7 630.6 wheat 0
489.1 522.5 514.5 527.7 504.4 577.7 478.9 572.5 wheat 0
451.2 517.1 435.9 530.0 408.2 497.1 423.5 484.2 wheat 0
244.6 578.6 279.1 585.6 270.7 626.6 236.3 619.6 wheat 0
326.7 558.6 346.7 558.6 346.7 608.6 326.7 608.6 wheat 0
372.0 717.5 349.0 727.2 326.4 673.8 349.5 664.0 wheat 0
407.1 654.1 384.1 663.8 367.4 624.2 390.4 614.4 wheat 0
213.7 432.6 246.7 432.6 246.7 473.6 213.7 473.6 wheat 0
137.9 629.6 108.2 638.8 102.6 620.6 132.2 611.5 wheat 0
244.2 733.4 210.7 775.6 191.0 759.9 224.5 717.7 wheat 0
249.5 750.5 274.4 761.0 253.0 811.7 228.1 801.2 wheat 0
101.7 791.4 32.1 850.0 10.8 824.8 80.4 766.2 wheat 0
947.5 867.8 885.4 946.2 857.9 924.4 920.1 846.1 wheat 0
632.9 70.3 563.3 84.4 557.6 56.0 627.1 41.9 wheat 0
371.6 102.8 297.9 134.0 285.9 105.4 359.5 74.3 wheat 0
472.3 115.9 500.9 124.8 491.2 156.3 462.5 147.4 wheat 0
254.0 67.5 211.9 96.3 194.4 70.7 236.5 41.9 wheat 0
59.7 92.6 102.7 92.6 102.7 123.6 59.7 123.6 wheat 0
66.3 62.6 27.5 89.1 16.2 72.6 55.0 46.1 wheat 0
665.7 130.6 689.7 130.6 689.7 170.6 665.7 170.6 wheat 0
655.4 434.9 677.5 444.2 668.1 466.3 646.0 457.0 wheat 0
929.9 622.5 976.9 632.1 970.7 662.6 923.7 653.1 wheat 0
735.7 527.6 765.7 527.6 765.7 564.6 735.7 564.6 wheat 0
835.7 61.6 773.5 87.9 755.7 45.8 817.9 19.5 wheat 0
974.4 30.1 923.5 57.9 911.1 35.1 962.0 7.3 wheat 0
143.2 478.2 119.7 483.0 112.7 448.7 136.2 443.9 wheat 0
254.2 510.6 270.9 513.9 264.7 544.3 248.0 540.9 wheat 0
103.3 652.5 115.1 664.7 83.6 695.4 71.7 683.2 wheat 0
747.5 771.0 730.8 774.4 725.4 747.9 742.1 744.5 wheat 0
720.8 586.1 742.8 592.9 722.1 659.8 700.1 653.0 wheat 0
704.1 678.0 718.5 685.8 700.9 717.9 686.6 710.1 wheat 0
662.6 37.0 615.8 51.5 606.3 20.9 653.1 6.4 wheat 0
263.3 153.5 242.7 157.7 235.6 122.4 256.2 118.2 wheat 0
