314.1 243.5 377.1 243.5 377.1 294.5 314.1 294.5 wheat 0
394.1 231.5 342.6 241.9 329.7 178.2 381.1 167.7 wheat 0
644.1 462.5 589.6 473.6 571.8 385.8 626.3 374.7 wheat 0
758.1 632.5 711.6 641.9 697.6 572.8 744.0 563.4 wheat 0
897.1 547.5 847.3 552.5 841.7 496.8 891.5 491.8 wheat 0
677.5 258.0 759.1 292.5 739.9 337.8 658.4 303.3 wheat 0
681.0 342.8 768.1 351.5 762.7 404.6 675.6 395.9 wheat 0
221.1 438.5 304.1 438.5 304.1 484.5 221.1 484.5 wheat 0
116.1 428.5 181.1 428.5 181.1 471.5 116.1 471.5 wheat 0
109.0 461.8 179.1 483.5 163.2 534.8 93.2 513.2 wheat 0
194.1 495.5 278.1 495.5 278.1 549.5 194.1 549.5 wheat 0
151.1 671.5 88.8 677.8 82.1 610.9 144.4 604.7 wheat 0
104.1 680.5 144.1 680.5 144.1 777.5 104.1 777.5 wheat 0
195.1 748.5 258.1 748.5 258.1 829.5 195.1 829.5 wheat 0
215.1 845.5 160.1 868.7 136.0 811.8 191.0 788.5 wheat 0
455.1 996.5 406.9 1016.9 372.3 935.2 420.5 914.9 wheat 0
445.1 917.5 500.2 917.5 500.2 1024.0 445.1 1024.0 wheat 0
544.2 918.6 578.8 954.2 527.1 1004.5 492.4 968.8 wheat 0
614.1 911.5 552.1 930.7 536.6 880.6 598.6 861.4 wheat 0
598.9 816.1 685.1 852.5 658.7 914.8 572.6 878.4 wheat 0
721.1 972.5 675.9 986.5 652.4 910.3 697.5 896.3 wheat 0
703.7 843.2 774.1 902.5 738.6 944.7 668.2 885.4 wheat 0
847.1 924.5 806.5 966.3 758.9 920.0 799.5 878.3 wheat 0
886.1 672.5 949.1 672.5 949.1 727.5 886.1 727.5 wheat 0
873.5 544.8 937.9 551.2 931.1 619.5 866.6 613.0 wheat 0
886.1 635.5 842.6 639.9 837.6 590.4 881.1 586.0 wheat 0
818.1 626.5 875.1 626.5 875.1 679.5 818.1 679.5 wheat 0
788.1 759.5 735.3 781.8 705.6 711.6 758.4 689.3 wheat 0
692.3 677.2 726.6 691.7 697.1 761.5 662.8 747.0 wheat 0
751.1 479.5 698.3 495.8 681.1 440.3 733.9 424.0 wheat 0
750.1 536.5 681.5 550.4 668.8 487.7 737.3 473.8 wheat 0
534.1 366.5 471.4 379.2 457.1 308.5 519.7 295.8 wheat 0
134.7 153.9 191.9 171.6 169.1 245.5 111.8 227.8 wheat 0
137.7 264.0 68.1 285.5 49.7 226.1 119.3 204.5 wheat 0
79.5 102.5 133.5 132.0 72.1 244.5 18.0 215.0 wheat 0
439.6 3.0 505.8 9.6 500.1 66.5 433.9 59.9 wheat 0
622.1 6.5 681.1 6.5 681.1 60.5 622.1 60.5 wheat 0
753.1 113.5 695.6 125.2 681.2 53.7 738.6 42.1 wheat 0
823.3 146.4 952.1 172.5 941.8 223.4 813.0 197.3 wheat 0
842.1 219.5 799.2 243.0 767.9 185.8 810.8 162.3 wheat 0
805.7 234.4 769.1 280.5 735.9 254.2 772.5 208.0 wheat 0
749.1 263.3 811.1 289.5 791.8 335.1 729.9 308.9 wheat 0
808.7 355.2 752.5 385.9 729.5 343.8 785.6 313.1 wheat 0
46.9 515.5 94.0 535.4 71.1 589.5 24.0 569.6 wheat 0
64.1 505.5 21.7 523.4 -0.0 472.1 42.4 454.2 wheat 0
