794.9 337.2 748.8 362.4 688.2 251.4 734.3 226.2 wheat 0
716.2 247.6 672.9 271.2 567.8 78.7 611.0 55.1 wheat 0
625.5 252.0 783.3 338.2 761.5 378.1 603.7 291.9 wheat 0
803.9 737.2 746.7 761.4 696.5 642.8 753.8 618.6 wheat 0
946.2 442.0 1023.9 539.9 981.9 573.2 904.3 475.3 wheat 0
863.9 724.7 932.7 811.3 889.9 845.2 821.2 758.6 wheat 0
955.0 785.6 1000.6 856.6 955.9 885.2 910.4 814.2 wheat 0
861.9 953.2 815.0 985.3 696.8 812.6 743.8 780.5 wheat 0
386.6 726.6 597.7 791.9 580.4 848.0 369.2 782.6 wheat 0
730.4 920.0 673.3 959.1 587.3 833.4 644.4 794.3 wheat 0
305.7 813.9 496.4 872.9 478.9 929.6 288.2 870.6 wheat 0
66.4 800.5 270.7 886.9 252.4 930.4 48.0 843.9 wheat 0
169.6 582.7 361.7 663.9 342.7 708.8 150.6 627.6 wheat 0
327.6 604.5 519.9 623.8 515.7 664.9 323.4 645.6 wheat 0
470.7 508.9 382.9 599.4 350.9 568.4 438.8 477.9 wheat 0
200.7 565.9 83.4 686.7 45.2 649.6 162.5 528.8 wheat 0
121.3 777.8 243.6 815.6 232.7 850.9 110.3 813.0 wheat 0
108.7 745.9 208.7 745.9 208.7 776.9 108.7 776.9 wheat 0
805.4 507.6 908.2 563.9 890.7 595.9 787.9 539.7 wheat 0
131.7 217.9 359.7 217.9 359.7 258.9 131.7 258.9 wheat 0
