80.8 600.4 126.4 614.5 87.7 739.6 42.1 725.5 wheat 0
94.7 618.6 138.7 618.6 138.7 770.6 94.7 770.6 wheat 0
229.7 618.6 196.1 632.9 167.5 565.4 201.2 551.1 wheat 0
93.7 794.3 145.3 810.3 109.8 924.9 58.2 909.0 wheat 0
124.4 905.1 88.5 935.4 4.1 835.2 40.0 804.9 wheat 0
205.6 926.1 258.5 936.8 241.9 1019.1 188.9 1008.4 wheat 0
56.8 916.1 111.5 921.6 101.7 1020.1 46.9 1014.6 wheat 0
399.8 849.5 492.8 900.3 469.7 942.6 376.7 891.8 wheat 0
623.8 898.3 593.4 911.1 544.7 796.0 575.1 783.1 wheat 0
673.9 831.8 720.4 857.2 658.6 970.4 612.1 945.0 wheat 0
630.0 931.2 703.5 954.0 690.5 996.0 617.0 973.3 wheat 0
699.5 950.2 733.7 953.6 727.1 1020.1 692.8 1016.6 wheat 0
717.0 761.7 885.7 813.9 873.7 852.6 705.0 800.4 wheat 0
728.4 798.1 817.7 835.9 804.1 868.1 714.8 830.3 wheat 0
516.7 701.6 478.6 733.7 401.3 641.9 439.4 609.8 wheat 0
672.0 620.8 477.6 703.0 460.5 662.4 654.8 580.3 wheat 0
470.5 708.5 563.7 727.4 556.7 761.6 463.5 742.7 wheat 0
485.2 501.9 583.8 521.9 574.7 566.6 476.2 546.6 wheat 0
621.7 530.6 572.0 557.8 509.8 444.0 559.6 416.8 wheat 0
679.7 611.6 637.2 647.4 566.3 563.2 608.8 527.4 wheat 0
704.7 473.6 599.5 531.1 573.6 483.6 678.8 426.2 wheat 0
740.2 422.4 789.5 473.2 744.7 516.6 695.4 465.9 wheat 0
735.9 531.9 797.4 565.4 781.5 594.4 720.1 560.8 wheat 0
843.4 691.1 922.9 724.8 907.7 760.6 828.2 727.0 wheat 0
885.8 517.5 1019.9 655.6 979.7 694.6 845.6 556.5 wheat 0
967.7 451.6 1021.7 451.6 1021.7 675.6 967.7 675.6 wheat 0
808.4 385.4 827.9 435.5 796.7 447.6 777.2 397.5 wheat 0
660.7 343.6 620.2 360.8 597.7 307.7 638.3 290.5 wheat 0
602.7 180.6 510.5 231.0 483.2 181.0 575.4 130.6 wheat 0
721.5 202.4 761.8 236.2 679.7 333.6 639.5 299.7 wheat 0
472.4 200.1 503.8 226.5 478.0 257.1 446.7 230.7 wheat 0
167.5 133.8 346.2 284.3 309.7 327.6 131.1 177.1 wheat 0
48.7 195.6 184.7 195.6 184.7 253.6 48.7 253.6 wheat 0
228.7 354.6 341.7 354.6 341.7 392.6 228.7 392.6 wheat 0
364.5 183.7 267.1 250.3 231.0 197.5 328.4 130.9 wheat 0
370.1 231.7 326.0 240.6 316.4 193.6 360.5 184.6 wheat 0
63.2 350.2 22.4 354.3 9.2 223.0 50.0 218.9 wheat 0
146.0 13.9 292.5 28.6 287.7 75.6 141.3 60.9 wheat 0
464.5 132.3 549.5 158.6 538.0 195.9 453.0 169.6 wheat 0
534.7 6.6 580.7 6.6 580.7 63.6 534.7 63.6 wheat 0
682.7 94.6 634.9 127.4 572.7 36.6 620.6 3.8 wheat 0
759.1 3.8 797.1 15.5 771.7 97.6 733.7 85.8 wheat 0
1011.9 132.9 860.7 148.1 855.6 97.3 1006.8 82.2 wheat 0
810.2 22.8 863.7 45.4 849.2 79.4 795.8 56.9 wheat 0
72.7 554.6 22.5 564.8 10.1 503.4 60.3 493.2 wheat 0
