886.7 601.6 938.7 601.6 938.7 675.6 886.7 675.6 wheat 0
1009.7 643.6 961.9 653.3 941.3 551.6 989.1 541.9 wheat 0
968.5 750.3 931.3 757.9 920.9 706.9 958.2 699.4 wheat 0
851.1 783.4 915.4 864.3 879.7 892.6 815.5 811.7 wheat 0
803.9 833.6 835.3 855.0 785.6 927.7 754.2 906.2 wheat 0
760.7 849.6 697.8 862.4 686.9 808.8 749.9 796.1 wheat 0
724.7 747.6 676.0 774.3 655.3 736.5 704.1 709.9 wheat 0
751.0 498.6 794.8 503.0 786.5 585.6 742.7 581.2 wheat 0
739.8 639.0 760.7 660.6 745.7 675.2 724.8 653.7 wheat 0
714.4 669.8 739.6 701.6 725.7 712.6 700.5 680.8 wheat 0
547.5 661.8 587.8 674.3 569.7 732.6 529.5 720.2 wheat 0
683.2 616.6 626.1 647.8 599.3 598.6 656.3 567.5 wheat 0
743.5 447.4 779.8 484.7 753.9 509.8 717.7 472.5 wheat 0
866.7 433.6 821.0 453.0 798.8 400.5 844.6 381.2 wheat 0
956.7 363.6 924.3 385.8 866.4 301.1 898.8 278.9 wheat 0
846.7 199.6 907.7 199.6 907.7 283.6 846.7 283.6 wheat 0
785.7 223.6 823.7 223.6 823.7 264.6 785.7 264.6 wheat 0
795.7 320.6 764.1 337.9 737.8 289.6 769.3 272.4 wheat 0
859.4 339.6 783.1 355.1 777.9 329.8 854.3 314.3 wheat 0
666.0 458.1 635.7 483.6 600.5 441.8 630.7 416.3 wheat 0
601.7 354.6 559.0 377.9 526.8 318.9 569.5 295.6 wheat 0
694.3 215.1 659.0 222.3 641.2 134.1 676.4 126.9 wheat 0
688.4 133.4 718.8 139.5 702.1 221.9 671.7 215.7 wheat 0
634.7 102.1 586.0 117.2 559.7 32.1 608.4 17.1 wheat 0
551.8 84.6 506.2 109.5 493.7 86.7 539.3 61.7 wheat 0
714.7 2.1 754.9 6.1 750.7 47.6 710.5 43.6 wheat 0
751.7 21.6 778.7 21.6 778.7 70.6 751.7 70.6 wheat 0
492.0 36.1 533.7 40.3 530.7 69.6 489.0 65.4 wheat 0
304.5 92.7 353.2 107.8 332.0 176.5 283.2 161.5 wheat 0
294.4 239.7 376.9 256.4 365.7 311.6 283.2 294.9 wheat 0
448.6 412.8 404.7 421.7 387.9 338.6 431.8 329.7 wheat 0
514.1 497.8 481.7 504.3 470.4 448.5 502.7 441.9 wheat 0
485.2 497.6 518.4 511.7 508.3 535.6 475.1 521.6 wheat 0
427.5 577.5 472.5 586.6 464.0 628.8 418.9 619.6 wheat 0
654.7 978.6 600.1 1001.7 580.3 954.8 634.9 931.7 wheat 0
544.1 938.0 587.3 946.8 571.5 1024.6 528.3 1015.8 wheat 0
525.7 872.9 548.7 896.6 517.2 927.3 494.1 903.5 wheat 0
250.7 844.6 299.7 844.6 299.7 877.6 250.7 877.6 wheat 0
310.5 820.3 345.3 835.0 332.7 864.6 298.0 849.9 wheat 0
164.2 816.1 84.8 832.2 76.3 790.1 155.7 774.0 wheat 0
118.7 839.6 177.7 839.6 177.7 880.6 118.7 880.6 wheat 0
161.8 996.9 122.6 1023.7 74.6 953.4 113.7 926.6 wheat 0
296.7 720.6 243.7 725.9 239.4 683.4 292.5 678.1 wheat 0
295.7 640.6 245.0 675.3 204.1 615.4 254.8 580.8 wheat 0
273.9 423.7 304.4 444.6 277.7 483.6 247.2 462.7 wheat 0
319.2 386.4 217.7 396.6 212.2 341.8 313.7 331.7 wheat 0
296.4 361.1 336.2 394.6 313.0 422.1 273.3 388.6 wheat 0
77.7 408.6 132.7 408.6 132.7 466.6 77.7 466.6 wheat 0
76.0 344.8 146.6 359.1 139.4 394.4 68.9 380.1 wheat 0
215.7 287.0 164.9 292.1 162.8 271.2 213.6 266.1 wheat 0
142.3 338.2 195.7 360.8 187.2 381.0 133.7 358.5 wheat 0
178.7 637.6 145.7 660.2 109.7 607.6 142.7 585.0 wheat 0
266.7 226.6 241.7 243.7 195.2 175.8 220.3 158.7 wheat 0
366.2 457.1 437.9 464.3 435.3 490.1 363.6 483.0 wheat 0
419.3 487.5 442.8 492.2 438.2 514.8 414.7 510.0 wheat 0
1.7 137.6 24.7 137.6 24.7 204.6 1.7 204.6 wheat 0
