99.8 364.7 158.8 376.7 137.4 482.4 78.4 470.4 wheat 0
151.3 517.0 211.8 517.0 211.8 592.7 151.3 592.7 wheat 0
291.3 475.0 354.3 475.0 354.3 599.0 291.3 599.0 wheat 0
441.0 417.4 499.8 429.3 473.6 558.7 414.8 546.8 wheat 0
496.5 287.4 679.8 364.9 659.1 413.7 475.9 336.2 wheat 0
581.8 479.7 523.6 511.5 454.1 384.2 512.3 352.4 wheat 0
821.4 631.9 776.3 669.9 682.2 558.2 727.4 520.2 wheat 0
732.9 685.3 594.4 728.1 576.7 670.8 715.2 628.0 wheat 0
531.3 585.0 600.3 585.0 600.3 653.0 531.3 653.0 wheat 0
149.3 795.0 304.3 795.0 304.3 861.0 149.3 861.0 wheat 0
260.2 680.0 161.6 721.6 139.4 669.1 238.0 627.5 wheat 0
710.3 244.0 804.3 244.0 804.3 299.0 710.3 299.0 wheat 0
976.5 120.3 1026.9 154.8 933.1 291.8 882.8 257.3 wheat 0
822.8 187.0 772.1 208.4 728.9 106.1 779.5 84.7 wheat 0
869.3 617.0 1010.3 617.0 1010.3 673.0 869.3 673.0 wheat 0
636.0 884.7 664.6 920.8 570.6 995.4 542.0 959.3 wheat 0
426.4 890.4 515.4 928.0 491.3 985.0 402.3 947.4 wheat 0
896.9 914.4 1027.2 940.8 1016.1 995.7 885.8 969.3 wheat 0
498.0 185.9 426.3 208.0 368.8 22.2 440.5 0.0 wheat 0
176.8 396.7 135.9 431.2 69.8 352.7 110.7 318.2 wheat 0
