785.5 819.3 850.9 901.7 820.7 925.6 755.3 843.2 wheat 0
914.6 832.1 961.5 891.3 934.7 912.6 887.8 853.4 wheat 0
781.5 595.1 834.7 617.6 825.8 638.7 772.6 616.2 wheat 0
799.1 620.2 857.9 652.3 839.7 685.6 780.9 653.5 wheat 0
734.7 968.6 804.7 968.6 804.7 1004.6 734.7 1004.6 wheat 0
694.1 924.3 719.9 932.3 710.4 962.9 684.6 954.9 wheat 0
744.6 478.7 825.1 546.6 805.7 569.6 725.2 501.8 wheat 0
678.1 378.6 729.7 443.6 705.0 463.3 653.3 398.2 wheat 0
785.3 315.6 818.7 381.4 794.7 393.6 761.3 327.9 wheat 0
899.5 445.1 1001.0 514.5 979.7 545.6 878.2 476.2 wheat 0
997.9 640.1 965.4 650.1 945.6 586.1 978.1 576.1 wheat 0
990.4 622.6 1023.2 640.6 1005.7 672.6 972.9 654.7 wheat 0
671.7 503.0 700.5 532.7 671.7 560.6 642.9 530.9 wheat 0
615.7 656.6 589.5 674.5 537.1 597.9 563.3 580.0 wheat 0
589.3 661.7 574.8 674.0 543.2 636.5 557.7 624.3 wheat 0
450.8 636.7 516.1 672.3 495.7 709.6 430.4 673.9 wheat 0
401.2 581.7 493.1 600.4 485.7 636.6 393.9 618.0 wheat 0
512.7 601.6 461.7 612.0 444.4 526.3 495.4 515.9 wheat 0
372.9 494.5 418.3 532.8 400.7 553.6 355.3 515.4 wheat 0
424.8 500.3 471.0 532.0 454.7 555.9 408.4 524.3 wheat 0
391.0 395.8 496.2 484.4 470.7 514.6 365.6 426.0 wheat 0
319.9 332.4 429.1 354.5 420.9 394.8 311.7 372.6 wheat 0
312.9 254.3 445.1 295.2 434.7 328.6 302.5 287.7 wheat 0
391.7 283.6 366.0 305.3 299.6 226.4 325.3 204.7 wheat 0
274.5 198.5 320.5 245.8 299.0 266.7 253.0 219.4 wheat 0
345.7 150.0 419.2 200.3 402.8 224.2 329.3 174.0 wheat 0
506.7 173.6 475.4 195.1 406.7 94.7 438.1 73.3 wheat 0
543.7 68.5 572.4 77.4 537.7 189.6 509.0 180.7 wheat 0
625.7 153.6 580.9 172.6 548.4 95.8 593.3 76.8 wheat 0
693.4 197.8 662.5 200.9 653.1 107.4 684.0 104.3 wheat 0
640.7 96.6 682.8 125.4 673.8 138.6 631.7 109.8 wheat 0
752.7 130.6 725.4 145.5 666.0 36.7 693.3 21.8 wheat 0
925.8 228.6 904.4 243.3 867.7 189.6 889.1 175.0 wheat 0
620.6 351.0 665.4 381.6 651.7 401.6 606.9 371.0 wheat 0
874.8 270.6 927.6 315.1 902.7 344.6 849.9 300.1 wheat 0
947.2 335.5 984.8 394.2 960.7 409.6 923.1 351.0 wheat 0
899.5 249.2 961.7 327.6 941.0 344.1 878.7 265.6 wheat 0
965.3 296.1 1023.8 336.1 996.7 375.6 938.3 335.6 wheat 0
955.5 252.5 1015.7 314.6 997.7 332.2 937.4 270.1 wheat 0
919.1 120.5 969.0 171.8 954.7 185.6 904.9 134.3 wheat 0
966.4 122.1 1009.7 189.6 985.7 205.0 942.4 137.6 wheat 0
983.7 127.6 961.2 129.9 955.3 71.0 977.8 68.7 wheat 0
819.6 3.4 858.7 36.3 835.7 63.6 796.6 30.6 wheat 0
416.9 755.2 484.0 801.1 463.7 830.6 396.7 784.7 wheat 0
500.2 966.8 548.1 987.0 535.3 1017.4 487.4 997.2 wheat 0
146.4 754.8 268.5 838.3 243.7 874.6 121.6 791.1 wheat 0
262.2 831.7 318.0 878.8 293.7 907.6 237.8 860.5 wheat 0
174.0 496.1 305.6 586.2 282.7 619.6 151.1 529.5 wheat 0
125.4 524.3 186.5 566.0 170.1 590.0 109.0 548.2 wheat 0
217.7 507.6 190.3 526.4 124.4 430.1 151.9 411.3 wheat 0
172.3 409.2 149.1 438.5 76.5 380.9 99.7 351.6 wheat 0
176.5 291.6 260.0 348.7 244.3 371.8 160.7 314.6 wheat 0
112.8 407.7 78.7 450.6 7.2 393.9 41.3 350.9 wheat 0
126.2 45.4 276.9 127.8 261.7 155.6 111.0 73.3 wheat 0
208.0 12.1 295.8 86.0 276.7 108.6 189.0 34.7 wheat 0
38.6 7.5 120.8 63.7 101.7 91.6 19.6 35.4 wheat 0
69.9 583.5 170.7 638.6 150.8 675.1 50.0 620.0 wheat 0
99.0 640.0 163.2 694.1 144.5 716.3 80.3 662.1 wheat 0
21.0 673.4 89.5 720.2 75.4 740.9 6.9 694.0 wheat 0
215.7 964.9 273.1 989.1 260.1 1020.0 202.7 995.7 wheat 0
