893.5 647.4 844.4 674.2 830.0 647.9 879.1 621.0 wheat 0
911.0 600.8 874.2 616.4 864.4 593.4 901.3 577.8 wheat 0
914.5 563.7 931.3 570.8 919.2 599.4 902.4 592.3 wheat 0
942.4 529.2 910.9 539.0 904.1 517.0 935.6 507.3 wheat 0
952.7 501.6 970.7 501.6 970.7 528.6 952.7 528.6 wheat 0
960.9 441.4 976.5 448.0 965.6 473.8 950.0 467.2 wheat 0
939.7 332.6 961.7 332.6 961.7 357.6 939.7 357.6 wheat 0
947.7 364.6 970.7 364.6 970.7 385.6 947.7 385.6 wheat 0
961.2 382.2 987.7 387.5 983.3 409.1 956.8 403.7 wheat 0
1009.7 343.6 1024.0 343.6 1024.0 392.0 1009.7 392.0 wheat 0
957.5 404.7 901.6 416.0 897.0 393.5 952.9 382.2 wheat 0
564.0 454.0 619.0 454.0 619.0 479.0 564.0 479.0 wheat 0
585.3 447.8 546.1 455.7 540.7 429.2 579.9 421.3 wheat 0
592.0 413.0 573.9 428.2 540.2 388.1 558.3 372.9 wheat 0
566.4 317.2 642.0 358.5 633.0 375.0 557.4 333.7 wheat 0
594.5 350.8 567.7 373.4 546.5 348.2 573.3 325.6 wheat 0
674.0 383.0 662.8 392.5 644.4 370.7 655.7 361.2 wheat 0
748.9 387.0 754.7 420.5 729.1 425.0 723.3 391.5 wheat 0
648.0 511.0 581.7 517.7 579.0 491.4 645.4 484.7 wheat 0
693.3 491.8 709.0 522.6 657.0 549.0 641.4 518.3 wheat 0
502.7 437.8 548.0 476.0 532.9 493.9 487.6 455.7 wheat 0
500.8 350.7 550.0 377.6 533.2 408.3 484.0 381.4 wheat 0
486.1 396.0 427.4 401.9 424.9 377.0 483.6 371.1 wheat 0
373.2 338.0 412.2 378.2 392.8 397.0 353.8 356.8 wheat 0
430.0 466.0 347.5 482.7 343.0 460.5 425.5 443.8 wheat 0
439.8 499.7 374.1 506.2 372.2 487.3 437.9 480.8 wheat 0
478.0 494.0 432.3 525.3 419.5 506.6 465.2 475.3 wheat 0
522.0 523.8 496.6 537.7 487.0 520.2 512.4 506.3 wheat 0
428.0 564.0 387.6 581.1 375.4 552.3 415.8 535.2 wheat 0
522.2 578.7 495.5 590.0 488.8 574.3 515.5 563.0 wheat 0
335.0 512.9 257.6 528.6 252.0 501.1 329.4 485.4 wheat 0
269.2 420.4 347.6 436.3 342.0 464.0 263.6 448.1 wheat 0
295.1 439.6 229.5 446.2 226.9 420.4 292.5 413.8 wheat 0
350.0 417.6 284.3 424.2 282.0 401.4 347.7 394.8 wheat 0
291.8 367.8 334.8 381.1 329.2 399.2 286.2 385.9 wheat 0
201.0 461.0 96.0 471.5 92.8 439.9 197.8 429.4 wheat 0
158.0 492.0 63.4 501.5 60.8 475.5 155.4 466.0 wheat 0
234.0 499.0 148.2 516.4 143.1 491.3 228.9 473.9 wheat 0
228.0 551.6 147.8 568.7 143.7 549.8 224.0 532.7 wheat 0
388.5 630.8 330.7 642.6 324.5 612.2 382.3 600.4 wheat 0
568.1 645.5 499.5 652.4 496.9 626.5 565.5 619.6 wheat 0
701.3 606.7 666.2 625.9 652.7 601.3 687.8 582.1 wheat 0
745.2 558.8 708.2 570.3 702.2 551.1 739.3 539.6 wheat 0
215.0 663.0 119.9 692.4 108.5 655.6 203.6 626.2 wheat 0
137.0 678.4 158.2 696.2 123.0 738.0 101.8 720.2 wheat 0
0.0 405.7 27.0 405.7 27.0 430.0 0.0 430.0 wheat 0
0.0 444.0 69.0 444.0 69.0 473.0 0.0 473.0 wheat 0
2.9 511.0 42.7 515.0 41.1 531.0 1.3 527.0 wheat 0
82.0 594.0 12.5 608.1 8.8 590.0 78.3 575.9 wheat 0
68.5 615.8 5.4 635.3 -0.5 616.2 62.6 596.7 wheat 0
409.0 693.6 434.8 704.5 415.0 751.4 389.2 740.5 wheat 0
151.7 652.0 104.7 661.5 100.3 640.0 147.3 630.5 wheat 0
292.6 805.2 350.4 811.0 347.4 840.8 289.6 835.0 wheat 0
306.0 789.0 215.4 807.4 210.6 783.8 301.2 765.4 wheat 0
49.2 714.0 10.3 730.5 0.0 706.0 38.9 689.6 wheat 0
75.0 841.0 2.7 848.3 0.1 822.5 72.4 815.2 wheat 0
142.0 853.0 85.6 858.7 83.2 834.1 139.5 828.5 wheat 0
305.0 913.0 192.6 924.3 189.9 897.7 302.3 886.4 wheat 0
299.0 942.0 189.6 953.0 187.2 929.1 296.6 918.1 wheat 0
197.0 943.0 143.7 959.5 138.4 942.5 191.7 926.0 wheat 0
271.0 970.0 154.2 981.7 152.3 962.5 269.1 950.8 wheat 0
132.0 982.0 212.0 982.0 212.0 1008.0 132.0 1008.0 wheat 0
115.0 973.0 40.5 996.0 33.5 973.4 108.0 950.3 wheat 0
363.0 987.0 246.1 1023.2 238.9 1000.0 355.8 963.9 wheat 0
459.0 945.0 365.7 954.4 363.0 927.6 456.3 918.2 wheat 0
490.0 971.0 437.8 981.6 433.6 960.7 485.8 950.1 wheat 0
431.4 969.4 450.7 977.6 440.0 1003.0 420.7 994.8 wheat 0
466.0 832.0 545.0 848.0 538.3 881.2 459.3 865.2 wheat 0
596.0 862.0 532.2 905.7 515.0 880.6 578.9 837.0 wheat 0
580.0 910.0 517.6 936.4 507.9 913.4 570.3 887.0 wheat 0
605.0 876.0 642.0 876.0 642.0 902.0 605.0 902.0 wheat 0
687.0 919.0 610.6 934.5 606.6 914.7 683.0 899.2 wheat 0
584.2 926.9 649.4 933.4 647.0 957.0 581.8 950.5 wheat 0
731.0 920.0 676.5 957.3 664.4 939.6 718.9 902.3 wheat 0
759.1 852.7 773.4 870.7 749.9 889.3 735.6 871.3 wheat 0
783.0 934.0 750.5 967.5 729.9 947.5 762.4 914.0 wheat 0
815.0 903.2 761.2 908.6 759.0 886.8 812.8 881.4 wheat 0
903.9 871.8 916.7 891.8 851.0 934.0 838.1 914.0 wheat 0
912.5 941.2 877.9 964.9 865.5 946.8 900.1 923.1 wheat 0
789.9 982.3 820.6 999.1 807.1 1023.7 776.4 1006.9 wheat 0
951.2 875.5 922.3 878.4 919.8 853.5 948.7 850.6 wheat 0
856.9 789.9 805.6 833.1 792.1 817.1 843.4 773.9 wheat 0
811.7 653.4 779.5 667.0 771.3 647.6 803.5 634.0 wheat 0
779.1 571.2 795.8 588.5 772.9 610.8 756.2 593.5 wheat 0
745.0 499.0 780.0 499.0 780.0 518.0 745.0 518.0 wheat 0
807.7 541.9 779.3 547.7 775.3 528.1 803.7 522.3 wheat 0
847.9 514.0 789.1 519.9 787.1 500.0 845.9 494.1 wheat 0
766.4 396.0 807.6 404.4 803.6 424.0 762.4 415.6 wheat 0
796.4 354.2 817.8 372.3 805.6 386.8 784.2 368.7 wheat 0
904.0 388.0 808.3 407.4 803.6 384.1 899.3 364.7 wheat 0
846.1 394.4 864.9 400.2 860.0 416.0 841.2 410.2 wheat 0
944.9 479.1 934.2 486.5 920.1 465.9 930.8 458.5 wheat 0
