30.3 367.0 73.3 380.3 46.1 468.2 3.1 454.9 wheat 0
233.3 593.5 185.7 633.6 31.3 450.3 78.9 410.2 wheat 0
176.0 669.1 56.6 706.0 42.4 660.2 161.9 623.2 wheat 0
13.7 747.6 59.7 747.6 59.7 859.6 13.7 859.6 wheat 0
344.9 586.6 392.8 606.8 342.6 725.6 294.7 705.4 wheat 0
307.8 467.2 254.3 489.8 233.7 441.0 287.1 418.4 wheat 0
487.7 451.0 448.1 467.8 396.7 346.2 436.3 329.5 wheat 0
524.7 750.6 486.8 766.6 417.3 602.1 455.2 586.1 wheat 0
493.1 644.6 530.3 652.2 514.4 730.6 477.2 723.0 wheat 0
686.4 674.1 587.7 741.6 567.6 712.1 666.2 644.6 wheat 0
370.7 895.6 428.7 895.6 428.7 978.6 370.7 978.6 wheat 0
754.7 709.6 801.7 709.6 801.7 786.6 754.7 786.6 wheat 0
904.1 773.7 940.7 785.0 885.7 962.6 849.1 951.3 wheat 0
854.4 564.6 814.9 586.2 774.1 511.6 813.6 490.0 wheat 0
616.2 437.1 682.7 450.6 671.7 504.9 605.2 491.4 wheat 0
499.3 376.3 532.4 390.3 496.2 476.0 463.0 461.9 wheat 0
628.0 390.5 574.5 407.1 563.5 371.7 617.0 355.2 wheat 0
705.1 408.3 734.9 411.3 726.4 495.9 696.6 492.9 wheat 0
814.6 427.4 956.3 524.3 930.7 561.6 789.1 464.7 wheat 0
838.7 340.6 871.7 340.6 871.7 414.6 838.7 414.6 wheat 0
501.0 243.8 427.5 258.7 419.5 219.5 493.0 204.6 wheat 0
534.9 280.3 504.2 297.1 473.5 240.9 504.3 224.1 wheat 0
371.4 169.7 396.7 177.5 370.7 261.6 345.4 253.8 wheat 0
64.9 256.4 32.5 274.1 3.8 221.6 36.2 203.8 wheat 0
729.7 95.6 773.7 95.6 773.7 198.6 729.7 198.6 wheat 0
703.0 576.4 734.3 589.6 710.5 645.8 679.2 632.6 wheat 0
648.6 570.8 619.9 579.7 614.9 563.4 643.6 554.6 wheat 0
313.7 916.6 344.7 916.6 344.7 1018.6 313.7 1018.6 wheat 0
676.7 0.6 761.7 0.6 761.7 48.6 676.7 48.6 wheat 0
307.3 115.8 269.6 131.7 241.1 64.5 278.9 48.5 wheat 0
305.3 113.8 267.6 129.7 239.1 62.5 276.9 46.5 wheat 0
