397.1 351.1 556.1 351.1 556.1 443.1 397.1 443.1 wheat 0
181.1 324.1 276.1 324.1 276.1 466.1 181.1 466.1 wheat 0
155.1 518.1 241.1 518.1 241.1 615.1 155.1 615.1 wheat 0
343.1 436.1 448.1 436.1 448.1 543.1 343.1 543.1 wheat 0
223.1 863.1 399.1 863.1 399.1 918.1 223.1 918.1 wheat 0
661.1 570.1 844.1 570.1 844.1 621.1 661.1 621.1 wheat 0
961.3 236.8 704.3 316.3 684.0 250.4 940.9 170.9 wheat 0
492.1 234.1 635.1 234.1 635.1 293.1 492.1 293.1 wheat 0
10.1 99.1 161.1 99.1 161.1 166.1 10.1 166.1 wheat 0
198.1 11.6 259.8 37.7 195.2 190.6 133.5 164.5 wheat 0
308.1 724.1 389.1 724.1 389.1 808.1 308.1 808.1 wheat 0
397.1 691.1 487.1 691.1 487.1 763.1 397.1 763.1 wheat 0
358.4 532.3 417.3 581.9 334.9 679.8 276.0 630.2 wheat 0
527.1 638.1 630.1 638.1 630.1 711.1 527.1 711.1 wheat 0
596.1 415.1 696.1 415.1 696.1 478.1 596.1 478.1 wheat 0
498.1 65.1 638.1 65.1 638.1 124.1 498.1 124.1 wheat 0
853.1 78.1 972.1 78.1 972.1 143.1 853.1 143.1 wheat 0
793.1 668.1 969.1 668.1 969.1 757.1 793.1 757.1 wheat 0
757.1 829.1 837.1 829.1 837.1 936.1 757.1 936.1 wheat 0
617.1 791.1 655.0 838.9 564.2 911.0 526.3 863.2 wheat 0
