447.1 609.5 406.6 617.7 395.3 561.8 435.7 553.6 wheat 0
644.1 389.5 586.5 421.0 566.8 384.9 624.4 353.4 wheat 0
610.8 204.4 646.1 219.3 624.1 271.5 588.8 256.6 wheat 0
933.3 368.0 903.1 393.5 849.1 329.5 879.4 304.0 wheat 0
278.8 658.7 311.7 681.2 254.1 765.5 221.2 743.0 wheat 0
148.0 666.3 180.0 672.8 166.1 741.5 134.1 735.0 wheat 0
426.1 833.5 387.8 845.3 377.1 810.7 415.3 798.9 wheat 0
882.1 889.5 786.4 908.9 778.1 868.3 873.8 848.9 wheat 0
978.1 650.5 831.7 730.5 809.8 690.2 956.1 610.3 wheat 0
1007.4 881.2 986.1 899.1 918.7 819.1 940.0 801.2 wheat 0
567.7 447.8 587.6 458.7 568.1 494.5 548.1 483.6 wheat 0
772.1 -0.4 797.9 7.6 764.4 115.9 738.6 107.9 wheat 0
