433.7 879.6 386.0 884.4 372.4 748.2 420.1 743.4 wheat 0
697.7 769.6 720.9 782.3 692.0 835.3 668.7 822.6 wheat 0
731.9 768.9 754.5 784.3 705.7 855.6 683.1 840.2 wheat 0
861.0 870.4 830.7 901.6 761.3 834.2 791.6 803.0 wheat 0
958.4 992.0 924.8 1020.3 883.2 970.9 916.7 942.6 wheat 0
127.7 418.7 147.3 449.3 65.7 501.6 46.1 471.1 wheat 0
0.0 720.5 47.9 720.5 47.9 857.4 0.0 857.4 wheat 0
172.7 1006.6 123.3 1011.6 106.4 843.2 155.8 838.2 wheat 0
363.1 522.9 332.7 543.6 297.9 492.6 328.2 471.9 wheat 0
216.7 743.6 179.9 759.2 105.3 582.9 142.2 567.3 wheat 0
169.2 584.1 200.1 590.3 177.7 700.6 146.8 694.3 wheat 0
304.7 708.6 264.2 712.7 256.4 634.2 296.9 630.1 wheat 0
130.3 287.9 154.7 318.6 57.9 395.4 33.5 364.7 wheat 0
168.7 221.6 104.0 228.1 94.4 132.2 159.1 125.7 wheat 0
167.7 100.4 165.6 129.7 126.7 126.9 128.7 97.6 wheat 0
253.6 159.7 228.6 191.1 168.7 143.6 193.7 112.2 wheat 0
304.0 88.8 355.1 99.2 333.7 204.6 282.6 194.3 wheat 0
835.7 245.6 816.6 247.5 808.4 165.2 827.5 163.3 wheat 0
985.7 255.5 1023.0 255.5 1023.0 399.6 985.7 399.6 wheat 0
748.0 150.2 789.7 158.6 771.7 247.7 730.0 239.2 wheat 0
622.4 293.5 654.9 344.0 611.6 371.8 579.1 321.3 wheat 0
926.9 334.0 921.7 373.6 778.1 355.0 783.3 315.3 wheat 0
903.0 475.5 914.4 516.7 795.2 549.8 783.7 508.6 wheat 0
792.8 612.6 834.7 625.6 817.9 680.2 775.9 667.2 wheat 0
926.6 646.7 917.7 678.6 848.6 659.4 857.5 627.5 wheat 0
818.6 754.1 781.7 761.6 759.8 653.4 796.7 645.9 wheat 0
1010.7 229.6 960.8 234.6 956.7 194.6 1006.7 189.6 wheat 0
320.2 455.2 285.7 458.6 279.6 397.9 314.1 394.4 wheat 0
371.1 447.9 346.0 450.4 340.7 397.1 365.7 394.6 wheat 0
1007.2 291.1 986.7 317.0 914.2 259.4 934.7 233.6 wheat 0
873.7 281.6 858.1 312.4 789.7 277.6 805.4 246.8 wheat 0
617.3 103.0 582.7 126.6 546.3 73.4 580.9 49.8 wheat 0
583.7 1018.4 538.0 1023.0 531.0 953.2 576.7 948.6 wheat 0
69.8 251.6 103.7 286.6 42.2 346.4 8.2 311.4 wheat 0
355.7 308.6 328.1 337.1 286.2 296.4 313.9 268.0 wheat 0
298.7 327.6 277.8 360.2 176.5 295.1 197.4 262.5 wheat 0
872.9 715.5 895.9 722.6 862.7 829.6 839.8 822.5 wheat 0
716.7 606.6 684.5 620.3 659.2 560.4 691.4 546.8 wheat 0
714.6 226.6 749.5 262.5 730.8 280.6 696.0 244.7 wheat 0
297.3 797.5 331.4 811.9 281.2 930.7 247.1 916.3 wheat 0
147.7 497.6 183.7 497.6 183.7 564.6 147.7 564.6 wheat 0
165.9 245.2 112.3 281.9 92.5 253.0 146.2 216.3 wheat 0
676.7 0.0 717.7 0.0 717.7 87.0 676.7 87.0 wheat 0
