513.7 11.2 568.5 41.1 513.6 141.5 458.8 111.6 wheat 0
312.5 142.1 387.1 193.1 363.6 227.5 289.0 176.5 wheat 0
433.6 340.5 298.1 354.1 292.1 294.4 427.6 280.8 wheat 0
368.0 527.9 429.5 546.9 403.6 630.5 342.2 611.5 wheat 0
350.1 769.8 408.1 787.8 368.6 915.5 310.6 897.6 wheat 0
262.6 857.9 295.3 899.1 187.6 984.5 155.0 943.4 wheat 0
470.6 432.5 373.8 485.4 348.3 438.7 445.1 385.8 wheat 0
545.2 444.5 589.5 458.2 565.6 535.5 521.3 521.8 wheat 0
958.0 672.7 919.6 676.5 913.7 617.7 952.1 613.8 wheat 0
936.7 709.2 895.6 717.5 877.7 629.0 918.7 620.7 wheat 0
857.9 387.0 919.5 420.6 896.6 462.5 835.0 428.8 wheat 0
793.6 335.5 748.0 354.8 730.6 313.6 776.2 294.3 wheat 0
579.6 254.5 538.5 271.9 523.4 236.2 564.5 218.8 wheat 0
495.6 586.5 541.6 586.5 541.6 633.5 495.6 633.5 wheat 0
281.6 518.8 373.9 547.4 364.6 577.5 272.2 548.9 wheat 0
364.6 489.5 302.0 508.9 286.3 457.8 348.8 438.5 wheat 0
228.4 461.3 314.1 478.6 304.6 525.5 218.9 508.1 wheat 0
282.6 469.5 189.7 488.4 182.8 454.5 275.8 435.7 wheat 0
197.9 871.3 96.9 891.7 89.6 856.0 190.6 835.5 wheat 0
705.0 883.1 785.3 899.4 778.6 932.5 698.3 916.2 wheat 0
956.6 973.5 903.1 996.1 866.5 909.5 920.0 886.8 wheat 0
878.6 819.5 812.1 826.2 808.3 789.0 874.9 782.3 wheat 0
900.6 112.5 800.0 122.6 795.3 75.6 895.9 65.5 wheat 0
876.6 124.5 973.6 124.5 973.6 183.5 876.6 183.5 wheat 0
