272.5 751.5 302.6 782.6 203.7 878.6 173.6 847.6 wheat 0
314.7 943.6 362.7 943.6 362.7 1022.6 314.7 1022.6 wheat 0
383.7 912.6 423.7 912.6 423.7 974.6 383.7 974.6 wheat 0
558.4 852.3 605.4 861.8 597.1 903.0 550.0 893.4 wheat 0
561.7 897.4 601.5 909.7 581.7 973.6 542.0 961.3 wheat 0
661.7 851.6 713.7 851.6 713.7 886.6 661.7 886.6 wheat 0
970.7 856.1 1000.6 887.0 956.7 929.6 926.8 898.8 wheat 0
567.9 492.2 598.7 495.3 594.6 536.1 563.8 533.0 wheat 0
360.5 641.0 389.7 665.6 358.4 702.8 329.1 678.2 wheat 0
326.0 538.1 351.0 543.2 340.7 593.6 315.8 588.6 wheat 0
66.8 871.5 92.7 874.1 86.6 934.8 60.8 932.2 wheat 0
94.7 495.6 58.5 503.0 51.7 469.6 88.0 462.3 wheat 0
157.6 436.2 194.8 443.7 187.9 478.0 150.6 470.5 wheat 0
35.1 314.6 75.7 331.7 50.3 391.6 9.8 374.5 wheat 0
107.2 114.9 168.6 156.9 151.7 181.6 90.3 139.6 wheat 0
187.8 127.2 127.0 139.5 121.7 113.0 182.4 100.7 wheat 0
143.7 213.0 117.0 221.3 97.8 159.2 124.5 150.9 wheat 0
276.7 94.6 325.7 94.6 325.7 142.6 276.7 142.6 wheat 0
256.6 143.0 288.0 149.4 276.9 204.2 245.5 197.9 wheat 0
433.3 189.3 474.4 202.0 461.1 245.0 420.0 232.3 wheat 0
482.0 150.0 523.5 167.5 502.4 217.2 461.0 199.7 wheat 0
867.2 136.9 914.5 185.7 892.3 207.3 844.9 158.5 wheat 0
868.5 197.2 946.8 240.0 920.7 287.6 842.4 244.8 wheat 0
760.7 91.6 805.7 91.6 805.7 129.6 760.7 129.6 wheat 0
556.3 108.7 524.8 118.5 498.2 32.5 529.7 22.7 wheat 0
743.7 410.6 789.7 410.6 789.7 437.6 743.7 437.6 wheat 0
1015.7 434.6 926.2 452.8 918.0 411.9 1007.5 393.8 wheat 0
1010.9 993.7 990.7 1004.7 971.6 969.6 991.7 958.6 wheat 0
149.7 386.6 123.4 392.0 115.3 352.0 141.6 346.6 wheat 0
216.7 279.2 247.6 282.3 243.8 320.1 212.9 317.0 wheat 0
128.2 741.8 92.9 748.9 87.3 721.5 122.6 714.3 wheat 0
