693.1 485.5 639.1 502.2 596.2 363.7 650.2 347.0 wheat 0
727.1 309.5 663.5 329.2 645.8 271.7 709.3 252.0 wheat 0
775.1 734.5 710.2 754.6 659.9 591.9 724.8 571.9 wheat 0
821.1 729.5 772.3 739.4 754.6 651.8 803.3 641.9 wheat 0
839.1 711.5 893.1 711.5 893.1 839.5 839.1 839.5 wheat 0
805.1 899.5 696.3 958.9 667.9 906.9 776.7 847.5 wheat 0
427.9 728.0 418.8 856.0 353.0 851.3 362.0 723.3 wheat 0
391.4 868.0 347.7 897.9 271.4 786.4 315.1 756.5 wheat 0
326.1 736.5 273.1 765.5 211.4 652.6 264.4 623.6 wheat 0
472.9 497.3 535.8 516.7 508.1 606.5 445.1 587.0 wheat 0
440.4 587.3 503.1 606.7 474.1 700.5 411.4 681.1 wheat 0
400.1 573.5 333.5 587.0 318.9 515.2 385.5 501.7 wheat 0
424.1 169.5 477.1 169.5 477.1 305.5 424.1 305.5 wheat 0
490.3 195.7 557.5 209.3 525.1 369.5 457.8 355.9 wheat 0
296.1 226.5 368.1 226.5 368.1 282.5 296.1 282.5 wheat 0
135.2 168.6 196.1 174.7 181.1 324.5 120.2 318.4 wheat 0
194.3 299.5 280.7 317.0 269.1 374.5 182.6 357.0 wheat 0
382.9 95.5 455.3 117.8 438.1 173.5 365.7 151.1 wheat 0
293.1 144.5 180.8 155.8 174.8 96.4 287.1 85.1 wheat 0
822.1 425.5 752.4 432.5 747.1 379.8 816.8 372.8 wheat 0
918.1 327.5 977.1 327.5 977.1 427.5 918.1 427.5 wheat 0
965.1 593.5 908.6 611.0 879.9 518.0 936.3 500.5 wheat 0
199.1 772.5 141.8 796.7 100.5 699.0 157.8 674.8 wheat 0
235.3 534.0 306.8 548.5 293.1 616.5 221.6 602.0 wheat 0
183.1 571.5 130.0 593.9 105.4 535.7 158.4 513.3 wheat 0
169.1 493.5 105.8 513.1 78.9 426.0 142.1 406.5 wheat 0
259.1 531.5 213.9 540.7 201.8 481.4 247.0 472.2 wheat 0
618.3 924.1 675.9 963.6 641.1 1014.5 583.5 975.1 wheat 0
140.3 904.2 111.9 948.4 12.7 884.7 41.1 840.5 wheat 0
