482.7 553.6 672.7 553.6 672.7 632.6 482.7 632.6 wheat 0
728.0 641.2 690.2 657.2 666.5 601.0 704.2 585.0 wheat 0
886.8 684.0 1017.7 773.6 982.6 825.0 851.7 735.4 wheat 0
854.2 796.4 1014.7 931.6 962.5 993.7 802.0 858.5 wheat 0
848.7 984.6 780.0 1022.1 709.7 893.4 778.4 855.9 wheat 0
645.9 797.5 700.4 834.8 671.7 876.6 617.3 839.4 wheat 0
370.6 682.0 519.0 783.6 471.7 852.6 323.4 751.1 wheat 0
349.7 883.6 291.7 908.1 206.9 707.5 264.9 682.9 wheat 0
160.7 987.6 109.9 1022.4 42.0 923.2 92.9 888.4 wheat 0
80.3 364.0 152.7 438.6 113.9 476.3 41.5 401.7 wheat 0
261.3 612.5 211.3 622.7 191.2 523.7 241.2 513.6 wheat 0
316.7 315.6 242.3 338.7 181.6 142.4 256.0 119.4 wheat 0
344.7 375.6 314.7 413.5 247.5 360.3 277.6 322.3 wheat 0
95.1 211.3 126.7 292.6 68.6 315.2 37.0 233.9 wheat 0
554.1 297.0 699.7 419.6 660.1 466.7 514.5 344.1 wheat 0
686.6 514.8 650.3 526.1 634.9 476.4 671.2 465.2 wheat 0
754.0 296.2 801.0 344.6 725.7 417.6 678.8 369.3 wheat 0
672.5 36.4 904.7 134.6 877.4 199.3 645.2 101.1 wheat 0
889.1 548.9 1020.7 604.6 1004.7 642.5 873.0 586.8 wheat 0
429.7 980.0 381.5 1006.4 362.8 972.2 411.0 945.8 wheat 0
