620.8 926.7 665.7 996.6 635.1 1016.3 590.2 946.3 wheat 0
716.7 1004.6 681.6 1023.8 656.3 977.5 691.4 958.3 wheat 0
748.9 747.5 711.1 751.3 702.5 665.7 740.3 661.9 wheat 0
742.0 667.5 787.7 714.6 765.0 736.7 719.2 689.6 wheat 0
783.0 665.6 823.7 707.6 807.5 723.4 766.7 681.4 wheat 0
827.5 641.7 857.1 650.9 835.0 722.5 805.3 713.4 wheat 0
764.7 591.6 807.7 591.6 807.7 671.6 764.7 671.6 wheat 0
927.3 548.3 865.4 590.6 845.1 560.9 907.0 518.6 wheat 0
695.7 654.6 668.3 669.6 626.9 593.8 654.3 578.8 wheat 0
517.7 543.6 421.6 573.3 409.2 533.2 505.3 503.5 wheat 0
709.2 823.3 681.5 831.8 667.3 786.0 695.0 777.4 wheat 0
554.5 478.4 600.5 487.7 592.0 529.9 545.9 520.5 wheat 0
413.5 349.3 560.2 394.7 548.7 431.6 402.1 386.3 wheat 0
596.9 367.9 631.2 374.9 615.5 452.3 581.2 445.4 wheat 0
554.7 378.6 598.7 378.6 598.7 414.6 554.7 414.6 wheat 0
667.7 433.6 630.5 445.1 606.9 369.0 644.2 357.5 wheat 0
565.1 324.5 677.9 335.9 673.7 377.6 560.9 366.3 wheat 0
518.9 301.5 589.8 331.5 571.5 374.8 500.6 344.8 wheat 0
536.2 308.7 502.4 312.1 493.3 221.5 527.1 218.1 wheat 0
552.1 226.2 645.7 322.6 614.1 353.3 520.5 256.9 wheat 0
667.7 332.6 628.0 336.6 615.0 208.0 654.8 204.0 wheat 0
663.4 244.6 727.5 298.6 699.7 331.6 635.6 277.6 wheat 0
743.3 283.5 765.1 339.5 736.2 350.7 714.4 294.8 wheat 0
786.1 277.4 816.0 280.4 803.4 405.8 773.5 402.8 wheat 0
740.1 419.9 688.4 425.1 685.4 395.3 737.1 390.1 wheat 0
283.4 527.0 405.0 629.5 385.1 653.2 263.4 550.8 wheat 0
273.1 555.1 387.7 651.6 365.4 678.2 250.7 581.6 wheat 0
214.4 810.6 262.3 843.3 247.0 865.6 199.2 832.9 wheat 0
216.6 335.5 248.1 348.9 212.7 432.6 181.2 419.3 wheat 0
265.7 389.6 229.2 409.6 161.9 286.4 198.4 266.4 wheat 0
179.7 347.6 146.9 354.3 113.5 189.3 146.3 182.6 wheat 0
84.1 346.0 123.7 367.6 105.0 401.9 65.4 380.2 wheat 0
126.7 116.6 80.0 131.1 48.6 29.7 95.4 15.2 wheat 0
970.7 83.6 1003.7 83.6 1003.7 212.6 970.7 212.6 wheat 0
674.8 8.1 747.6 38.9 728.7 83.6 655.9 52.8 wheat 0
686.1 87.6 728.9 91.9 722.4 156.6 679.6 152.3 wheat 0
546.7 0.6 581.7 0.6 581.7 59.6 546.7 59.6 wheat 0
