772.7 647.6 712.9 672.9 664.8 559.2 724.7 533.9 wheat 0
896.7 511.6 936.7 511.6 936.7 561.6 896.7 561.6 wheat 0
937.7 638.6 996.7 638.6 996.7 682.6 937.7 682.6 wheat 0
972.5 894.1 924.7 908.9 897.0 819.1 944.7 804.3 wheat 0
875.7 933.8 957.1 950.3 948.7 991.4 867.4 975.0 wheat 0
793.7 961.6 716.7 985.4 701.3 935.4 778.3 911.6 wheat 0
692.9 919.7 636.2 925.3 631.5 878.6 688.2 872.9 wheat 0
679.7 774.1 714.7 803.6 683.6 840.6 648.6 811.0 wheat 0
896.1 291.4 933.8 323.2 910.7 350.6 873.0 318.8 wheat 0
859.8 158.1 892.7 180.6 867.6 217.4 834.6 194.9 wheat 0
954.8 67.1 934.7 118.6 902.5 106.1 922.5 54.5 wheat 0
733.1 166.4 778.2 185.5 765.4 215.9 720.2 196.8 wheat 0
719.4 64.4 672.4 74.0 664.0 32.8 711.1 23.3 wheat 0
529.3 57.5 646.3 81.3 637.7 123.6 520.7 99.9 wheat 0
497.2 19.6 542.2 28.8 530.3 87.6 485.2 78.4 wheat 0
431.7 181.6 520.7 181.6 520.7 211.6 431.7 211.6 wheat 0
432.7 197.6 481.7 197.6 481.7 278.6 432.7 278.6 wheat 0
557.8 311.4 519.5 350.8 488.7 320.9 527.0 281.4 wheat 0
596.8 423.3 547.7 464.6 520.9 432.8 570.0 391.5 wheat 0
318.2 392.9 349.8 406.2 335.7 439.6 304.1 426.2 wheat 0
363.9 430.2 391.2 448.8 372.5 476.1 345.3 457.4 wheat 0
306.9 107.0 270.7 110.6 260.5 8.7 296.6 5.0 wheat 0
237.7 64.6 266.7 64.6 266.7 93.6 237.7 93.6 wheat 0
101.0 41.0 138.8 57.0 115.4 112.2 77.7 96.3 wheat 0
56.9 304.9 5.1 310.1 0.6 265.3 52.4 260.1 wheat 0
108.6 634.6 157.3 649.7 126.7 748.6 78.0 733.5 wheat 0
344.7 983.6 294.6 1004.8 232.8 858.6 282.9 837.4 wheat 0
124.7 808.8 196.8 816.0 192.8 855.8 120.7 848.6 wheat 0
52.2 780.7 93.0 784.8 87.7 837.6 46.9 833.5 wheat 0
155.5 920.9 126.7 940.6 90.3 887.3 119.1 867.6 wheat 0
156.6 923.2 194.4 943.8 171.8 985.0 134.1 964.4 wheat 0
38.3 893.3 80.6 897.6 74.7 955.6 32.5 951.4 wheat 0
360.8 262.8 337.7 278.6 297.8 220.3 320.9 204.5 wheat 0
995.8 5.3 1021.4 22.8 992.6 64.9 967.0 47.4 wheat 0
