296.1 226.1 356.1 226.1 356.1 333.1 296.1 333.1 wheat 0
98.0 388.0 164.7 424.4 140.3 469.2 73.6 432.7 wheat 0
144.1 550.1 246.1 550.1 246.1 590.1 144.1 590.1 wheat 0
528.1 841.1 489.2 881.1 366.1 761.6 405.0 721.5 wheat 0
252.1 800.1 311.1 800.1 311.1 857.1 252.1 857.1 wheat 0
212.1 375.1 280.1 375.1 280.1 465.1 212.1 465.1 wheat 0
691.1 206.1 727.1 206.1 727.1 320.1 691.1 320.1 wheat 0
845.9 237.8 914.0 295.2 873.4 343.3 805.3 286.0 wheat 0
840.0 427.0 893.2 449.5 829.1 601.1 775.9 578.6 wheat 0
340.8 475.8 385.1 506.1 283.7 654.3 239.4 624.0 wheat 0
860.1 654.1 902.1 654.1 902.1 724.1 860.1 724.1 wheat 0
803.4 852.7 843.0 879.8 802.9 938.4 763.3 911.3 wheat 0
756.1 646.1 801.1 646.1 801.1 697.1 756.1 697.1 wheat 0
175.1 871.1 226.1 871.1 226.1 919.1 175.1 919.1 wheat 0
690.1 952.1 761.1 952.1 761.1 1017.1 690.1 1017.1 wheat 0
380.1 332.1 424.1 332.1 424.1 392.1 380.1 392.1 wheat 0
