194.3 349.0 340.3 349.0 340.3 422.0 194.3 422.0 wheat 0
490.3 358.0 555.3 358.0 555.3 453.0 490.3 453.0 wheat 0
601.3 310.0 654.3 310.0 654.3 478.0 601.3 478.0 wheat 0
747.5 229.1 798.4 256.9 767.2 314.0 716.3 286.2 wheat 0
873.5 397.3 773.5 417.6 761.2 356.8 861.1 336.5 wheat 0
941.3 360.0 986.3 360.0 986.3 434.0 941.3 434.0 wheat 0
866.4 591.1 785.2 616.2 767.2 558.0 848.4 532.8 wheat 0
847.8 593.5 968.4 617.9 955.8 679.6 835.3 655.2 wheat 0
650.0 707.2 790.3 721.2 783.6 787.9 643.3 773.8 wheat 0
561.3 841.0 678.3 841.0 678.3 896.0 561.3 896.0 wheat 0
689.3 825.0 742.3 825.0 742.3 882.0 689.3 882.0 wheat 0
177.8 665.5 316.0 693.6 305.8 743.5 167.7 715.5 wheat 0
294.9 562.5 335.2 584.6 299.8 649.5 259.4 627.5 wheat 0
257.8 185.6 213.9 209.6 178.9 145.5 222.8 121.5 wheat 0
320.8 22.5 370.5 37.9 341.8 130.6 292.1 115.2 wheat 0
459.3 186.5 523.6 240.6 493.3 276.6 429.1 222.5 wheat 0
455.3 3.9 554.3 105.7 503.3 155.2 404.4 53.3 wheat 0
626.8 170.7 580.4 175.3 572.0 90.8 618.3 86.1 wheat 0
112.5 714.6 223.0 725.7 219.1 764.5 108.6 753.4 wheat 0
156.1 763.7 211.1 810.1 178.3 849.0 123.3 802.7 wheat 0
329.7 942.4 170.9 974.5 159.0 915.7 317.7 883.5 wheat 0
306.2 974.9 214.5 1003.3 202.4 964.1 294.1 935.8 wheat 0
