616.2 135.9 676.7 148.2 659.6 232.5 599.1 220.2 wheat 0
866.2 102.7 902.4 127.5 873.6 169.5 837.4 144.7 wheat 0
664.0 798.8 708.7 823.2 679.6 876.5 634.9 852.1 wheat 0
837.6 772.5 801.4 792.3 766.7 728.8 802.9 709.0 wheat 0
850.0 690.6 931.2 707.1 920.6 759.5 839.4 743.0 wheat 0
884.6 883.5 856.2 889.3 842.3 820.9 870.8 815.2 wheat 0
950.3 811.1 1023.0 850.8 996.9 898.5 924.2 858.8 wheat 0
230.6 800.5 184.6 858.5 147.4 829.0 193.4 771.0 wheat 0
313.6 943.5 280.5 953.8 235.0 806.5 268.1 796.3 wheat 0
487.8 6.3 575.5 54.2 549.6 101.5 461.9 53.6 wheat 0
593.0 38.0 634.8 66.6 587.6 135.5 545.8 106.9 wheat 0
779.8 71.8 852.8 102.7 829.6 157.5 756.6 126.6 wheat 0
