419.1 475.5 376.7 484.1 357.6 389.8 399.9 381.2 wheat 0
516.1 461.5 481.1 485.5 444.4 432.0 479.5 408.0 wheat 0
533.1 406.5 488.6 420.3 472.5 368.3 517.0 354.5 wheat 0
567.1 308.5 540.5 330.9 467.8 244.7 494.4 222.3 wheat 0
559.1 238.5 528.3 248.0 509.8 188.1 540.5 178.6 wheat 0
774.1 338.5 721.2 343.8 709.4 226.1 762.3 220.8 wheat 0
607.9 308.1 702.1 317.5 697.8 359.8 603.7 350.3 wheat 0
766.8 352.6 865.1 372.5 856.9 412.8 758.6 392.8 wheat 0
983.1 414.5 940.0 427.8 918.4 358.2 961.5 344.8 wheat 0
907.1 239.5 859.9 259.5 823.9 174.4 871.1 154.4 wheat 0
665.8 61.8 762.1 102.5 742.2 149.4 645.9 108.7 wheat 0
710.2 35.9 804.8 45.4 798.9 104.1 704.4 94.6 wheat 0
929.1 142.5 965.1 142.5 965.1 224.5 929.1 224.5 wheat 0
980.1 176.5 1019.0 176.5 1019.0 243.5 980.1 243.5 wheat 0
958.1 247.5 1001.1 247.5 1001.1 310.5 958.1 310.5 wheat 0
970.1 646.5 915.4 652.0 903.9 536.6 958.5 531.1 wheat 0
855.1 604.5 810.4 628.9 778.7 570.8 823.3 546.4 wheat 0
684.1 573.5 635.8 578.4 621.3 433.9 669.6 429.1 wheat 0
778.8 719.9 889.1 766.5 874.4 801.3 764.1 754.7 wheat 0
780.7 756.8 877.1 797.5 861.9 833.4 765.6 792.6 wheat 0
852.3 843.2 925.1 850.5 921.1 889.5 848.4 882.2 wheat 0
879.1 902.5 841.4 918.4 806.4 835.5 844.0 819.6 wheat 0
731.1 1001.5 677.9 1024.0 633.0 917.8 686.2 895.3 wheat 0
823.1 966.5 782.1 974.8 772.2 926.0 813.2 917.7 wheat 0
729.1 812.5 690.3 839.0 640.4 766.0 679.1 739.5 wheat 0
720.1 751.4 766.1 776.5 750.9 804.2 705.0 779.1 wheat 0
750.1 746.5 699.4 756.8 690.7 714.0 741.4 703.7 wheat 0
553.0 701.2 619.7 769.9 584.1 804.5 517.3 735.8 wheat 0
542.5 552.6 597.0 563.7 570.1 696.5 515.5 685.5 wheat 0
499.5 648.9 559.3 661.1 549.6 709.1 489.8 697.0 wheat 0
581.3 668.2 661.5 702.1 641.1 750.5 560.8 716.6 wheat 0
311.4 695.7 412.3 716.2 403.8 758.3 302.8 737.9 wheat 0
375.5 770.9 426.1 805.5 407.7 832.3 357.1 797.7 wheat 0
330.5 941.3 382.1 969.5 363.1 1004.2 311.6 976.0 wheat 0
412.6 560.4 464.4 565.6 456.1 648.5 404.3 643.3 wheat 0
379.1 605.5 346.6 638.9 270.6 565.1 303.0 531.7 wheat 0
280.6 376.9 337.1 415.5 317.4 444.3 260.9 405.7 wheat 0
350.1 358.5 309.3 371.1 276.4 264.6 317.1 252.0 wheat 0
407.1 242.5 381.7 256.3 342.3 184.1 367.6 170.3 wheat 0
144.9 342.3 223.1 366.5 210.7 406.4 132.6 382.3 wheat 0
153.8 446.5 202.1 446.5 202.1 584.5 153.8 584.5 wheat 0
188.6 622.1 271.1 691.5 235.4 733.9 152.9 664.4 wheat 0
125.1 622.5 76.8 637.4 36.6 507.6 84.9 492.6 wheat 0
29.5 610.3 127.1 651.5 109.1 694.1 11.5 652.9 wheat 0
170.2 730.8 231.0 756.5 209.9 806.2 149.2 780.5 wheat 0
150.1 765.5 110.0 787.4 74.4 722.2 114.5 700.3 wheat 0
198.1 938.5 171.0 972.6 -0.0 836.8 27.0 802.8 wheat 0
207.4 138.9 274.1 184.5 256.8 209.7 190.2 164.1 wheat 0
