454.7 373.6 587.7 373.6 587.7 403.6 454.7 403.6 wheat 0
527.6 324.6 589.3 350.7 578.8 375.6 517.1 349.5 wheat 0
724.7 469.4 602.7 481.6 599.2 446.8 721.2 434.6 wheat 0
480.4 463.9 562.9 509.0 552.7 527.6 470.2 482.5 wheat 0
515.3 519.7 570.7 536.8 562.2 564.5 506.7 547.4 wheat 0
583.5 523.1 647.4 588.9 616.7 618.6 552.9 552.8 wheat 0
529.8 549.5 477.1 578.3 463.7 553.7 516.4 524.9 wheat 0
551.4 592.4 596.5 630.4 581.1 648.8 535.9 610.8 wheat 0
796.6 610.2 827.4 613.3 823.9 648.1 793.1 645.0 wheat 0
731.7 649.6 832.7 649.6 832.7 689.6 731.7 689.6 wheat 0
934.7 678.6 842.3 707.2 834.1 680.6 926.5 652.0 wheat 0
900.5 693.5 965.2 699.9 962.0 731.8 897.3 725.3 wheat 0
911.5 486.4 943.7 536.6 878.2 578.7 845.9 528.5 wheat 0
984.3 439.2 895.1 457.3 888.2 423.0 977.4 404.9 wheat 0
892.6 357.9 864.0 366.8 846.8 311.3 875.5 302.5 wheat 0
862.7 260.6 834.2 280.1 769.4 185.4 797.9 165.9 wheat 0
867.5 173.8 918.9 217.1 899.1 240.7 847.7 197.4 wheat 0
769.7 180.6 746.1 200.5 690.7 134.8 714.4 114.9 wheat 0
734.9 271.6 706.8 290.8 678.6 249.6 706.7 230.4 wheat 0
709.8 122.8 770.6 135.1 763.6 169.4 702.9 157.1 wheat 0
1023.7 103.6 926.9 123.2 921.7 97.6 1018.5 77.9 wheat 0
998.2 227.6 963.9 234.5 952.2 176.7 986.5 169.7 wheat 0
613.6 405.3 658.5 419.1 650.8 444.0 605.9 430.1 wheat 0
1023.7 32.6 949.5 95.1 930.5 72.5 1004.7 10.0 wheat 0
838.4 728.0 802.4 747.6 788.1 721.3 824.0 701.6 wheat 0
914.3 821.5 892.4 833.5 852.1 759.7 874.1 747.8 wheat 0
812.7 745.6 906.7 745.6 906.7 773.6 812.7 773.6 wheat 0
816.7 780.1 747.0 787.1 744.8 765.2 814.5 758.2 wheat 0
845.7 795.6 750.8 825.0 744.3 804.0 839.3 774.7 wheat 0
814.3 814.9 843.4 827.2 818.7 885.6 789.6 873.3 wheat 0
853.7 803.7 941.9 878.1 918.7 905.6 830.5 831.3 wheat 0
938.7 932.6 863.5 964.4 851.3 935.4 926.5 903.6 wheat 0
930.3 908.5 1002.0 915.7 999.7 938.6 928.0 931.4 wheat 0
868.9 991.8 845.0 999.1 829.6 949.5 853.5 942.1 wheat 0
330.7 409.6 414.7 409.6 414.7 440.6 330.7 440.6 wheat 0
649.4 651.6 691.6 660.1 687.0 682.7 644.9 674.1 wheat 0
1021.7 829.6 964.5 868.8 947.8 844.5 1005.1 805.3 wheat 0
631.1 714.9 732.6 784.3 713.4 812.4 611.9 742.9 wheat 0
676.6 821.0 647.7 823.9 641.9 766.2 670.8 763.3 wheat 0
746.2 839.2 708.9 850.7 700.3 823.0 737.6 811.5 wheat 0
721.1 849.4 746.5 854.6 738.4 894.8 712.9 889.6 wheat 0
438.4 738.6 578.7 834.6 554.3 870.4 413.9 774.4 wheat 0
520.3 863.3 595.8 886.6 583.7 925.6 508.2 902.3 wheat 0
520.6 884.8 589.7 922.6 573.6 952.1 504.4 914.3 wheat 0
362.4 800.9 477.7 849.6 467.0 874.9 351.8 826.1 wheat 0
282.6 780.9 349.7 817.6 335.4 843.8 268.3 807.1 wheat 0
352.7 736.6 234.0 760.7 227.0 725.9 345.7 701.9 wheat 0
286.1 763.9 175.3 798.2 167.3 772.4 278.2 738.1 wheat 0
257.4 666.1 362.8 676.7 359.7 707.6 254.3 697.0 wheat 0
312.7 648.6 394.7 648.6 394.7 677.6 312.7 677.6 wheat 0
356.4 626.7 416.1 632.7 413.0 663.5 353.3 657.5 wheat 0
353.0 900.2 332.5 906.5 323.3 876.8 343.8 870.5 wheat 0
278.0 903.7 182.0 923.1 177.4 900.6 273.5 881.1 wheat 0
99.1 847.4 164.8 854.0 162.4 877.8 96.7 871.3 wheat 0
43.4 809.4 107.1 822.3 103.1 841.9 39.4 829.0 wheat 0
92.7 871.6 70.6 894.4 10.2 835.8 32.3 813.0 wheat 0
81.6 944.0 222.7 972.6 215.1 1010.5 74.0 981.9 wheat 0
72.7 635.6 181.7 635.6 181.7 673.6 72.7 673.6 wheat 0
77.6 643.5 50.1 666.7 19.8 630.7 47.4 607.5 wheat 0
58.3 522.6 188.2 577.5 174.2 610.6 44.3 555.7 wheat 0
98.5 457.8 195.9 467.6 192.7 498.6 95.4 488.8 wheat 0
110.3 403.6 248.0 431.6 241.7 462.6 104.1 434.7 wheat 0
72.9 344.8 216.2 373.8 207.7 415.6 64.5 386.6 wheat 0
77.8 241.5 184.0 299.6 169.7 325.6 63.5 267.6 wheat 0
99.7 314.6 176.7 314.6 176.7 335.6 99.7 335.6 wheat 0
6.7 262.6 123.7 262.6 123.7 299.6 6.7 299.6 wheat 0
12.1 365.0 65.8 370.4 63.4 395.2 9.6 389.9 wheat 0
19.9 403.2 112.0 442.2 101.5 467.0 9.4 428.1 wheat 0
325.5 165.8 429.2 253.2 407.7 278.6 304.1 191.3 wheat 0
361.1 135.9 461.7 220.6 439.5 247.1 338.8 162.3 wheat 0
358.6 57.8 404.6 83.0 391.7 106.6 345.7 81.5 wheat 0
192.8 123.4 287.8 142.7 279.7 182.8 184.6 163.6 wheat 0
160.7 150.6 125.0 180.7 60.5 104.1 96.2 74.0 wheat 0
27.2 211.8 76.0 232.4 61.2 267.4 12.4 246.8 wheat 0
585.7 1002.6 659.7 1002.6 659.7 1021.6 585.7 1021.6 wheat 0
