633.1 465.7 737.1 572.7 695.5 613.1 591.6 506.1 wheat 0
817.7 495.2 767.1 516.7 750.7 478.0 801.4 456.6 wheat 0
817.9 618.7 857.4 640.3 842.6 667.5 803.1 645.9 wheat 0
955.4 747.1 913.3 775.9 867.0 708.2 909.1 679.4 wheat 0
915.3 807.4 809.5 828.9 800.1 782.8 906.0 761.4 wheat 0
826.7 923.6 787.6 931.5 768.0 835.0 807.2 827.1 wheat 0
934.3 963.9 876.3 988.4 852.2 931.3 910.2 906.8 wheat 0
565.2 755.8 619.9 766.9 599.7 866.6 545.0 855.5 wheat 0
371.7 876.6 329.5 905.5 289.9 847.6 332.1 818.7 wheat 0
370.3 885.7 457.7 894.5 452.7 943.6 365.4 934.9 wheat 0
123.2 612.1 278.4 742.9 235.3 794.1 80.0 663.3 wheat 0
165.6 758.9 205.9 781.0 171.9 843.3 131.5 821.2 wheat 0
53.5 761.1 131.6 826.8 99.7 864.6 21.7 798.9 wheat 0
126.7 385.6 270.7 385.6 270.7 439.6 126.7 439.6 wheat 0
84.1 208.3 283.6 292.7 257.3 355.0 57.7 270.6 wheat 0
436.9 329.3 362.7 360.6 346.1 321.3 420.2 290.0 wheat 0
373.3 210.4 518.2 239.8 506.6 297.0 361.7 267.6 wheat 0
661.3 310.3 604.1 334.5 572.2 258.9 629.3 234.8 wheat 0
723.8 311.7 760.9 337.1 736.7 372.6 699.5 347.2 wheat 0
903.1 267.8 840.3 280.5 830.4 231.5 893.1 218.8 wheat 0
857.4 297.9 897.4 306.0 888.7 348.6 848.8 340.5 wheat 0
908.7 304.6 951.5 308.9 947.8 345.7 905.0 341.4 wheat 0
949.5 138.2 979.0 154.3 941.7 222.6 912.2 206.5 wheat 0
660.2 100.2 769.9 160.1 750.3 196.1 640.6 136.1 wheat 0
689.1 200.6 654.7 229.6 587.3 149.6 621.7 120.6 wheat 0
545.1 104.4 502.8 122.3 460.3 21.9 502.7 4.0 wheat 0
399.8 27.0 498.7 68.8 487.7 94.6 388.9 52.8 wheat 0
281.7 53.6 436.7 53.6 436.7 100.6 281.7 100.6 wheat 0
416.0 129.1 487.8 159.5 471.5 198.1 399.6 167.8 wheat 0
369.7 195.6 317.9 231.1 290.7 191.2 342.5 155.8 wheat 0
163.3 29.7 282.7 111.4 251.7 156.6 132.3 74.9 wheat 0
78.0 136.2 228.2 151.3 222.5 208.0 72.3 192.9 wheat 0
943.1 817.3 974.4 843.8 947.4 875.9 916.0 849.5 wheat 0
881.5 856.4 924.7 900.9 896.0 928.8 852.8 884.3 wheat 0
785.9 994.4 745.3 1011.6 719.6 950.8 760.1 933.7 wheat 0
605.3 78.3 574.8 99.2 543.2 53.0 573.7 32.1 wheat 0
