601.7 504.6 550.3 515.0 524.5 388.0 576.0 377.5 wheat 0
569.1 226.9 655.9 316.4 622.7 348.6 535.9 259.2 wheat 0
535.7 125.6 456.1 141.8 447.4 98.9 527.0 82.7 wheat 0
526.9 56.7 584.5 105.2 559.7 134.6 502.1 86.1 wheat 0
486.0 132.0 530.7 201.6 496.8 223.4 452.1 153.8 wheat 0
270.7 0.6 323.7 0.6 323.7 39.6 270.7 39.6 wheat 0
352.7 14.9 455.4 71.0 433.7 110.6 331.1 54.5 wheat 0
210.2 16.7 271.3 58.5 245.3 96.5 184.2 54.7 wheat 0
288.7 146.0 342.3 151.3 337.7 196.6 284.2 191.2 wheat 0
395.7 207.6 356.9 224.0 331.1 163.1 370.0 146.6 wheat 0
429.7 237.6 375.3 248.6 367.5 209.9 421.9 198.8 wheat 0
383.8 262.4 333.1 283.9 318.7 249.8 369.4 228.4 wheat 0
777.9 27.0 807.4 39.5 771.6 124.2 742.1 111.8 wheat 0
725.3 107.5 785.0 140.1 768.2 170.8 708.5 138.2 wheat 0
741.8 132.7 780.3 140.5 766.7 207.6 728.2 199.8 wheat 0
732.7 184.6 687.0 215.9 669.5 190.3 715.2 159.0 wheat 0
730.7 451.6 686.9 496.8 645.0 456.1 688.9 410.9 wheat 0
734.3 314.5 781.7 340.4 759.2 381.7 711.8 355.8 wheat 0
806.4 293.0 764.2 301.6 758.1 271.2 800.2 262.7 wheat 0
786.3 337.7 813.0 349.0 796.2 388.6 769.5 377.3 wheat 0
789.8 441.0 829.5 481.9 789.7 520.6 750.0 479.7 wheat 0
755.4 490.5 777.7 518.6 748.7 541.6 726.4 513.5 wheat 0
727.9 544.5 751.9 564.7 726.7 594.6 702.7 574.4 wheat 0
843.6 385.8 872.9 415.9 819.8 467.5 790.6 437.3 wheat 0
937.1 294.1 950.0 314.3 900.4 346.2 887.4 326.0 wheat 0
860.4 110.9 889.6 123.2 849.7 217.6 820.5 205.2 wheat 0
1002.0 179.5 915.7 226.6 895.1 188.9 981.4 141.8 wheat 0
803.1 615.5 841.8 648.1 807.7 688.6 769.0 656.0 wheat 0
680.4 634.9 645.6 670.8 609.0 635.3 643.9 599.4 wheat 0
377.7 549.6 305.8 556.8 300.6 504.9 372.5 497.6 wheat 0
240.7 514.6 286.7 514.6 286.7 543.6 240.7 543.6 wheat 0
317.4 547.8 345.9 577.1 325.7 596.6 297.3 567.3 wheat 0
253.6 635.3 306.4 657.6 287.5 702.5 234.6 680.1 wheat 0
241.7 543.4 299.9 592.3 265.7 632.9 207.6 583.9 wheat 0
325.8 618.9 295.8 649.7 270.7 625.3 300.7 594.5 wheat 0
172.3 497.9 234.5 540.4 209.7 576.6 147.5 534.1 wheat 0
33.9 484.4 166.1 525.3 148.7 581.6 16.4 540.7 wheat 0
245.7 405.6 183.4 448.3 108.9 339.3 171.2 296.7 wheat 0
270.7 428.6 235.7 483.1 190.9 454.3 225.9 399.8 wheat 0
355.4 358.5 316.6 362.4 309.1 287.7 347.9 283.9 wheat 0
398.6 327.7 363.4 357.3 340.9 330.5 376.1 300.9 wheat 0
874.0 762.9 911.7 794.6 878.1 834.5 840.4 802.7 wheat 0
859.9 885.3 937.5 927.7 910.7 976.6 833.2 934.3 wheat 0
957.7 1004.6 891.3 1018.1 882.7 975.6 949.1 962.2 wheat 0
702.7 880.6 762.7 880.6 762.7 907.6 702.7 907.6 wheat 0
763.7 820.8 800.7 893.6 753.7 917.6 716.7 844.8 wheat 0
800.3 845.3 861.8 897.1 837.7 925.6 776.2 873.8 wheat 0
804.9 996.2 754.8 1023.5 725.6 970.0 775.6 942.7 wheat 0
444.9 774.2 478.1 808.4 439.7 845.6 406.6 811.5 wheat 0
407.7 868.6 473.7 868.6 473.7 903.6 407.7 903.6 wheat 0
377.3 906.3 423.1 920.5 412.2 955.9 366.3 941.7 wheat 0
324.5 868.9 286.7 884.9 270.0 845.3 307.7 829.3 wheat 0
277.0 914.8 338.7 992.6 301.9 1021.9 240.2 944.1 wheat 0
195.7 839.6 75.5 905.3 47.0 853.3 167.3 787.6 wheat 0
248.0 758.9 195.2 795.0 171.5 760.4 224.3 724.2 wheat 0
246.2 732.0 270.9 749.0 239.3 795.2 214.5 778.3 wheat 0
782.4 706.6 823.3 741.0 801.7 766.6 760.8 732.2 wheat 0
830.2 970.8 873.5 989.1 860.3 1020.4 817.0 1002.1 wheat 0
373.4 983.1 398.6 1004.3 386.3 1018.9 361.1 997.7 wheat 0
