438.7 356.7 519.1 381.5 474.9 524.2 394.6 499.3 wheat 0
539.9 551.2 482.5 569.0 450.2 464.7 507.7 446.9 wheat 0
588.1 426.2 688.9 511.2 639.8 569.6 538.9 484.6 wheat 0
867.9 632.2 789.7 640.1 778.9 531.9 857.1 524.1 wheat 0
690.4 571.9 763.1 586.7 732.9 735.2 660.3 720.5 wheat 0
614.1 739.9 679.1 767.4 633.9 874.2 568.9 846.7 wheat 0
415.6 797.9 476.6 823.7 437.9 915.2 376.9 889.4 wheat 0
349.1 829.7 417.6 843.6 391.9 970.2 323.4 956.3 wheat 0
313.9 904.2 235.9 912.0 221.4 767.8 299.5 760.0 wheat 0
38.9 883.7 153.9 895.2 146.4 970.4 31.3 958.9 wheat 0
236.9 609.2 138.2 619.1 131.7 553.9 230.4 544.0 wheat 0
105.9 623.2 33.7 637.9 21.5 577.7 93.7 563.0 wheat 0
235.9 778.2 175.3 790.5 142.1 626.7 202.7 614.4 wheat 0
259.0 398.2 337.3 406.0 321.9 559.2 243.6 551.3 wheat 0
411.9 287.2 315.6 386.4 259.2 331.5 355.5 232.4 wheat 0
573.7 291.6 635.5 304.1 613.9 410.2 552.2 397.7 wheat 0
567.8 91.5 602.5 135.2 531.9 191.2 497.3 147.5 wheat 0
862.9 149.1 928.9 185.2 900.2 237.9 834.1 201.8 wheat 0
983.4 172.4 1022.3 221.4 912.8 308.2 873.9 259.2 wheat 0
90.9 28.9 244.4 76.4 224.9 139.2 71.5 91.7 wheat 0
138.9 378.6 53.9 450.2 8.4 396.1 93.4 324.5 wheat 0
