706.7 531.6 664.0 535.9 647.2 368.2 689.9 364.0 wheat 0
671.7 193.6 630.9 199.0 611.0 47.0 651.9 41.6 wheat 0
803.7 303.6 764.2 311.6 732.4 154.9 772.0 146.8 wheat 0
859.7 0.6 895.7 0.6 895.7 107.6 859.7 107.6 wheat 0
839.8 46.0 769.3 115.7 747.4 93.5 817.9 23.8 wheat 0
803.6 163.1 883.7 230.6 856.0 263.5 775.9 196.0 wheat 0
926.0 176.0 882.1 221.2 858.5 198.2 902.3 153.0 wheat 0
977.7 220.6 931.5 268.2 908.3 245.7 954.5 198.1 wheat 0
722.8 555.8 796.0 631.1 763.7 662.5 690.5 587.1 wheat 0
886.3 685.7 847.1 693.7 829.2 605.5 868.4 597.5 wheat 0
937.7 474.5 978.2 491.7 933.8 596.7 893.3 579.5 wheat 0
809.8 323.8 877.5 409.2 840.7 438.4 773.0 353.0 wheat 0
775.4 749.0 735.7 770.6 666.3 643.6 706.0 622.0 wheat 0
706.0 730.4 648.7 778.6 621.9 746.7 679.2 698.5 wheat 0
809.7 881.6 761.5 902.0 715.0 791.9 763.2 771.5 wheat 0
792.6 808.3 835.7 817.0 814.9 919.9 771.7 911.2 wheat 0
877.1 886.1 848.3 905.9 831.3 881.1 860.2 861.4 wheat 0
658.5 923.7 738.6 978.5 716.0 1011.5 635.9 956.7 wheat 0
788.9 931.6 659.3 1020.3 635.6 985.6 765.2 897.0 wheat 0
498.8 660.5 543.8 669.6 520.7 783.6 475.7 774.5 wheat 0
512.2 784.0 555.4 792.7 541.2 862.3 498.1 853.5 wheat 0
474.8 695.2 313.5 739.9 300.9 694.6 462.2 649.9 wheat 0
438.3 518.7 481.3 542.2 435.7 625.6 392.7 602.1 wheat 0
182.4 656.6 284.7 688.2 274.0 722.6 171.8 691.0 wheat 0
209.3 710.4 249.2 727.3 190.7 865.6 150.8 848.7 wheat 0
197.0 834.7 258.7 840.9 254.4 883.8 192.7 877.6 wheat 0
137.1 876.9 276.6 953.2 257.4 988.3 117.9 912.1 wheat 0
173.5 402.6 222.3 429.2 157.0 548.8 108.2 522.2 wheat 0
93.7 511.6 266.7 511.6 266.7 553.6 93.7 553.6 wheat 0
143.2 498.1 38.0 606.4 7.8 577.1 113.0 468.8 wheat 0
106.6 608.3 2.2 618.8 -1.6 581.0 102.8 570.5 wheat 0
59.0 635.9 149.1 674.0 137.8 700.7 47.7 662.6 wheat 0
459.0 67.7 496.1 79.2 473.7 151.6 436.6 140.1 wheat 0
410.7 143.6 470.7 143.6 470.7 173.6 410.7 173.6 wheat 0
167.2 291.2 206.0 331.1 180.7 355.6 142.0 315.7 wheat 0
91.5 367.6 52.0 389.2 19.0 328.6 58.4 307.1 wheat 0
158.7 0.0 196.7 0.0 196.7 97.0 158.7 97.0 wheat 0
8.8 241.5 54.6 246.1 48.6 305.8 2.9 301.2 wheat 0
