601.7 682.1 575.4 696.5 541.8 635.1 568.1 620.7 wheat 0
510.7 740.1 541.1 746.3 529.8 802.1 499.4 796.0 wheat 0
533.7 785.6 576.7 785.6 576.7 876.6 533.7 876.6 wheat 0
561.7 970.6 519.6 983.6 481.4 860.0 523.5 847.0 wheat 0
445.1 906.3 463.8 929.9 418.7 965.6 400.0 942.1 wheat 0
394.7 958.6 432.7 958.6 432.7 1023.6 394.7 1023.6 wheat 0
651.1 819.1 699.8 828.9 693.7 858.6 645.1 848.8 wheat 0
776.8 747.4 841.8 829.2 814.7 850.6 749.8 768.8 wheat 0
771.9 896.4 739.7 918.4 712.6 878.8 744.8 856.8 wheat 0
659.7 1005.6 571.5 1023.5 565.7 994.6 653.9 976.8 wheat 0
672.8 651.7 753.4 659.8 749.6 697.6 669.0 689.5 wheat 0
665.3 668.7 699.1 691.8 669.2 735.6 635.4 712.4 wheat 0
771.7 663.6 878.7 663.6 878.7 704.6 771.7 704.6 wheat 0
891.9 565.6 919.2 584.2 878.5 643.6 851.3 625.0 wheat 0
901.7 619.6 929.7 619.6 929.7 657.6 901.7 657.6 wheat 0
971.7 660.6 948.5 667.8 933.0 617.5 956.2 610.3 wheat 0
971.3 788.7 995.7 813.8 969.2 839.6 944.8 814.5 wheat 0
987.7 807.6 1022.0 807.6 1022.0 853.6 987.7 853.6 wheat 0
967.7 865.6 990.7 865.6 990.7 907.6 967.7 907.6 wheat 0
959.8 908.2 1008.0 948.8 986.7 974.0 938.5 933.4 wheat 0
921.0 879.0 938.1 893.4 922.3 912.2 905.2 897.8 wheat 0
892.7 930.4 910.0 942.3 885.8 977.8 868.4 965.9 wheat 0
730.8 978.8 771.7 978.8 771.7 1023.6 730.8 1023.6 wheat 0
667.7 984.4 694.5 987.1 690.8 1023.9 664.0 1021.2 wheat 0
826.7 588.6 798.2 600.7 776.3 548.8 804.8 536.7 wheat 0
731.8 564.9 763.5 574.7 747.7 625.6 716.1 615.8 wheat 0
717.7 518.6 745.7 518.6 745.7 558.6 717.7 558.6 wheat 0
840.0 536.6 804.6 547.6 784.5 482.6 819.9 471.7 wheat 0
716.9 495.6 661.1 506.9 653.5 469.7 709.4 458.3 wheat 0
616.7 505.6 650.7 505.6 650.7 541.6 616.7 541.6 wheat 0
615.4 448.8 643.1 457.4 623.0 522.4 595.3 513.8 wheat 0
670.7 407.6 639.1 424.9 612.8 376.6 644.3 359.4 wheat 0
834.1 431.1 890.9 442.7 885.4 470.1 828.5 458.6 wheat 0
896.7 426.6 863.1 445.0 849.9 420.8 883.5 402.4 wheat 0
921.7 425.6 948.7 425.6 948.7 459.6 921.7 459.6 wheat 0
990.7 547.6 1024.0 547.6 1024.0 593.8 990.7 593.8 wheat 0
1023.4 475.4 981.6 479.6 978.0 443.8 1019.8 439.6 wheat 0
344.4 563.7 395.7 616.6 374.1 637.7 322.7 584.8 wheat 0
424.7 584.6 483.7 584.6 483.7 607.6 424.7 607.6 wheat 0
403.7 524.6 366.4 536.2 358.5 510.7 395.9 499.1 wheat 0
391.7 424.0 425.9 442.7 404.8 481.3 370.6 462.6 wheat 0
485.4 481.0 455.0 487.2 445.1 438.2 475.5 432.0 wheat 0
556.3 388.8 512.2 397.8 506.2 368.4 550.3 359.4 wheat 0
172.0 173.6 217.7 182.9 198.6 277.2 152.9 267.9 wheat 0
254.7 230.6 315.7 230.6 315.7 269.6 254.7 269.6 wheat 0
223.9 255.8 293.5 269.9 288.5 294.4 219.0 280.3 wheat 0
338.3 315.7 301.5 319.4 298.2 286.5 335.0 282.9 wheat 0
304.7 333.6 338.7 333.6 338.7 375.6 304.7 375.6 wheat 0
238.7 319.0 272.5 322.4 268.8 359.2 235.0 355.8 wheat 0
338.7 258.6 300.0 262.5 292.1 183.3 330.8 179.4 wheat 0
223.7 109.6 261.7 109.6 261.7 150.6 223.7 150.6 wheat 0
77.8 148.0 28.1 163.4 15.7 123.2 65.4 107.9 wheat 0
70.9 212.9 38.0 216.2 33.6 172.4 66.5 169.1 wheat 0
14.7 0.6 55.7 0.6 55.7 64.6 14.7 64.6 wheat 0
124.3 43.4 83.9 65.5 67.2 34.8 107.5 12.7 wheat 0
143.9 441.7 112.6 454.9 89.6 400.6 120.9 387.3 wheat 0
180.2 425.7 206.8 443.9 170.7 496.6 144.2 478.4 wheat 0
62.2 425.0 95.5 431.7 82.7 494.6 49.5 487.9 wheat 0
106.8 584.6 66.6 597.0 42.7 519.6 82.8 507.2 wheat 0
67.7 536.6 43.9 556.7 0.7 505.5 24.6 485.4 wheat 0
137.8 668.1 70.1 674.9 65.7 631.1 133.4 624.3 wheat 0
156.3 618.1 187.0 634.9 172.2 662.1 141.4 645.3 wheat 0
4.7 594.6 44.7 594.6 44.7 637.6 4.7 637.6 wheat 0
33.8 691.7 72.0 703.5 45.7 788.5 7.5 776.7 wheat 0
123.7 1010.6 81.1 1023.8 55.1 939.7 97.7 926.5 wheat 0
56.2 940.2 95.8 957.0 66.2 1027.0 26.6 1010.2 wheat 0
301.7 919.6 256.4 924.2 246.7 827.7 292.1 823.2 wheat 0
311.8 811.5 282.3 824.0 263.7 779.7 293.1 767.3 wheat 0
346.7 707.6 302.0 738.2 281.6 708.3 326.3 677.7 wheat 0
336.6 739.9 374.0 747.5 355.7 837.6 318.4 830.0 wheat 0
312.1 915.8 347.1 939.7 291.7 1020.6 256.7 996.7 wheat 0
238.5 946.0 267.9 951.9 261.0 986.2 231.6 980.3 wheat 0
380.7 111.6 437.7 111.6 437.7 136.6 380.7 136.6 wheat 0
438.7 108.6 474.7 108.6 474.7 152.6 438.7 152.6 wheat 0
498.2 81.2 521.9 105.5 485.3 141.1 461.6 116.7 wheat 0
419.2 221.7 383.9 228.8 376.3 191.6 411.6 184.4 wheat 0
476.5 240.9 448.4 256.3 424.9 213.3 453.0 197.9 wheat 0
484.7 194.6 517.7 194.6 517.7 228.6 484.7 228.6 wheat 0
691.4 26.2 705.3 61.9 615.9 96.6 602.0 61.0 wheat 0
673.3 41.8 705.9 69.3 646.7 139.6 614.1 112.1 wheat 0
692.7 187.6 659.6 210.3 612.2 141.0 645.3 118.3 wheat 0
740.7 120.6 672.2 149.6 655.6 110.4 724.2 81.4 wheat 0
829.6 40.7 753.2 82.4 736.9 52.6 813.3 10.8 wheat 0
738.8 137.2 829.3 146.2 825.7 182.1 735.2 173.0 wheat 0
950.7 83.6 870.1 127.7 852.3 95.2 933.0 51.1 wheat 0
866.2 111.6 828.4 115.4 825.2 83.6 863.0 79.8 wheat 0
895.1 118.8 932.6 134.7 901.7 207.6 864.3 191.8 wheat 0
955.1 71.4 1023.3 108.7 1003.7 144.6 935.5 107.3 wheat 0
156.7 510.3 204.5 515.1 200.8 551.9 153.0 547.1 wheat 0
773.9 278.2 814.3 319.8 793.5 340.0 753.1 298.4 wheat 0
920.9 340.4 945.3 365.5 929.5 380.8 905.2 355.7 wheat 0
961.7 308.6 1001.7 308.6 1001.7 342.6 961.7 342.6 wheat 0
