472.6 238.5 533.6 238.5 533.6 293.5 472.6 293.5 wheat 0
744.6 239.5 673.7 278.2 647.2 229.7 718.1 191.0 wheat 0
800.4 246.5 856.8 252.2 850.6 314.5 794.2 308.9 wheat 0
826.3 298.1 895.1 319.4 879.6 369.5 810.8 348.2 wheat 0
858.6 391.5 956.6 391.5 956.6 446.5 858.6 446.5 wheat 0
862.6 552.5 818.9 556.9 810.9 477.5 854.6 473.2 wheat 0
752.3 517.7 827.1 540.8 809.6 597.5 734.8 574.4 wheat 0
670.6 531.5 706.6 531.5 706.6 588.5 670.6 588.5 wheat 0
878.6 613.5 918.6 613.5 918.6 674.5 878.6 674.5 wheat 0
848.6 682.5 899.6 682.5 899.6 741.5 848.6 741.5 wheat 0
860.6 740.5 907.6 740.5 907.6 785.5 860.6 785.5 wheat 0
862.6 842.5 804.4 874.3 782.6 834.5 840.8 802.7 wheat 0
763.6 892.5 851.6 892.5 851.6 932.5 763.6 932.5 wheat 0
756.6 930.5 712.9 985.5 672.6 953.5 716.3 898.5 wheat 0
677.6 781.5 775.6 781.5 775.6 830.5 677.6 830.5 wheat 0
663.6 722.5 577.1 759.1 554.4 705.4 640.9 668.9 wheat 0
542.6 690.5 452.7 766.2 413.0 719.2 502.9 643.5 wheat 0
584.6 626.5 498.3 685.5 472.3 647.6 558.6 588.6 wheat 0
324.9 510.4 383.6 550.5 360.5 584.2 301.9 544.0 wheat 0
383.6 682.5 326.2 741.5 280.9 697.6 338.3 638.5 wheat 0
399.1 755.2 455.8 772.8 434.6 841.5 377.9 824.0 wheat 0
513.7 864.2 554.4 915.4 526.2 937.8 485.6 886.5 wheat 0
226.6 865.5 269.6 865.5 269.6 906.5 226.6 906.5 wheat 0
263.5 771.5 294.2 792.5 256.6 847.5 225.9 826.5 wheat 0
576.4 337.8 685.3 348.7 679.6 405.5 570.7 394.6 wheat 0
722.5 304.0 668.6 349.5 638.0 313.2 692.0 267.7 wheat 0
640.6 226.9 680.7 260.7 634.7 315.3 594.6 281.5 wheat 0
279.8 315.8 331.2 343.9 309.6 383.5 258.2 355.4 wheat 0
311.6 248.9 389.9 302.4 353.6 355.5 275.3 302.0 wheat 0
320.6 230.5 389.6 230.5 389.6 271.5 320.6 271.5 wheat 0
309.6 177.5 363.6 177.5 363.6 241.5 309.6 241.5 wheat 0
92.6 161.5 41.5 189.4 21.4 152.8 72.5 124.9 wheat 0
87.4 423.7 151.6 443.5 138.0 487.4 73.8 467.6 wheat 0
103.6 326.5 140.6 326.5 140.6 351.5 103.6 351.5 wheat 0
126.6 204.5 51.9 227.6 37.8 182.0 112.4 158.9 wheat 0
182.6 780.5 142.2 793.0 126.1 741.1 166.5 728.6 wheat 0
126.6 644.5 72.5 655.5 57.5 581.5 111.6 570.6 wheat 0
111.6 689.5 40.1 704.0 31.0 659.2 102.5 644.7 wheat 0
86.6 698.5 138.6 698.5 138.6 754.5 86.6 754.5 wheat 0
47.0 862.4 134.8 871.2 129.6 923.5 41.7 914.7 wheat 0
134.6 881.5 188.6 881.5 188.6 929.5 134.6 929.5 wheat 0
179.6 898.5 235.6 898.5 235.6 963.5 179.6 963.5 wheat 0
243.6 938.5 358.6 938.5 358.6 984.5 243.6 984.5 wheat 0
492.6 942.5 540.6 942.5 540.6 982.5 492.6 982.5 wheat 0
45.6 917.5 91.6 917.5 91.6 989.5 45.6 989.5 wheat 0
578.3 348.6 502.6 356.2 498.8 318.4 574.5 310.8 wheat 0
925.3 55.8 962.0 71.3 939.6 124.5 902.8 109.0 wheat 0
