417.2 428.2 374.4 432.5 365.3 341.0 408.0 336.7 wheat 0
325.5 427.7 364.7 435.6 344.0 537.6 304.8 529.6 wheat 0
618.5 460.6 577.3 469.0 561.0 388.6 602.2 380.3 wheat 0
437.0 236.2 472.4 247.1 445.5 334.1 410.1 323.1 wheat 0
380.7 217.6 312.6 275.0 284.8 242.1 353.0 184.6 wheat 0
366.4 227.2 395.7 239.6 355.9 333.8 326.6 321.4 wheat 0
389.7 64.6 441.7 64.6 441.7 172.6 389.7 172.6 wheat 0
645.9 257.3 552.9 296.6 536.5 257.9 629.6 218.6 wheat 0
642.3 137.1 597.1 156.2 558.2 64.1 603.3 45.0 wheat 0
121.7 117.6 86.5 136.9 34.2 41.1 69.4 21.8 wheat 0
82.7 286.6 144.7 286.6 144.7 332.6 82.7 332.6 wheat 0
114.7 522.6 33.4 567.0 9.9 524.0 91.2 479.6 wheat 0
125.6 638.0 38.2 699.1 12.2 661.9 99.6 600.9 wheat 0
420.5 611.0 347.7 641.8 336.0 614.2 408.8 583.4 wheat 0
445.7 524.6 482.7 524.6 482.7 572.6 445.7 572.6 wheat 0
556.7 522.6 505.2 587.5 484.1 570.7 535.6 505.8 wheat 0
652.6 526.8 690.7 547.6 643.4 634.2 605.3 613.4 wheat 0
549.3 644.5 516.6 678.3 487.2 649.7 519.9 616.0 wheat 0
653.3 784.0 618.2 803.1 594.2 759.3 629.3 740.1 wheat 0
361.9 759.1 392.9 780.3 357.7 831.6 326.7 810.4 wheat 0
409.7 856.0 446.7 856.0 446.7 894.6 409.7 894.6 wheat 0
151.5 945.5 116.2 956.5 94.9 887.7 130.3 876.8 wheat 0
205.0 970.2 170.6 980.8 142.5 890.1 176.9 879.4 wheat 0
672.9 950.5 633.7 962.6 619.6 916.7 658.7 904.6 wheat 0
674.7 942.4 700.5 969.0 671.8 996.8 646.0 970.3 wheat 0
841.1 923.5 787.7 952.6 770.8 921.7 824.2 892.5 wheat 0
880.6 673.7 956.9 715.4 933.9 757.5 857.6 715.8 wheat 0
907.7 585.6 945.7 585.6 945.7 692.6 907.7 692.6 wheat 0
758.7 530.6 720.2 538.4 701.5 446.2 740.0 438.3 wheat 0
951.2 438.1 924.1 466.1 893.2 436.1 920.4 408.1 wheat 0
852.7 260.6 927.7 260.6 927.7 311.6 852.7 311.6 wheat 0
907.7 221.6 928.7 221.6 928.7 271.6 907.7 271.6 wheat 0
794.7 360.6 779.9 383.7 720.5 345.6 735.4 322.5 wheat 0
843.7 98.6 911.7 98.6 911.7 137.6 843.7 137.6 wheat 0
161.7 1.6 210.7 1.6 210.7 58.6 161.7 58.6 wheat 0
673.7 192.6 592.8 209.0 586.2 176.7 667.2 160.3 wheat 0
768.6 491.4 797.7 515.9 764.8 554.9 735.8 530.4 wheat 0
807.7 601.6 833.7 601.6 833.7 630.6 807.7 630.6 wheat 0
757.5 367.9 792.8 375.0 775.9 458.3 740.7 451.2 wheat 0
367.5 846.3 394.3 854.5 383.9 888.0 357.2 879.7 wheat 0
889.9 807.7 927.5 839.4 892.7 880.6 855.1 849.0 wheat 0
699.7 646.6 725.7 646.6 725.7 702.6 699.7 702.6 wheat 0
462.7 566.6 431.0 599.3 407.7 576.6 439.4 543.9 wheat 0
819.7 947.6 850.7 947.6 850.7 966.6 819.7 966.6 wheat 0
1015.7 198.6 958.4 222.9 945.4 192.2 1002.8 168.0 wheat 0
