515.7 209.6 581.7 209.6 581.7 327.6 515.7 327.6 wheat 0
656.7 339.6 618.4 347.4 595.3 233.4 633.6 225.6 wheat 0
680.2 213.9 622.8 231.6 611.3 194.4 668.6 176.6 wheat 0
610.7 178.6 565.0 209.9 513.9 135.3 559.7 104.0 wheat 0
556.6 33.3 634.1 41.0 624.7 134.6 547.2 126.8 wheat 0
719.6 137.5 820.9 168.9 799.9 236.7 698.6 205.4 wheat 0
983.0 307.7 908.4 315.2 901.5 246.5 976.1 239.0 wheat 0
939.1 170.3 867.4 200.6 795.2 29.9 866.9 -0.5 wheat 0
676.0 549.7 732.3 567.1 668.7 772.6 612.4 755.2 wheat 0
644.7 556.6 678.8 567.1 638.7 696.6 604.7 686.1 wheat 0
788.7 553.0 825.7 599.6 721.3 682.5 684.3 635.9 wheat 0
728.1 640.5 772.7 671.0 713.4 757.7 668.8 727.2 wheat 0
751.3 688.1 801.6 715.6 755.7 799.6 705.4 772.1 wheat 0
792.0 623.1 909.7 703.6 871.9 758.9 754.2 678.4 wheat 0
761.1 759.1 873.7 820.6 842.1 878.5 729.5 817.0 wheat 0
955.7 718.6 816.3 794.8 793.1 752.2 932.5 676.1 wheat 0
947.7 783.6 1022.7 783.6 1022.7 845.6 947.7 845.6 wheat 0
939.7 895.6 988.7 895.6 988.7 978.6 939.7 978.6 wheat 0
881.7 965.6 925.5 965.6 925.5 1024.0 881.7 1024.0 wheat 0
1022.7 973.6 950.7 1022.9 924.8 985.1 996.9 935.8 wheat 0
545.5 881.5 466.9 889.4 458.9 809.8 537.5 801.9 wheat 0
416.7 772.6 568.7 772.6 568.7 808.6 416.7 808.6 wheat 0
544.7 959.6 460.7 995.2 340.9 711.8 424.9 676.2 wheat 0
546.5 781.3 637.5 790.4 618.7 977.6 527.7 968.5 wheat 0
204.7 700.6 367.7 700.6 367.7 758.6 204.7 758.6 wheat 0
254.7 703.6 204.3 719.2 162.9 585.5 213.4 569.9 wheat 0
297.2 597.6 324.7 612.6 276.3 701.3 248.7 686.3 wheat 0
406.0 587.3 334.1 617.7 313.5 568.9 385.3 538.5 wheat 0
187.7 567.6 136.3 589.3 81.8 460.4 133.2 438.7 wheat 0
105.9 388.0 67.2 414.6 0.5 317.2 39.3 290.7 wheat 0
55.6 533.9 126.5 563.9 84.7 662.6 13.8 632.6 wheat 0
86.1 739.1 193.7 784.6 177.1 823.9 69.5 778.4 wheat 0
208.3 767.6 326.7 889.6 290.0 925.3 171.5 803.3 wheat 0
131.4 851.1 301.8 923.1 287.0 958.1 116.6 886.1 wheat 0
221.4 973.1 113.9 983.9 108.1 926.2 215.6 915.4 wheat 0
12.7 945.6 71.3 945.6 71.3 1024.0 12.7 1024.0 wheat 0
53.0 193.4 284.2 254.9 267.7 316.6 36.6 255.1 wheat 0
278.7 376.6 227.1 387.1 196.0 233.7 247.6 223.2 wheat 0
251.9 187.4 110.6 201.6 105.5 150.8 246.8 136.7 wheat 0
380.7 261.6 342.1 301.4 202.6 165.9 241.2 126.1 wheat 0
236.1 65.0 349.0 99.9 328.7 165.6 215.8 130.7 wheat 0
431.5 19.9 480.6 46.7 436.0 128.3 386.9 101.5 wheat 0
971.7 545.6 1024.0 545.6 1024.0 598.7 971.7 598.7 wheat 0
956.7 592.6 1023.7 592.6 1023.7 627.6 956.7 627.6 wheat 0
378.4 493.7 395.9 501.1 388.1 519.5 370.6 512.1 wheat 0
