290.2 313.8 323.6 324.2 287.2 442.0 253.7 431.6 wheat 0
375.7 510.9 415.3 544.2 282.7 701.6 243.1 668.3 wheat 0
430.0 472.5 456.8 495.0 377.3 589.3 350.6 566.8 wheat 0
497.0 299.7 542.6 319.0 430.7 583.6 385.1 564.3 wheat 0
517.7 197.6 564.6 223.2 456.7 420.6 409.9 395.0 wheat 0
115.2 201.6 173.7 201.6 173.7 493.6 115.2 493.6 wheat 0
306.9 270.4 338.2 287.5 268.7 414.6 237.4 397.5 wheat 0
270.8 198.5 289.4 202.3 273.7 279.7 255.1 275.9 wheat 0
201.7 1.6 235.7 1.6 235.7 137.6 201.7 137.6 wheat 0
98.6 230.8 60.9 251.4 1.9 143.5 39.6 122.8 wheat 0
719.7 -1.2 761.9 14.7 666.7 267.4 624.6 251.5 wheat 0
603.9 221.4 651.1 236.0 571.7 492.6 524.5 478.0 wheat 0
638.0 245.8 659.0 252.3 613.5 399.4 592.5 392.9 wheat 0
648.9 437.6 630.0 439.5 625.6 395.7 644.5 393.8 wheat 0
521.6 463.1 544.5 470.2 517.9 556.2 495.0 549.1 wheat 0
880.1 33.0 920.7 41.3 880.7 238.6 840.1 230.4 wheat 0
801.7 143.6 845.7 143.6 845.7 263.6 801.7 263.6 wheat 0
862.5 704.8 910.7 709.6 891.0 906.5 842.8 901.6 wheat 0
932.6 508.7 963.0 514.9 937.7 639.6 907.3 633.4 wheat 0
990.8 548.1 1013.4 563.5 951.7 653.6 929.2 638.2 wheat 0
866.7 476.6 895.7 476.6 895.7 599.6 866.7 599.6 wheat 0
891.2 549.4 917.4 554.7 896.7 656.6 870.5 651.3 wheat 0
553.2 527.5 605.6 556.2 520.7 711.6 468.3 682.9 wheat 0
360.9 571.7 416.6 588.9 360.7 769.6 305.0 752.4 wheat 0
479.4 573.1 508.5 597.6 406.1 719.2 377.0 694.7 wheat 0
455.6 630.1 488.1 647.8 422.9 767.2 390.4 749.4 wheat 0
597.8 605.9 634.1 617.1 595.7 741.3 559.4 730.1 wheat 0
693.6 603.8 724.1 629.5 602.7 773.6 572.2 747.9 wheat 0
560.0 815.6 604.1 824.6 574.5 970.6 530.4 961.7 wheat 0
641.1 850.0 689.0 859.7 655.7 1023.6 607.9 1013.9 wheat 0
695.3 911.2 730.7 930.6 679.8 1023.8 644.3 1004.5 wheat 0
395.7 963.6 286.4 1023.4 262.2 979.1 371.6 919.4 wheat 0
288.9 759.7 186.4 846.1 160.6 815.5 263.1 729.2 wheat 0
188.8 870.6 135.8 877.5 113.7 708.5 166.7 701.6 wheat 0
79.7 598.6 110.7 598.6 110.7 714.6 79.7 714.6 wheat 0
91.7 507.6 120.7 507.6 120.7 611.6 91.7 611.6 wheat 0
184.7 517.6 257.7 517.6 257.7 548.6 184.7 548.6 wheat 0
86.1 855.0 169.6 948.2 143.9 971.2 60.4 878.1 wheat 0
172.7 895.6 196.7 895.6 196.7 963.6 172.7 963.6 wheat 0
84.7 778.6 116.7 778.6 116.7 844.6 84.7 844.6 wheat 0
779.0 357.8 827.0 367.6 785.5 572.4 737.5 562.7 wheat 0
721.6 390.9 760.4 412.1 667.7 581.6 629.0 560.4 wheat 0
701.3 505.7 719.9 509.4 701.2 601.6 682.6 597.8 wheat 0
689.6 417.6 711.8 429.7 645.7 550.6 623.6 538.5 wheat 0
850.6 61.1 872.9 84.0 806.9 148.1 784.6 125.2 wheat 0
979.6 299.5 1006.9 318.2 914.8 452.7 887.6 434.1 wheat 0
934.6 301.3 970.3 320.8 903.7 442.6 868.1 423.1 wheat 0
870.7 227.6 909.7 227.6 909.7 405.6 870.7 405.6 wheat 0
928.7 216.2 955.7 227.6 915.0 324.1 887.9 312.6 wheat 0
985.1 72.9 1028.4 91.2 965.3 240.4 922.0 222.1 wheat 0
