542.1 273.5 588.1 273.5 588.1 416.5 542.1 416.5 wheat 0
615.9 195.5 643.9 201.2 629.1 274.5 601.0 268.8 wheat 0
611.9 131.0 644.4 144.7 619.1 204.5 586.6 190.8 wheat 0
488.9 74.5 576.6 134.5 554.1 167.5 466.4 107.5 wheat 0
420.0 75.7 501.1 159.2 478.1 181.5 397.0 98.0 wheat 0
353.1 295.5 431.1 295.5 431.1 333.5 353.1 333.5 wheat 0
492.2 277.6 538.2 302.7 524.1 328.5 478.1 303.4 wheat 0
476.5 305.5 529.4 341.6 509.6 370.5 456.8 334.4 wheat 0
644.0 397.5 675.4 407.2 653.1 479.5 621.7 469.8 wheat 0
681.1 491.5 602.9 524.6 593.9 503.3 672.1 470.3 wheat 0
651.1 604.5 567.6 690.5 544.8 668.4 628.3 582.4 wheat 0
740.1 659.5 656.3 676.5 651.1 650.5 734.8 633.6 wheat 0
983.1 654.5 924.0 694.9 906.9 669.9 966.0 629.5 wheat 0
917.4 528.6 943.6 531.2 936.1 606.5 909.8 603.9 wheat 0
931.1 259.5 965.1 259.5 965.1 366.5 931.1 366.5 wheat 0
322.1 646.5 253.1 660.5 247.1 631.2 316.1 617.2 wheat 0
414.1 602.5 335.6 618.4 329.1 586.4 407.6 570.5 wheat 0
325.1 554.5 404.1 554.5 404.1 577.5 325.1 577.5 wheat 0
526.1 486.5 463.7 499.2 456.3 462.6 518.7 450.0 wheat 0
463.5 401.9 565.3 433.4 555.1 466.5 453.3 435.0 wheat 0
455.2 368.2 492.2 371.9 484.1 452.5 447.1 448.8 wheat 0
237.2 369.6 323.8 387.2 318.1 415.5 231.4 397.9 wheat 0
130.6 351.8 182.7 367.9 171.1 405.5 119.0 389.4 wheat 0
162.1 530.5 59.2 574.0 42.9 535.4 145.7 491.9 wheat 0
451.5 652.3 486.6 655.9 481.1 711.5 445.9 708.0 wheat 0
419.3 670.9 492.8 711.0 475.1 743.5 401.5 703.3 wheat 0
406.7 805.8 492.2 814.4 489.9 837.4 404.4 828.9 wheat 0
387.1 868.6 317.1 916.5 296.8 886.9 366.8 839.0 wheat 0
620.4 967.6 587.5 970.9 578.8 883.4 611.6 880.1 wheat 0
676.5 825.9 727.1 868.5 704.8 894.9 654.2 852.3 wheat 0
687.1 916.5 657.4 932.7 620.2 864.8 649.9 848.6 wheat 0
629.1 867.6 679.1 930.5 650.3 953.3 600.4 890.4 wheat 0
564.1 764.5 631.1 764.5 631.1 809.5 564.1 809.5 wheat 0
588.1 839.5 558.1 860.0 511.7 792.1 541.7 771.7 wheat 0
538.7 779.3 501.8 794.8 487.4 760.8 524.3 745.2 wheat 0
610.1 721.5 647.1 721.5 647.1 768.5 610.1 768.5 wheat 0
613.4 652.1 666.1 696.5 648.3 717.6 595.6 673.2 wheat 0
573.1 638.1 534.0 642.1 531.0 611.4 570.1 607.5 wheat 0
216.1 594.5 256.1 594.5 256.1 616.5 216.1 616.5 wheat 0
175.1 623.5 135.1 631.6 120.8 561.0 160.7 552.9 wheat 0
48.9 638.4 86.0 649.9 53.1 756.5 15.9 745.0 wheat 0
51.1 751.5 142.1 751.5 142.1 783.5 51.1 783.5 wheat 0
159.7 809.2 183.5 825.5 154.1 868.5 130.2 852.2 wheat 0
29.8 826.9 102.1 841.5 96.8 867.6 24.5 852.9 wheat 0
478.1 936.5 511.9 936.5 511.9 1024.0 478.1 1024.0 wheat 0
578.1 952.5 520.3 970.4 512.7 945.7 570.4 927.8 wheat 0
216.1 232.5 184.4 242.3 152.3 138.4 183.9 128.6 wheat 0
224.1 167.5 197.2 178.9 160.9 92.9 187.7 81.6 wheat 0
119.5 47.4 204.1 73.5 197.1 96.2 112.5 70.0 wheat 0
145.8 1.2 232.3 27.9 224.1 54.5 137.5 27.7 wheat 0
234.1 54.4 211.1 61.5 195.0 9.7 218.0 2.6 wheat 0
509.4 26.7 541.1 36.5 528.1 78.5 496.4 68.7 wheat 0
719.1 466.5 664.8 477.5 659.8 452.6 714.0 441.6 wheat 0
921.8 781.8 966.3 806.1 954.1 828.5 909.5 804.2 wheat 0
154.5 271.1 242.3 298.3 232.1 331.5 144.2 304.3 wheat 0
276.1 391.5 245.6 394.6 238.9 327.9 269.4 324.8 wheat 0
223.1 293.5 194.6 305.5 165.6 236.9 194.1 224.9 wheat 0
103.5 208.5 156.4 237.4 141.1 265.5 88.1 236.6 wheat 0
686.7 678.9 713.8 690.4 690.1 746.5 663.0 735.1 wheat 0
412.4 458.9 506.9 523.5 472.1 574.5 377.5 509.8 wheat 0
393.1 408.5 433.1 408.5 433.1 445.5 393.1 445.5 wheat 0
