585.1 641.5 559.7 667.6 484.1 594.1 509.4 568.0 wheat 0
567.6 660.3 555.4 670.7 521.9 630.9 534.1 620.6 wheat 0
521.6 691.1 501.5 697.3 482.9 637.1 503.0 630.9 wheat 0
555.2 718.1 587.4 740.2 546.7 799.6 514.5 777.6 wheat 0
484.6 796.9 455.7 816.6 404.4 741.6 433.3 721.9 wheat 0
397.3 756.7 455.3 788.4 437.7 820.6 379.7 788.9 wheat 0
574.7 586.6 550.0 603.6 507.1 541.0 531.9 524.0 wheat 0
812.7 544.6 783.8 553.6 759.6 475.2 788.5 466.3 wheat 0
680.8 447.2 656.7 463.6 615.2 402.9 639.2 386.4 wheat 0
552.2 459.6 590.9 476.0 579.2 503.6 540.6 487.3 wheat 0
782.2 697.0 750.7 706.8 728.2 634.2 759.8 624.4 wheat 0
776.0 767.3 740.7 774.4 725.4 699.0 760.7 691.8 wheat 0
612.3 833.8 595.0 845.7 570.1 809.4 587.5 797.5 wheat 0
658.0 775.9 630.3 787.5 601.5 719.4 629.1 707.7 wheat 0
713.7 820.6 684.6 845.2 625.5 775.0 654.7 750.5 wheat 0
838.7 636.6 816.3 648.9 782.1 586.2 804.5 574.0 wheat 0
931.3 703.1 905.7 720.6 864.8 660.8 890.4 643.3 wheat 0
938.0 465.2 969.8 468.4 961.5 552.0 929.6 548.8 wheat 0
869.7 858.6 916.7 858.6 916.7 893.6 869.7 893.6 wheat 0
651.0 988.2 619.7 1001.5 592.4 937.0 623.8 923.8 wheat 0
662.0 972.4 709.4 998.3 695.5 1023.8 648.1 997.9 wheat 0
348.7 862.6 433.7 862.6 433.7 893.6 348.7 893.6 wheat 0
300.6 905.8 356.6 952.9 341.7 970.6 285.7 923.5 wheat 0
196.7 821.6 165.7 838.6 117.6 750.4 148.6 733.5 wheat 0
200.7 749.6 175.0 771.3 130.4 718.4 156.2 696.7 wheat 0
256.7 685.6 225.5 712.0 160.6 634.9 191.9 608.6 wheat 0
287.9 638.7 357.2 686.1 339.7 711.6 270.5 664.2 wheat 0
338.7 651.3 318.8 668.1 280.8 622.9 300.7 606.2 wheat 0
405.5 599.5 437.4 649.1 413.0 664.8 381.1 615.1 wheat 0
26.1 822.5 76.5 864.9 60.7 883.6 10.4 841.2 wheat 0
103.8 537.5 78.0 545.4 62.7 495.8 88.4 487.8 wheat 0
151.4 399.8 194.7 467.1 166.0 485.5 122.8 418.1 wheat 0
313.1 394.7 290.1 401.8 272.4 344.5 295.3 337.4 wheat 0
402.7 505.6 365.7 525.9 327.1 455.2 364.2 435.0 wheat 0
436.7 470.6 408.1 486.3 364.2 406.0 392.9 390.4 wheat 0
389.7 316.6 424.7 316.6 424.7 426.6 389.7 426.6 wheat 0
334.7 272.6 296.6 288.8 254.4 189.0 292.6 172.9 wheat 0
190.7 217.6 162.7 232.9 116.9 149.1 144.9 133.8 wheat 0
229.2 226.7 206.7 245.6 156.6 186.1 179.1 167.2 wheat 0
96.5 308.0 71.0 325.5 13.9 242.2 39.5 224.7 wheat 0
55.6 304.9 37.4 317.3 1.9 265.3 20.0 252.9 wheat 0
494.8 266.6 472.8 278.6 441.7 221.6 463.6 209.6 wheat 0
428.7 150.6 400.2 174.7 316.2 75.1 344.8 51.0 wheat 0
467.5 111.4 449.2 126.8 407.9 77.9 426.3 62.4 wheat 0
627.7 193.6 598.4 202.7 577.5 135.3 606.9 126.2 wheat 0
720.7 282.6 757.7 282.6 757.7 352.6 720.7 352.6 wheat 0
745.3 263.2 728.0 275.1 699.2 233.0 716.5 221.1 wheat 0
895.7 389.6 866.3 398.7 846.3 334.2 875.8 325.1 wheat 0
879.6 326.1 858.4 335.1 828.8 265.1 850.0 256.1 wheat 0
974.7 315.6 938.2 331.1 893.0 224.1 929.5 208.7 wheat 0
789.0 48.0 825.7 48.0 825.7 153.6 789.0 153.6 wheat 0
721.4 103.6 771.7 146.0 746.7 175.6 696.4 133.2 wheat 0
658.7 88.6 625.8 98.8 598.9 11.9 631.9 1.7 wheat 0
541.2 6.0 595.6 35.7 578.3 67.3 523.9 37.5 wheat 0
567.7 58.5 541.3 76.5 501.8 18.8 528.2 0.7 wheat 0
544.3 107.0 523.2 118.6 501.2 78.2 522.2 66.7 wheat 0
498.8 61.8 473.2 79.3 433.7 21.5 459.3 4.0 wheat 0
443.7 42.6 461.7 42.6 461.7 84.6 443.7 84.6 wheat 0
116.2 0.9 163.5 49.7 141.3 71.3 93.9 22.5 wheat 0
120.3 36.0 138.7 64.6 125.2 73.2 106.8 44.6 wheat 0
1004.5 860.0 973.6 863.1 970.0 827.3 1000.9 824.2 wheat 0
