315.0 523.3 239.5 564.5 218.5 525.9 293.9 484.7 wheat 0
233.7 252.6 279.7 252.6 279.7 336.6 233.7 336.6 wheat 0
695.3 179.2 651.3 192.8 616.2 79.1 660.1 65.5 wheat 0
749.9 234.8 782.1 248.4 762.6 294.5 730.4 280.8 wheat 0
697.0 374.0 732.3 385.0 707.5 465.2 672.2 454.3 wheat 0
679.8 807.0 643.1 838.0 609.6 798.2 646.3 767.3 wheat 0
670.7 781.6 709.7 781.6 709.7 816.6 670.7 816.6 wheat 0
738.2 768.1 763.7 785.6 736.4 825.6 710.8 808.2 wheat 0
880.3 914.6 833.5 929.1 810.2 853.6 857.0 839.1 wheat 0
723.4 844.9 661.4 908.7 629.1 877.4 691.1 813.5 wheat 0
509.7 956.6 554.7 956.6 554.7 1022.6 509.7 1022.6 wheat 0
313.9 920.9 352.7 953.6 296.9 1019.9 258.0 987.2 wheat 0
206.5 702.7 266.6 714.8 259.7 748.6 199.7 736.4 wheat 0
285.3 686.0 320.5 715.6 292.2 749.3 257.0 719.6 wheat 0
244.3 566.9 194.7 608.6 171.7 581.3 221.3 539.5 wheat 0
247.2 578.0 281.2 613.1 247.7 645.6 213.6 610.5 wheat 0
278.7 546.6 316.7 546.6 316.7 608.6 278.7 608.6 wheat 0
316.5 473.4 282.2 480.4 267.9 409.8 302.2 402.9 wheat 0
210.1 325.0 179.7 337.9 158.3 287.2 188.7 274.4 wheat 0
1.7 751.6 87.7 751.6 87.7 793.6 1.7 793.6 wheat 0
113.6 765.8 191.2 773.6 187.9 806.4 110.3 798.6 wheat 0
157.7 802.6 203.7 802.6 203.7 833.6 157.7 833.6 wheat 0
206.7 830.6 242.7 830.6 242.7 883.6 206.7 883.6 wheat 0
254.7 776.1 303.4 791.2 289.8 835.1 241.1 820.1 wheat 0
4.7 407.6 46.7 407.6 46.7 489.6 4.7 489.6 wheat 0
261.7 133.6 220.9 150.9 168.3 26.3 209.1 9.0 wheat 0
342.1 11.1 383.9 24.1 357.7 108.6 316.0 95.7 wheat 0
309.2 88.8 275.4 112.0 213.3 21.2 247.1 -2.0 wheat 0
747.4 59.4 785.6 67.1 773.1 128.9 734.9 121.1 wheat 0
728.3 123.6 764.5 130.9 752.2 191.7 715.9 184.3 wheat 0
893.4 264.3 926.6 278.3 900.1 340.9 866.9 326.9 wheat 0
777.4 274.1 809.6 287.7 787.1 341.1 754.8 327.5 wheat 0
789.7 318.7 824.9 348.3 781.7 399.6 746.6 369.9 wheat 0
840.2 388.8 892.0 417.1 873.7 450.6 821.9 422.3 wheat 0
801.2 405.6 845.2 419.2 834.2 454.6 790.3 441.0 wheat 0
832.3 565.1 764.6 571.9 761.2 538.1 828.9 531.3 wheat 0
788.7 936.6 750.4 944.4 743.3 909.1 781.6 901.3 wheat 0
818.6 906.5 778.8 910.5 774.9 871.7 814.7 867.7 wheat 0
957.7 545.6 997.7 545.6 997.7 620.6 957.7 620.6 wheat 0
505.3 671.2 549.5 689.9 540.2 712.0 496.0 693.3 wheat 0
578.0 631.2 531.3 635.9 528.5 608.0 575.2 603.3 wheat 0
564.7 575.6 591.7 575.6 591.7 603.6 564.7 603.6 wheat 0
961.8 746.6 991.4 755.8 970.7 822.6 941.1 813.5 wheat 0
969.7 712.6 998.7 712.6 998.7 753.6 969.7 753.6 wheat 0
640.7 172.6 666.7 172.6 666.7 248.6 640.7 248.6 wheat 0
59.7 677.6 113.2 722.7 93.1 746.6 39.6 701.5 wheat 0
425.5 934.9 492.0 941.6 487.7 983.6 421.3 976.9 wheat 0
426.7 833.6 452.7 833.6 452.7 931.6 426.7 931.6 wheat 0
756.7 754.6 805.7 754.6 805.7 789.6 756.7 789.6 wheat 0
