526.1 361.5 461.2 388.9 422.5 297.5 487.4 270.0 wheat 0
497.0 415.8 562.7 429.1 537.1 555.5 471.3 542.2 wheat 0
427.7 407.2 479.3 417.6 461.1 507.5 409.5 497.1 wheat 0
488.1 559.3 540.8 575.6 508.1 681.5 455.4 665.2 wheat 0
828.1 882.5 779.6 887.4 766.0 751.5 814.4 746.7 wheat 0
850.0 595.5 901.7 600.7 891.1 706.5 839.4 701.3 wheat 0
958.1 438.5 1024.0 438.5 1024.0 543.8 958.1 543.8 wheat 0
945.1 383.5 875.6 405.0 858.5 349.8 928.0 328.3 wheat 0
886.3 242.2 935.6 263.1 899.1 349.5 849.7 328.7 wheat 0
856.1 309.5 809.6 318.9 795.1 247.4 841.6 238.0 wheat 0
971.1 150.5 906.1 170.6 890.0 118.7 955.0 98.6 wheat 0
453.1 172.5 400.4 226.8 358.1 185.7 410.8 131.4 wheat 0
297.6 143.6 336.8 165.0 307.1 219.5 267.9 198.1 wheat 0
381.1 329.5 322.7 335.4 313.3 241.6 371.7 235.7 wheat 0
341.0 468.9 396.8 474.5 389.1 551.5 333.3 545.9 wheat 0
271.1 332.3 318.3 352.3 278.1 447.5 230.8 427.5 wheat 0
307.1 345.5 219.0 456.4 187.5 431.5 275.6 320.5 wheat 0
219.6 312.9 260.9 335.4 222.1 406.5 180.7 383.9 wheat 0
170.8 357.3 209.6 383.8 155.1 463.5 116.3 437.0 wheat 0
114.1 435.5 37.3 514.5 8.4 486.4 85.1 407.4 wheat 0
136.1 625.5 186.6 646.9 144.1 747.5 93.5 726.2 wheat 0
316.6 542.7 382.1 556.0 361.1 659.5 295.6 646.2 wheat 0
287.7 582.2 342.4 605.3 300.1 705.5 245.3 682.4 wheat 0
367.1 735.5 325.2 744.0 305.1 644.9 347.0 636.4 wheat 0
336.1 728.5 308.8 762.8 267.5 730.0 294.7 695.7 wheat 0
348.8 734.0 408.7 759.4 357.1 881.5 297.2 856.2 wheat 0
248.1 835.5 198.3 845.6 184.2 775.9 233.9 765.8 wheat 0
243.2 820.5 272.5 845.2 220.1 907.5 190.7 882.8 wheat 0
266.7 853.2 332.2 880.9 279.7 1005.2 214.2 977.5 wheat 0
514.1 882.5 559.1 882.5 559.1 1014.5 514.1 1014.5 wheat 0
734.1 961.5 661.1 1023.0 631.0 987.3 704.0 925.8 wheat 0
537.1 831.5 573.1 831.5 573.1 890.5 537.1 890.5 wheat 0
