504.1 557.5 449.9 568.5 431.4 477.2 485.6 466.2 wheat 0
672.1 600.5 623.9 610.3 606.6 525.0 654.8 515.3 wheat 0
648.2 459.6 735.0 496.3 712.1 550.5 625.3 513.8 wheat 0
731.1 432.5 693.1 448.5 663.6 378.6 701.5 362.6 wheat 0
688.1 444.5 643.1 469.1 590.2 372.2 635.2 347.7 wheat 0
743.3 372.4 817.4 403.7 795.1 456.5 720.9 425.2 wheat 0
876.2 263.7 968.1 302.5 947.9 350.3 856.0 311.5 wheat 0
768.1 283.5 717.8 299.1 690.8 211.8 741.1 196.2 wheat 0
649.1 328.5 603.9 359.4 555.9 289.2 601.0 258.3 wheat 0
639.3 242.5 714.1 305.5 679.0 347.1 604.2 284.1 wheat 0
564.1 245.5 507.0 276.7 453.5 178.9 510.6 147.7 wheat 0
433.1 232.5 384.8 258.9 347.8 191.2 396.1 164.8 wheat 0
384.1 131.5 337.8 156.8 304.6 95.9 350.8 70.7 wheat 0
274.1 143.5 229.3 162.5 206.7 109.0 251.5 90.1 wheat 0
171.5 100.9 219.4 110.6 205.1 181.5 157.1 171.8 wheat 0
68.1 25.5 125.1 25.5 125.1 94.5 68.1 94.5 wheat 0
56.0 239.7 115.9 258.3 100.1 309.5 40.1 291.0 wheat 0
174.6 268.6 262.9 277.4 255.1 355.5 166.8 346.7 wheat 0
631.9 99.2 700.0 106.0 692.1 185.5 624.0 178.7 wheat 0
837.1 67.4 949.7 115.0 922.1 180.5 809.4 132.9 wheat 0
699.8 12.9 802.1 82.9 766.1 135.5 663.8 65.6 wheat 0
