336.1 526.5 300.3 541.6 257.1 439.5 292.9 424.4 wheat 0
432.1 568.5 402.7 584.6 362.7 511.4 392.1 495.3 wheat 0
650.1 617.5 619.2 638.6 572.8 570.9 603.7 549.8 wheat 0
526.1 472.5 571.1 472.5 571.1 517.5 526.1 517.5 wheat 0
518.9 365.5 669.1 447.5 651.0 480.6 500.9 398.6 wheat 0
701.3 248.4 773.1 297.5 752.7 327.2 680.9 278.1 wheat 0
789.9 291.7 859.1 329.5 842.4 360.0 773.3 322.2 wheat 0
858.7 243.0 952.1 282.5 939.6 312.0 846.2 272.5 wheat 0
935.1 258.5 895.9 275.1 853.8 175.5 893.0 159.0 wheat 0
657.1 194.5 627.8 224.6 567.4 165.9 596.6 135.8 wheat 0
622.3 58.7 689.1 127.5 663.5 152.4 596.7 83.6 wheat 0
362.1 274.5 332.2 305.3 242.2 217.9 272.1 187.1 wheat 0
169.8 181.6 269.1 249.5 246.0 283.3 146.7 215.4 wheat 0
238.7 254.6 370.1 344.5 350.8 372.7 219.4 282.8 wheat 0
49.7 224.5 152.2 234.8 147.4 282.5 44.9 272.2 wheat 0
87.6 56.1 176.1 93.5 159.5 132.7 71.1 95.3 wheat 0
452.1 173.5 426.3 191.1 389.8 137.7 415.5 120.1 wheat 0
472.8 197.8 522.1 248.5 500.4 269.5 451.1 218.8 wheat 0
477.8 168.3 542.1 234.5 518.2 257.7 453.9 191.5 wheat 0
583.1 139.5 539.0 163.6 484.2 63.2 528.2 39.1 wheat 0
647.6 20.3 721.1 51.4 710.1 77.5 636.5 46.4 wheat 0
313.5 551.8 386.1 582.5 371.3 617.4 298.8 586.7 wheat 0
379.5 598.1 437.5 657.9 409.1 685.5 351.0 625.8 wheat 0
201.0 565.1 280.8 608.7 262.1 642.9 182.3 599.3 wheat 0
143.6 450.7 209.1 486.5 188.9 523.4 123.4 487.7 wheat 0
219.1 432.5 180.6 440.3 161.9 348.2 200.4 340.3 wheat 0
72.4 437.4 153.1 481.5 132.3 519.4 51.6 475.3 wheat 0
106.7 665.4 72.7 672.3 52.9 574.7 86.9 567.8 wheat 0
103.0 581.2 229.1 634.5 218.5 659.6 92.4 606.3 wheat 0
130.8 692.0 237.1 713.5 231.4 741.2 125.1 719.7 wheat 0
9.4 636.7 137.1 649.5 133.3 687.2 5.6 674.4 wheat 0
49.5 696.6 148.1 750.5 129.2 785.1 30.6 731.3 wheat 0
144.2 774.3 232.1 801.5 222.1 833.8 134.1 806.7 wheat 0
240.1 883.5 320.1 883.5 320.1 919.5 240.1 919.5 wheat 0
314.1 850.5 231.9 885.2 214.5 844.1 296.7 809.4 wheat 0
132.9 866.9 243.1 913.5 225.1 956.0 115.0 909.4 wheat 0
268.4 920.9 330.8 933.6 323.1 971.5 260.7 958.9 wheat 0
359.6 774.5 447.1 811.5 433.5 843.6 346.0 806.6 wheat 0
473.1 797.0 575.1 828.5 563.3 866.7 461.3 835.2 wheat 0
521.1 877.5 485.2 892.7 460.2 833.5 496.0 818.3 wheat 0
709.2 906.6 804.1 971.5 779.6 1007.3 684.7 942.4 wheat 0
576.6 744.9 693.1 808.5 673.3 844.7 556.8 781.0 wheat 0
689.1 754.5 666.1 783.5 598.4 729.8 621.4 700.8 wheat 0
739.5 750.5 801.1 776.5 789.2 804.6 727.6 778.6 wheat 0
858.0 726.4 941.1 761.5 924.0 802.0 840.9 766.8 wheat 0
867.9 559.3 978.1 619.5 958.2 655.9 848.1 595.7 wheat 0
947.1 643.5 785.7 659.7 781.4 616.5 942.7 600.3 wheat 0
809.1 550.5 761.3 555.3 747.4 416.6 795.1 411.8 wheat 0
741.0 336.3 799.1 409.5 774.2 429.3 716.1 356.1 wheat 0
894.2 334.9 971.1 376.9 951.1 413.5 874.2 371.5 wheat 0
961.1 148.5 926.6 172.1 860.9 76.2 895.4 52.6 wheat 0
828.7 82.6 796.8 109.5 749.7 53.6 781.6 26.7 wheat 0
803.6 0.2 902.1 67.5 883.9 94.0 785.5 26.7 wheat 0
604.0 480.1 753.1 561.5 733.3 597.7 584.3 516.2 wheat 0
771.1 539.5 720.5 544.6 715.7 496.8 766.3 491.7 wheat 0
710.5 438.9 757.1 497.5 721.4 525.8 674.9 467.2 wheat 0
664.1 511.5 615.1 538.3 566.5 449.4 615.5 422.6 wheat 0
481.1 723.5 450.1 744.7 409.7 685.6 440.6 664.4 wheat 0
459.1 759.5 401.4 777.3 387.5 732.2 445.1 714.4 wheat 0
