395.0 486.3 475.1 502.5 461.8 567.8 381.7 551.5 wheat 0
666.1 664.5 598.5 671.3 585.3 539.7 652.9 532.9 wheat 0
722.1 639.5 676.9 658.6 640.9 573.4 686.0 554.3 wheat 0
780.1 486.5 850.1 486.5 850.1 593.5 780.1 593.5 wheat 0
915.1 555.5 865.4 576.5 843.6 524.8 893.2 503.8 wheat 0
951.3 518.9 996.6 549.9 940.1 632.5 894.8 601.5 wheat 0
680.1 251.8 817.1 345.5 777.3 403.6 640.3 309.9 wheat 0
839.1 286.5 788.0 291.6 773.2 143.4 824.2 138.2 wheat 0
779.8 168.9 741.1 201.5 606.1 41.3 644.8 8.7 wheat 0
611.1 138.3 687.1 256.5 641.3 285.9 565.3 167.7 wheat 0
659.1 137.7 581.8 179.9 553.1 127.3 630.3 85.1 wheat 0
512.0 90.6 467.7 109.3 452.2 72.4 496.4 53.7 wheat 0
399.1 266.5 343.6 296.8 321.1 255.6 376.6 225.3 wheat 0
312.1 208.5 259.8 219.1 248.4 163.2 300.7 152.6 wheat 0
376.1 398.5 328.6 424.4 256.8 293.1 304.3 267.2 wheat 0
282.5 446.4 319.1 492.6 260.1 539.5 223.4 493.3 wheat 0
216.1 677.5 153.8 703.8 111.8 604.3 174.0 578.0 wheat 0
90.1 793.3 136.1 812.7 101.1 895.5 55.1 876.1 wheat 0
0.0 646.5 90.1 646.5 90.1 718.5 0.0 718.5 wheat 0
473.1 916.5 552.1 916.5 552.1 972.5 473.1 972.5 wheat 0
377.1 901.5 442.1 901.5 442.1 958.5 377.1 958.5 wheat 0
511.1 638.5 579.1 638.5 579.1 699.5 511.1 699.5 wheat 0
657.1 690.5 735.1 690.5 735.1 750.5 657.1 750.5 wheat 0
774.1 664.5 836.1 664.5 836.1 714.5 774.1 714.5 wheat 0
413.1 581.6 497.1 627.5 471.1 675.0 387.2 629.1 wheat 0
367.1 552.7 437.4 591.1 411.0 639.3 340.8 601.0 wheat 0
314.0 543.0 360.1 574.5 336.0 609.7 289.9 578.2 wheat 0
958.1 318.4 1023.0 318.4 1023.0 446.5 958.1 446.5 wheat 0
