643.8 138.1 729.6 226.4 699.6 255.5 613.9 167.2 wheat 0
785.6 462.5 727.8 468.3 715.6 346.9 773.4 341.1 wheat 0
782.8 414.8 891.3 460.7 873.6 502.5 765.1 456.6 wheat 0
1006.6 601.5 966.3 609.7 956.9 563.6 997.3 555.4 wheat 0
871.6 647.5 832.8 659.5 797.7 546.1 836.5 534.0 wheat 0
960.6 651.5 927.9 685.2 848.5 608.0 881.2 574.3 wheat 0
653.5 803.8 707.3 814.7 682.6 936.5 628.8 925.6 wheat 0
571.3 918.0 609.1 943.8 580.6 985.5 542.8 959.6 wheat 0
510.6 952.5 457.5 957.8 451.5 897.4 504.6 892.1 wheat 0
439.0 640.1 491.9 669.0 397.6 841.5 344.8 812.6 wheat 0
444.6 714.5 403.7 736.9 358.2 653.7 399.2 631.4 wheat 0
428.8 551.0 493.3 571.0 473.6 634.5 409.2 614.6 wheat 0
376.6 500.1 435.1 524.9 411.6 580.5 353.1 555.8 wheat 0
302.6 453.8 360.9 493.6 294.6 590.5 236.3 550.6 wheat 0
188.2 509.9 237.7 537.0 192.6 619.5 143.1 592.5 wheat 0
384.0 439.1 443.1 445.0 435.6 519.5 376.6 513.6 wheat 0
536.6 434.5 478.8 459.0 440.8 369.0 498.6 344.6 wheat 0
476.6 369.5 421.5 375.0 407.3 233.9 462.5 228.3 wheat 0
85.6 268.3 182.6 390.5 134.6 428.6 37.6 306.4 wheat 0
116.6 119.5 167.6 119.5 167.6 230.5 116.6 230.5 wheat 0
187.3 132.7 231.2 177.8 170.9 236.4 127.0 191.2 wheat 0
189.0 69.9 217.2 89.2 187.6 132.5 159.4 113.2 wheat 0
613.1 62.0 582.6 109.5 521.2 70.1 551.8 22.6 wheat 0
267.2 410.2 305.1 442.0 251.6 505.5 213.8 473.6 wheat 0
