673.2 331.5 541.1 467.5 493.8 421.6 625.9 285.5 wheat 0
825.8 576.7 878.8 587.4 855.1 704.5 802.0 693.8 wheat 0
765.6 728.1 815.8 755.5 737.1 899.5 686.9 872.1 wheat 0
692.4 461.0 733.8 495.8 627.1 622.5 585.7 587.6 wheat 0
562.5 652.5 728.1 722.5 708.0 770.1 542.4 700.0 wheat 0
707.9 700.7 750.7 724.1 710.1 798.5 667.2 775.1 wheat 0
682.7 901.5 727.2 910.5 705.1 1019.5 660.6 1010.5 wheat 0
753.7 868.3 799.0 893.0 738.1 1004.5 692.8 979.8 wheat 0
205.6 814.8 252.1 814.8 252.1 910.5 205.6 910.5 wheat 0
256.5 800.2 125.1 935.5 86.4 897.9 217.8 762.6 wheat 0
202.1 641.5 243.1 641.5 243.1 722.5 202.1 722.5 wheat 0
160.1 710.5 34.3 779.2 9.6 734.0 135.3 665.3 wheat 0
266.0 723.5 140.7 762.3 131.7 733.3 257.1 694.5 wheat 0
267.0 323.1 314.8 355.8 226.1 485.5 178.3 452.8 wheat 0
352.2 234.5 499.1 264.3 488.1 318.5 341.2 288.7 wheat 0
640.6 204.2 680.1 231.2 610.1 333.5 570.6 306.5 wheat 0
699.5 203.4 741.3 207.6 734.1 279.5 692.3 275.3 wheat 0
258.1 114.5 231.6 147.9 131.8 68.8 158.3 35.4 wheat 0
149.1 624.5 61.0 684.8 34.9 646.7 123.0 586.4 wheat 0
290.1 966.5 241.7 987.0 212.4 917.6 260.8 897.2 wheat 0
