438.1 504.5 371.1 541.1 298.9 409.0 365.9 372.4 wheat 0
335.1 478.5 290.8 524.1 222.2 457.4 266.4 411.8 wheat 0
569.1 471.5 625.1 471.5 625.1 585.5 569.1 585.5 wheat 0
517.1 617.5 470.2 637.3 440.1 566.0 486.9 546.2 wheat 0
717.9 593.6 811.3 644.6 785.1 692.5 691.7 641.5 wheat 0
958.1 612.5 902.7 623.7 886.7 544.6 942.0 533.4 wheat 0
793.1 514.5 739.2 525.4 716.4 412.6 770.2 401.7 wheat 0
699.1 499.5 651.9 514.1 624.9 426.9 672.1 412.3 wheat 0
678.4 285.6 732.4 308.4 709.1 363.5 655.1 340.7 wheat 0
892.1 309.5 817.8 317.0 810.8 247.7 885.1 240.3 wheat 0
1005.6 276.3 924.1 301.5 893.0 201.1 974.5 175.9 wheat 0
797.1 123.5 852.1 123.5 852.1 198.5 797.1 198.5 wheat 0
787.1 149.5 733.9 166.0 716.8 110.7 770.0 94.3 wheat 0
698.1 261.5 630.5 282.4 614.6 231.0 682.2 210.1 wheat 0
519.1 331.5 408.2 342.6 402.4 285.1 513.3 274.0 wheat 0
440.4 209.6 505.4 222.8 491.1 293.5 426.0 280.3 wheat 0
522.1 165.5 410.9 199.9 395.4 149.8 506.6 115.4 wheat 0
675.3 663.6 724.6 684.4 700.1 742.5 650.7 721.6 wheat 0
707.6 744.7 772.0 771.9 745.1 835.5 680.7 808.3 wheat 0
843.8 832.7 900.9 856.9 868.1 934.5 811.0 910.4 wheat 0
400.6 628.1 489.1 665.5 462.8 727.7 374.4 690.3 wheat 0
395.6 526.5 473.1 579.5 440.9 626.5 363.4 573.5 wheat 0
281.1 560.5 226.1 577.5 204.7 508.2 259.6 491.2 wheat 0
147.1 574.5 87.4 586.6 63.3 467.7 123.0 455.6 wheat 0
113.1 473.3 213.6 515.8 190.1 571.5 89.5 529.0 wheat 0
148.3 700.7 222.1 723.5 204.3 781.0 130.6 758.2 wheat 0
177.5 615.6 262.9 642.0 250.1 683.5 164.6 657.1 wheat 0
6.1 195.5 77.1 195.5 77.1 271.5 6.1 271.5 wheat 0
386.8 -0.0 474.0 36.9 447.1 100.5 359.9 63.6 wheat 0
544.1 123.5 475.2 144.8 449.2 60.7 518.0 39.4 wheat 0
354.1 155.5 407.1 155.5 407.1 236.5 354.1 236.5 wheat 0
364.1 110.5 405.1 110.5 405.1 163.5 364.1 163.5 wheat 0
307.1 89.5 365.1 89.5 365.1 145.5 307.1 145.5 wheat 0
653.2 710.4 564.5 737.9 550.3 692.2 639.1 664.7 wheat 0
314.1 776.5 358.1 776.5 358.1 826.5 314.1 826.5 wheat 0
333.1 733.5 389.1 733.5 389.1 784.5 333.1 784.5 wheat 0
301.1 699.5 355.1 699.5 355.1 747.5 301.1 747.5 wheat 0
978.1 906.5 1024.0 906.5 1024.0 954.3 978.1 954.3 wheat 0
