512.1 565.5 643.1 565.5 643.1 623.5 512.1 623.5 wheat 0
508.8 709.5 693.1 766.5 677.7 816.0 493.4 759.0 wheat 0
601.1 904.5 544.6 928.4 506.1 837.5 562.6 813.6 wheat 0
699.1 901.5 631.5 930.1 610.2 879.8 677.8 851.2 wheat 0
620.0 794.8 831.6 837.7 818.1 904.5 606.5 861.6 wheat 0
317.1 902.5 249.4 939.5 199.0 847.1 266.6 810.2 wheat 0
113.5 943.8 201.1 961.5 189.9 1016.8 102.3 999.0 wheat 0
145.1 682.5 99.5 720.8 64.7 679.4 110.2 641.1 wheat 0
306.1 714.5 125.3 732.6 118.1 661.2 298.9 643.0 wheat 0
410.1 614.5 276.3 727.2 229.6 671.7 363.4 559.1 wheat 0
198.7 539.9 259.2 552.1 239.1 651.5 178.6 639.3 wheat 0
205.1 575.5 163.0 618.8 95.4 553.1 137.4 509.8 wheat 0
298.1 482.5 230.5 587.7 185.1 558.5 252.6 453.3 wheat 0
245.8 397.0 298.1 425.5 244.8 523.0 192.6 494.5 wheat 0
329.0 423.1 362.6 446.1 315.1 515.5 281.5 492.5 wheat 0
329.1 407.5 457.1 407.5 457.1 474.5 329.1 474.5 wheat 0
536.1 459.5 472.1 472.5 460.3 414.1 524.2 401.2 wheat 0
758.1 482.5 653.3 539.7 623.7 485.5 728.4 428.3 wheat 0
852.5 479.5 915.5 485.8 905.1 589.5 842.1 583.2 wheat 0
844.3 429.9 896.2 445.9 865.1 546.5 813.2 530.5 wheat 0
995.1 405.5 792.4 425.8 786.6 368.4 989.3 348.1 wheat 0
982.1 340.5 789.7 359.8 783.5 297.4 975.8 278.1 wheat 0
678.1 209.5 850.1 209.5 850.1 292.5 678.1 292.5 wheat 0
862.1 220.5 1001.1 220.5 1001.1 286.5 862.1 286.5 wheat 0
602.5 129.8 648.8 155.1 572.1 295.5 525.8 270.2 wheat 0
317.1 363.5 281.4 419.0 187.9 359.0 223.5 303.4 wheat 0
361.1 347.5 272.8 356.4 267.4 302.8 355.7 294.0 wheat 0
213.1 209.5 324.1 209.5 324.1 267.5 213.1 267.5 wheat 0
166.5 90.0 232.4 110.4 167.5 320.0 101.7 299.7 wheat 0
0.0 171.5 83.1 171.5 83.1 273.5 0.0 273.5 wheat 0
794.1 797.5 685.5 831.1 669.4 778.9 777.9 745.4 wheat 0
813.5 791.7 941.1 804.5 934.1 873.5 806.6 860.7 wheat 0
933.1 799.5 996.3 805.9 990.1 867.5 926.9 861.2 wheat 0
867.5 863.0 915.7 896.0 879.1 949.5 830.9 916.6 wheat 0
462.1 506.5 389.0 598.5 342.2 561.3 415.2 469.3 wheat 0
516.1 657.5 408.1 668.3 402.7 614.2 510.6 603.4 wheat 0
