516.4 515.8 583.1 584.5 553.3 613.4 486.6 544.7 wheat 0
592.9 658.8 640.1 663.5 636.7 696.9 589.6 692.1 wheat 0
704.0 633.7 752.1 638.5 749.2 666.6 701.2 661.8 wheat 0
843.0 628.3 878.1 672.5 849.5 695.2 814.5 651.0 wheat 0
882.6 607.4 928.1 638.5 902.4 676.0 856.9 644.8 wheat 0
934.1 533.5 971.1 533.5 971.1 586.5 934.1 586.5 wheat 0
936.1 638.5 979.1 638.5 979.1 672.5 936.1 672.5 wheat 0
956.1 817.5 931.1 834.6 891.8 777.3 916.8 760.2 wheat 0
921.1 890.5 910.7 917.1 866.3 899.9 876.7 873.2 wheat 0
892.1 960.5 873.7 983.6 827.3 946.8 845.6 923.7 wheat 0
866.1 935.5 832.1 942.4 822.0 892.5 856.0 885.6 wheat 0
786.1 914.5 753.0 937.1 708.6 872.2 741.7 849.6 wheat 0
766.1 936.5 748.4 982.1 686.4 958.0 704.1 912.4 wheat 0
451.4 828.3 516.1 872.5 496.0 901.8 431.4 857.6 wheat 0
493.1 744.5 396.9 785.2 381.0 747.5 477.2 706.9 wheat 0
413.0 766.1 469.1 777.5 463.3 805.8 407.3 794.4 wheat 0
603.8 694.2 659.1 717.5 645.9 748.8 590.6 725.4 wheat 0
696.7 663.4 735.8 675.5 723.1 716.5 684.0 704.4 wheat 0
728.1 789.5 676.8 811.2 660.4 772.6 711.7 750.9 wheat 0
627.1 623.4 670.1 641.5 656.9 672.7 614.0 654.5 wheat 0
668.2 529.5 732.1 556.5 716.4 593.5 652.6 566.5 wheat 0
616.7 526.8 682.1 562.5 664.8 594.1 599.4 558.4 wheat 0
761.5 498.3 824.1 532.5 803.7 569.8 741.1 535.7 wheat 0
862.1 562.5 825.1 570.0 812.1 505.6 849.0 498.1 wheat 0
922.5 276.6 990.1 297.5 979.2 332.5 911.7 311.6 wheat 0
952.1 346.5 1005.1 346.5 1005.1 386.5 952.1 386.5 wheat 0
1020.1 269.5 980.0 291.4 934.0 207.2 974.0 185.3 wheat 0
853.1 262.5 810.8 275.6 786.3 196.5 828.6 183.4 wheat 0
821.1 76.5 865.1 100.5 847.7 132.3 803.7 108.3 wheat 0
781.1 0.0 856.1 0.0 856.1 39.5 781.1 39.5 wheat 0
790.1 101.5 761.2 121.2 723.1 65.5 751.9 45.8 wheat 0
781.1 250.5 735.4 255.1 726.8 169.7 772.5 165.1 wheat 0
764.1 324.5 729.8 331.4 713.7 251.6 747.9 244.6 wheat 0
679.6 277.5 742.9 312.1 724.1 346.5 660.8 311.9 wheat 0
768.0 316.7 843.8 348.7 832.1 376.5 756.2 344.4 wheat 0
821.8 360.5 858.0 380.3 842.1 409.5 805.9 389.7 wheat 0
626.1 223.5 584.4 236.4 552.0 131.6 593.7 118.8 wheat 0
614.3 157.4 684.1 195.5 666.7 227.2 597.0 189.1 wheat 0
392.3 113.0 497.1 123.5 492.8 166.4 388.0 155.9 wheat 0
393.8 123.8 470.1 165.5 455.3 192.5 379.0 150.8 wheat 0
300.1 0.0 409.1 0.0 409.1 40.5 300.1 40.5 wheat 0
189.1 0.0 258.1 0.0 258.1 46.5 189.1 46.5 wheat 0
201.1 211.5 164.0 236.9 106.9 153.6 144.1 128.2 wheat 0
318.2 280.1 384.1 300.5 376.0 326.6 310.1 306.2 wheat 0
424.5 310.1 504.1 364.5 487.9 388.2 408.3 333.7 wheat 0
491.1 321.5 523.1 321.5 523.1 363.5 491.1 363.5 wheat 0
341.7 313.6 420.1 321.5 415.6 365.7 337.2 357.9 wheat 0
162.9 272.1 219.1 289.5 208.4 324.1 152.2 306.7 wheat 0
73.6 169.5 151.1 193.5 140.3 228.5 62.7 204.5 wheat 0
139.8 327.4 250.1 338.5 246.3 376.5 136.0 365.4 wheat 0
30.9 287.2 100.1 334.5 79.5 364.6 10.3 317.2 wheat 0
103.3 294.5 160.1 318.5 144.6 355.1 87.9 331.1 wheat 0
57.2 485.4 135.1 509.5 124.1 545.1 46.2 521.0 wheat 0
371.1 505.5 339.0 523.0 304.1 459.1 336.1 441.6 wheat 0
320.9 588.5 395.2 619.9 375.1 667.5 300.7 636.1 wheat 0
394.1 541.0 461.8 587.3 438.0 622.0 370.4 575.7 wheat 0
316.1 648.5 377.1 648.5 377.1 692.5 316.1 692.5 wheat 0
389.1 730.5 348.9 758.0 318.7 713.9 358.9 686.4 wheat 0
250.1 779.5 347.1 779.5 347.1 821.5 250.1 821.5 wheat 0
346.0 840.6 300.1 898.5 268.2 873.2 314.1 815.4 wheat 0
273.2 919.0 350.1 951.5 335.4 986.3 258.5 953.8 wheat 0
324.1 976.5 429.1 976.5 429.1 1021.5 324.1 1021.5 wheat 0
297.1 993.5 272.9 1018.4 217.5 964.7 241.8 939.8 wheat 0
193.1 978.5 167.7 999.9 116.2 938.7 141.5 917.3 wheat 0
101.1 1002.5 61.9 1023.9 20.7 948.5 59.9 927.1 wheat 0
112.6 963.9 161.0 968.7 157.1 1007.5 108.7 1002.7 wheat 0
63.3 631.3 158.1 650.5 150.1 689.7 55.3 670.5 wheat 0
240.1 646.5 201.1 667.8 181.0 631.1 220.0 609.8 wheat 0
38.8 558.1 98.1 590.5 81.3 621.3 22.0 588.9 wheat 0
311.1 604.5 284.5 638.0 202.3 572.9 229.0 539.4 wheat 0
0.1 97.5 59.1 97.5 59.1 142.5 0.1 142.5 wheat 0
0.0 683.5 72.1 683.5 72.1 725.1 0.0 725.1 wheat 0
12.1 830.5 60.1 830.5 60.1 879.5 12.1 879.5 wheat 0
