758.1 241.5 618.2 284.8 603.3 236.6 743.2 193.3 wheat 0
921.1 301.5 840.2 317.9 832.7 280.8 913.5 264.4 wheat 0
621.1 631.5 556.7 638.0 552.8 599.0 617.2 592.5 wheat 0
589.1 576.5 544.1 585.6 537.9 555.0 582.9 545.9 wheat 0
561.1 639.5 491.1 646.5 487.8 613.3 557.7 606.3 wheat 0
568.1 714.5 468.7 734.7 461.8 700.8 561.2 680.6 wheat 0
954.1 686.5 884.9 707.9 871.6 664.9 940.8 643.5 wheat 0
726.5 837.6 761.4 844.7 751.1 895.5 716.2 888.4 wheat 0
776.1 913.5 726.1 923.6 719.1 888.8 769.0 878.7 wheat 0
659.1 882.5 591.4 911.1 576.5 875.8 644.1 847.2 wheat 0
684.1 801.5 603.2 817.9 596.3 783.6 677.1 767.2 wheat 0
628.1 748.5 533.0 767.8 525.7 731.9 620.8 712.6 wheat 0
627.6 768.3 579.1 829.5 532.2 792.3 580.7 731.1 wheat 0
372.1 893.5 288.3 928.9 270.3 886.4 354.1 851.0 wheat 0
162.9 791.3 84.1 872.5 54.8 844.1 133.7 762.9 wheat 0
178.1 829.6 76.1 915.5 46.5 880.4 148.5 794.5 wheat 0
205.1 911.5 130.2 934.7 117.4 893.2 192.2 870.1 wheat 0
127.1 798.5 48.2 814.5 40.8 778.3 119.7 762.3 wheat 0
360.1 415.5 238.2 440.2 229.2 395.9 351.1 371.2 wheat 0
284.1 393.5 161.7 418.3 153.0 375.5 275.4 350.7 wheat 0
552.1 269.5 443.6 303.1 429.1 256.0 537.5 222.4 wheat 0
534.4 336.9 498.1 393.5 454.9 365.8 491.3 309.2 wheat 0
766.1 284.5 692.5 299.4 683.7 256.4 757.3 241.5 wheat 0
725.0 296.4 669.1 343.5 638.9 307.7 694.8 260.5 wheat 0
826.7 41.2 895.3 48.1 890.4 96.8 821.8 89.9 wheat 0
573.1 138.3 645.0 145.5 641.1 184.5 569.2 177.3 wheat 0
572.4 175.5 507.1 230.5 468.0 184.1 533.3 129.1 wheat 0
483.1 66.5 573.1 66.5 573.1 109.5 483.1 109.5 wheat 0
371.6 56.1 457.9 73.6 450.5 109.9 364.3 92.4 wheat 0
281.6 152.9 370.7 180.4 357.1 224.5 268.0 197.0 wheat 0
320.1 116.5 419.1 116.5 419.1 155.5 320.1 155.5 wheat 0
225.1 70.5 303.1 70.5 303.1 113.5 225.1 113.5 wheat 0
231.7 15.1 295.0 41.8 279.1 79.5 215.8 52.8 wheat 0
129.2 47.1 249.4 71.5 241.1 112.5 120.9 88.2 wheat 0
152.6 86.5 237.0 103.6 227.1 152.5 142.7 135.4 wheat 0
158.9 239.2 256.0 249.0 252.1 288.5 154.9 278.8 wheat 0
443.1 284.5 386.3 290.2 381.9 246.6 438.7 240.9 wheat 0
569.9 824.8 512.1 873.5 478.0 833.1 535.8 784.4 wheat 0
518.1 854.5 435.2 871.3 426.4 828.2 509.3 811.4 wheat 0
965.1 712.5 1020.1 712.5 1020.1 760.5 965.1 760.5 wheat 0
984.1 877.5 918.9 890.7 911.3 852.9 976.4 839.7 wheat 0
977.3 982.2 909.6 1003.1 897.4 963.5 965.1 942.5 wheat 0
0.0 152.5 71.1 152.5 71.1 195.9 0.0 195.9 wheat 0
