731.1 8.6 795.1 28.3 734.1 225.5 670.1 205.7 wheat 0
780.6 289.9 841.6 296.0 831.1 401.5 770.1 395.4 wheat 0
849.9 428.6 896.0 476.2 804.1 565.5 757.9 518.0 wheat 0
858.2 391.2 898.6 408.3 857.1 506.5 816.7 489.4 wheat 0
658.7 379.0 720.1 412.5 625.7 585.3 564.3 551.8 wheat 0
729.1 564.5 684.7 578.2 654.6 480.6 698.9 466.9 wheat 0
721.7 424.2 770.4 457.6 704.1 554.5 655.3 521.2 wheat 0
312.3 386.0 380.1 392.8 369.1 502.5 301.3 495.7 wheat 0
482.5 505.5 528.9 530.9 476.1 627.5 429.7 602.2 wheat 0
455.4 155.2 510.5 193.0 391.1 367.5 335.9 329.8 wheat 0
573.0 166.0 622.4 207.6 502.1 350.5 452.7 308.9 wheat 0
507.6 144.7 551.5 149.1 527.1 392.5 483.2 388.1 wheat 0
956.1 415.5 1019.0 415.5 1019.0 529.5 956.1 529.5 wheat 0
1023.7 523.5 1002.1 601.5 908.2 575.5 929.9 497.4 wheat 0
33.5 278.3 96.2 284.6 74.1 505.5 11.4 499.2 wheat 0
283.1 340.5 215.6 347.3 192.0 112.6 259.5 105.8 wheat 0
336.1 448.5 264.0 455.7 245.4 269.6 317.4 262.3 wheat 0
415.1 247.5 346.7 276.4 277.6 112.9 345.9 84.0 wheat 0
306.1 373.5 267.3 413.5 123.6 274.0 162.4 234.0 wheat 0
186.7 17.8 239.7 40.2 160.1 228.5 107.1 206.1 wheat 0
385.1 12.8 452.1 69.2 295.9 254.6 229.0 198.2 wheat 0
