514.2 351.4 462.6 373.2 396.4 216.7 448.0 194.8 wheat 0
374.8 407.0 300.3 422.1 289.8 370.1 364.3 355.0 wheat 0
433.3 340.0 486.3 340.0 486.3 408.0 433.3 408.0 wheat 0
727.7 495.3 608.1 519.5 595.0 454.8 714.5 430.6 wheat 0
653.9 287.8 820.5 321.6 806.8 389.2 640.2 355.5 wheat 0
888.5 238.9 923.0 292.8 832.2 351.1 797.6 297.3 wheat 0
1011.2 510.0 938.6 524.7 905.5 361.1 978.0 346.4 wheat 0
903.2 352.7 956.8 381.9 884.4 514.4 830.9 485.2 wheat 0
787.3 584.0 961.3 584.0 961.3 651.0 787.3 651.0 wheat 0
715.3 761.0 776.3 761.0 776.3 819.0 715.3 819.0 wheat 0
762.3 819.0 869.3 819.0 869.3 870.0 762.3 870.0 wheat 0
600.3 861.0 693.3 861.0 693.3 929.0 600.3 929.0 wheat 0
396.9 766.5 458.6 792.6 394.7 943.6 333.0 917.5 wheat 0
271.3 758.8 149.0 796.6 131.3 739.3 253.6 701.5 wheat 0
853.8 36.9 886.2 87.4 786.9 151.2 754.5 100.7 wheat 0
890.0 49.8 956.6 63.3 926.6 211.3 860.0 197.8 wheat 0
283.3 1.0 429.3 1.0 429.3 55.0 283.3 55.0 wheat 0
1012.8 929.5 971.7 971.9 884.9 887.6 926.0 845.2 wheat 0
127.9 4.1 191.6 10.5 182.8 98.0 119.1 91.6 wheat 0
0.0 25.0 52.0 25.0 52.0 106.0 0.0 106.0 wheat 0
