822.8 620.8 932.2 643.0 873.3 933.3 763.9 911.1 wheat 0
610.7 952.2 539.9 959.3 529.5 855.4 600.3 848.3 wheat 0
334.6 767.7 399.8 803.4 317.3 954.3 252.1 918.7 wheat 0
613.4 537.4 681.7 574.7 622.3 683.3 554.0 646.0 wheat 0
602.2 73.8 670.1 120.3 569.2 267.8 501.3 221.3 wheat 0
876.4 137.7 950.9 160.8 912.2 285.9 837.7 262.9 wheat 0
580.4 312.6 644.3 356.3 574.1 459.0 510.2 415.3 wheat 0
492.3 562.3 339.6 645.8 291.2 557.1 443.9 473.7 wheat 0
340.6 637.3 462.3 637.3 462.3 732.3 340.6 732.3 wheat 0
77.1 282.3 221.5 311.6 207.7 379.6 63.3 350.3 wheat 0
266.2 82.3 159.3 172.3 115.9 120.8 222.8 30.8 wheat 0
191.9 533.3 23.6 585.4 0.0 509.2 168.3 457.2 wheat 0
371.0 520.7 238.3 657.3 190.6 611.0 323.3 474.3 wheat 0
180.8 371.5 241.0 412.6 193.3 482.3 133.1 441.1 wheat 0
