774.6 416.1 627.4 430.9 622.9 386.1 770.1 371.3 wheat 0
913.7 286.6 755.1 304.1 750.1 258.3 908.7 240.8 wheat 0
856.7 337.6 905.7 337.6 905.7 467.6 856.7 467.6 wheat 0
987.5 330.4 914.9 352.9 901.9 310.8 974.5 288.4 wheat 0
994.8 298.7 1024.0 307.7 984.7 434.6 955.6 425.6 wheat 0
745.0 512.6 798.9 523.6 769.5 668.6 715.6 657.7 wheat 0
859.7 566.8 909.8 618.5 871.8 655.4 821.6 603.8 wheat 0
979.7 760.6 875.2 804.8 853.9 754.5 958.4 710.3 wheat 0
725.9 691.3 804.3 707.2 796.7 744.6 718.3 728.7 wheat 0
685.7 595.6 715.7 595.6 715.7 710.6 685.7 710.6 wheat 0
668.5 743.5 720.4 754.0 698.0 864.8 646.0 854.2 wheat 0
856.0 784.2 914.1 833.1 806.7 960.6 748.7 911.7 wheat 0
814.4 966.4 913.6 976.3 910.7 1004.6 811.6 994.7 wheat 0
532.7 818.6 482.9 852.7 392.3 720.2 442.1 686.1 wheat 0
615.9 591.7 571.3 622.2 547.6 587.5 592.2 557.0 wheat 0
478.0 536.3 523.5 561.2 463.7 670.6 418.2 645.8 wheat 0
470.7 909.6 396.7 924.6 358.9 738.2 433.0 723.2 wheat 0
204.7 674.6 256.7 674.6 256.7 826.6 204.7 826.6 wheat 0
194.9 521.4 242.7 541.6 184.7 678.6 137.0 658.4 wheat 0
63.3 581.8 112.0 596.8 63.2 754.5 14.5 739.4 wheat 0
120.8 410.2 59.3 443.8 38.7 406.0 100.1 372.5 wheat 0
163.0 416.1 194.3 442.5 121.7 528.6 90.4 502.2 wheat 0
237.4 328.1 175.7 340.6 151.0 219.1 212.8 206.6 wheat 0
173.9 230.0 43.7 339.6 0.3 288.0 130.4 178.4 wheat 0
73.7 8.6 111.7 8.6 111.7 121.6 73.7 121.6 wheat 0
118.7 6.6 150.7 6.6 150.7 58.6 118.7 58.6 wheat 0
338.7 164.6 282.2 170.3 265.9 8.6 322.5 2.9 wheat 0
451.9 203.8 707.9 229.4 702.7 280.6 446.8 254.9 wheat 0
269.8 198.6 335.7 281.6 292.2 316.2 226.3 233.1 wheat 0
557.3 328.5 612.6 358.7 597.2 386.8 541.9 356.6 wheat 0
693.3 102.7 849.0 134.3 837.7 189.6 682.1 158.1 wheat 0
897.9 122.6 963.7 205.6 925.4 236.1 859.5 153.1 wheat 0
651.3 313.0 609.9 330.5 591.2 286.3 632.6 268.7 wheat 0
