742.7 86.3 809.7 93.0 799.6 194.5 732.5 187.8 wheat 0
649.2 290.9 620.6 335.5 564.4 299.4 593.0 254.9 wheat 0
820.1 892.2 740.4 946.8 709.8 902.1 789.6 847.5 wheat 0
914.6 792.5 969.9 803.7 952.6 889.5 897.2 878.3 wheat 0
272.5 903.5 179.4 922.4 167.6 864.5 260.7 845.7 wheat 0
118.7 598.4 197.8 606.3 190.6 678.5 111.5 670.6 wheat 0
127.5 276.8 222.2 306.1 206.2 357.8 111.6 328.5 wheat 0
84.6 224.5 182.6 224.5 182.6 290.5 84.6 290.5 wheat 0
148.6 143.5 104.9 173.4 48.7 91.1 92.3 61.3 wheat 0
15.6 316.5 85.6 316.5 85.6 396.5 15.6 396.5 wheat 0
