451.1 614.5 400.2 636.0 354.4 527.6 405.2 506.1 wheat 0
586.1 678.5 540.0 703.7 497.6 626.0 543.7 600.9 wheat 0
528.9 538.3 620.2 576.9 600.1 624.5 508.8 585.9 wheat 0
616.2 378.3 706.1 396.5 696.5 443.8 606.6 425.6 wheat 0
546.1 272.5 611.1 272.5 611.1 366.5 546.1 366.5 wheat 0
455.1 275.5 411.4 294.0 372.5 202.0 416.2 183.5 wheat 0
307.1 262.5 265.4 291.0 218.8 222.9 260.5 194.4 wheat 0
141.1 224.5 185.1 224.5 185.1 327.5 141.1 327.5 wheat 0
159.1 150.5 243.1 150.5 243.1 197.5 159.1 197.5 wheat 0
361.9 61.3 432.1 133.5 398.7 165.9 328.5 93.7 wheat 0
450.1 185.5 364.6 202.8 355.7 159.3 441.2 141.9 wheat 0
661.1 119.5 622.9 151.7 531.8 43.6 570.0 11.4 wheat 0
435.1 450.5 497.1 450.5 497.1 502.5 435.1 502.5 wheat 0
531.1 480.5 573.1 480.5 573.1 524.5 531.1 524.5 wheat 0
756.1 519.5 810.1 519.5 810.1 569.5 756.1 569.5 wheat 0
715.9 785.7 784.1 799.5 775.4 842.2 707.3 828.4 wheat 0
932.1 752.5 896.5 782.5 849.9 727.1 885.4 697.2 wheat 0
887.1 240.5 848.2 252.5 820.3 162.2 859.1 150.2 wheat 0
749.9 89.7 811.1 115.5 791.3 162.2 730.2 136.3 wheat 0
444.1 450.5 410.4 478.9 345.2 401.5 378.9 373.1 wheat 0
362.1 864.5 326.8 888.7 238.1 759.0 273.4 734.8 wheat 0
389.1 866.5 354.2 885.6 306.1 797.6 341.0 778.5 wheat 0
104.7 785.8 203.1 839.5 188.0 867.2 89.6 813.4 wheat 0
29.7 674.8 133.1 745.5 103.3 789.0 0.0 718.3 wheat 0
84.1 875.5 46.5 891.4 16.7 820.9 54.3 805.0 wheat 0
220.1 940.5 362.1 940.5 362.1 989.5 220.1 989.5 wheat 0
888.1 930.5 851.8 941.7 830.7 873.3 866.9 862.1 wheat 0
731.4 631.8 795.1 651.5 783.3 689.4 719.6 669.7 wheat 0
722.1 595.5 759.1 595.5 759.1 636.5 722.1 636.5 wheat 0
307.8 356.5 382.1 379.5 368.5 423.4 294.2 400.4 wheat 0
214.1 498.5 173.0 526.6 113.1 439.0 154.2 410.9 wheat 0
86.2 318.2 198.1 365.5 184.2 398.4 72.2 351.1 wheat 0
532.1 396.5 634.1 396.5 634.1 447.5 532.1 447.5 wheat 0
782.5 215.6 821.9 237.1 773.1 326.5 733.7 305.0 wheat 0
781.1 190.5 741.5 212.1 705.0 145.3 744.5 123.6 wheat 0
352.1 0.5 403.1 0.5 403.1 78.5 352.1 78.5 wheat 0
75.6 102.3 128.5 107.6 125.1 141.5 72.2 136.2 wheat 0
0.0 144.5 128.1 144.5 128.1 181.1 0.0 181.1 wheat 0
75.1 125.5 27.4 135.2 13.4 65.8 61.0 56.1 wheat 0
390.1 681.9 322.7 695.5 316.6 665.6 384.0 651.9 wheat 0
703.1 243.5 770.1 243.5 770.1 281.5 703.1 281.5 wheat 0
845.3 128.8 949.1 185.5 930.4 219.6 826.6 163.0 wheat 0
827.1 64.5 773.9 87.0 748.0 25.7 801.1 3.2 wheat 0
1007.1 112.5 984.9 131.1 938.6 76.2 960.8 57.5 wheat 0
853.1 11.5 897.1 11.5 897.1 98.5 853.1 98.5 wheat 0
815.1 413.5 782.7 423.5 765.4 367.4 797.7 357.4 wheat 0
890.1 770.1 969.1 794.5 958.6 828.4 879.6 804.0 wheat 0
