665.3 813.3 620.5 869.9 491.8 767.8 536.7 711.2 wheat 0
468.5 847.8 427.2 876.0 392.2 824.9 433.5 796.6 wheat 0
218.2 826.9 258.3 854.3 210.9 923.6 170.8 896.2 wheat 0
861.3 829.3 799.4 893.1 686.7 783.6 748.6 719.9 wheat 0
865.3 910.3 927.3 910.3 927.3 992.3 865.3 992.3 wheat 0
1016.3 824.8 969.3 864.3 919.8 805.5 966.7 766.0 wheat 0
634.3 589.3 746.3 589.3 746.3 672.3 634.3 672.3 wheat 0
830.3 639.3 785.4 685.6 742.4 643.8 787.3 597.5 wheat 0
652.6 459.1 519.3 486.2 506.0 420.5 639.3 393.5 wheat 0
97.3 640.3 195.3 640.3 195.3 756.3 97.3 756.3 wheat 0
122.3 550.3 184.3 550.3 184.3 615.3 122.3 615.3 wheat 0
479.9 214.6 562.1 240.0 522.8 367.1 440.6 341.6 wheat 0
997.8 408.0 902.3 427.3 870.3 269.3 965.7 250.0 wheat 0
817.3 0.3 896.3 0.3 896.3 160.3 817.3 160.3 wheat 0
352.9 363.2 301.1 398.7 237.6 305.7 289.3 270.3 wheat 0
236.8 256.8 175.3 290.3 89.9 133.9 151.3 100.3 wheat 0
369.5 222.8 318.3 287.3 177.4 175.5 228.6 111.0 wheat 0
272.3 101.3 396.5 139.7 375.3 208.3 251.1 169.9 wheat 0
307.1 44.1 470.9 113.4 444.3 176.3 280.5 107.0 wheat 0
