224.7 86.2 270.6 100.4 248.7 171.1 202.9 156.9 wheat 0
163.7 66.6 258.6 106.7 238.7 153.7 143.9 113.5 wheat 0
12.7 0.6 90.7 0.6 90.7 36.6 12.7 36.6 wheat 0
127.7 204.6 175.7 204.6 175.7 253.6 127.7 253.6 wheat 0
91.7 319.6 33.3 351.6 8.8 306.8 67.3 274.9 wheat 0
232.7 347.0 182.7 357.1 171.8 303.2 221.8 293.1 wheat 0
83.9 321.8 119.8 337.0 96.7 391.6 60.8 376.4 wheat 0
97.0 413.1 153.8 424.6 148.5 451.1 91.6 439.6 wheat 0
198.7 443.6 252.7 443.6 252.7 523.6 198.7 523.6 wheat 0
314.5 348.6 355.1 370.8 320.7 433.6 280.2 411.5 wheat 0
366.5 243.0 410.1 256.5 388.7 325.6 345.1 312.1 wheat 0
462.0 124.8 502.4 152.5 476.5 190.4 436.0 162.8 wheat 0
437.8 65.4 472.2 76.0 457.7 122.8 423.3 112.2 wheat 0
342.3 53.2 396.3 82.7 382.7 107.6 328.7 78.1 wheat 0
627.1 69.3 604.2 71.6 599.4 23.9 622.3 21.6 wheat 0
622.7 132.6 680.7 132.6 680.7 178.6 622.7 178.6 wheat 0
580.7 258.6 539.8 281.0 517.9 240.9 558.8 218.6 wheat 0
483.7 425.6 532.7 425.6 532.7 492.6 483.7 492.6 wheat 0
335.6 488.3 374.6 521.1 338.7 563.6 299.8 530.8 wheat 0
254.1 567.0 310.2 590.7 279.7 662.6 223.7 638.9 wheat 0
425.9 632.2 466.4 666.4 440.6 697.0 400.1 662.8 wheat 0
520.7 772.9 474.7 811.6 440.2 770.7 486.2 731.9 wheat 0
655.7 561.6 588.1 575.3 580.6 538.3 648.2 524.5 wheat 0
679.7 456.6 628.7 491.5 604.4 456.1 655.5 421.1 wheat 0
801.0 723.1 928.7 762.6 911.6 817.9 783.9 778.4 wheat 0
589.7 736.2 613.8 773.7 582.7 793.6 558.7 756.1 wheat 0
776.7 870.6 715.4 889.6 703.8 852.1 765.1 833.1 wheat 0
564.3 793.6 594.1 809.9 569.2 855.6 539.4 839.3 wheat 0
704.9 332.9 727.9 356.6 703.5 380.3 680.5 356.6 wheat 0
767.8 392.9 809.8 397.1 804.7 447.6 762.7 443.4 wheat 0
780.7 477.6 752.6 489.5 741.2 462.5 769.3 450.6 wheat 0
844.7 879.5 931.7 897.1 924.7 931.6 837.7 914.0 wheat 0
865.3 217.1 814.1 252.1 788.2 214.1 839.3 179.1 wheat 0
587.7 862.6 639.7 862.6 639.7 937.6 587.7 937.6 wheat 0
759.7 989.6 717.4 1018.6 694.3 984.7 736.5 955.7 wheat 0
78.7 902.6 122.8 939.7 85.7 983.6 41.7 946.5 wheat 0
751.7 125.0 791.2 165.7 771.7 184.6 732.2 143.9 wheat 0
1005.7 261.6 958.2 301.7 902.3 235.4 949.9 195.3 wheat 0
995.8 169.7 974.7 202.5 932.7 175.5 953.7 142.7 wheat 0
404.7 885.6 357.0 911.7 343.5 886.8 391.2 860.8 wheat 0
920.2 847.4 965.0 851.9 962.3 878.8 917.5 874.3 wheat 0
669.3 479.9 703.3 494.3 679.2 551.4 645.1 537.0 wheat 0
374.2 132.8 434.8 195.2 390.3 238.4 329.7 176.0 wheat 0
535.9 916.5 584.7 931.6 569.6 980.6 520.8 965.5 wheat 0
1013.3 344.1 975.8 375.6 955.2 351.2 992.7 319.6 wheat 0
1024.7 881.1 996.9 883.9 992.8 843.1 1020.6 840.3 wheat 0
224.7 186.6 265.7 186.6 265.7 242.6 224.7 242.6 wheat 0
