655.1 221.5 732.1 221.5 732.1 447.5 655.1 447.5 wheat 0
561.1 375.5 391.4 447.2 365.3 385.5 534.9 313.7 wheat 0
537.1 216.5 426.7 309.4 388.4 263.9 498.7 171.0 wheat 0
643.1 305.5 587.5 322.7 510.6 74.1 566.2 56.9 wheat 0
515.7 218.0 600.1 226.5 594.8 279.2 510.4 270.7 wheat 0
236.1 381.5 183.6 417.4 101.8 297.9 154.3 262.0 wheat 0
366.1 362.5 255.3 409.3 228.3 345.5 339.1 298.7 wheat 0
341.1 498.5 262.2 531.9 234.1 465.4 313.0 432.1 wheat 0
155.4 637.5 223.9 644.4 206.1 822.5 137.5 815.6 wheat 0
372.7 712.5 442.8 760.5 338.1 913.5 268.0 865.6 wheat 0
347.1 861.5 552.1 861.5 552.1 930.5 347.1 930.5 wheat 0
817.1 911.5 933.1 911.5 933.1 982.5 817.1 982.5 wheat 0
838.2 799.6 876.7 832.1 803.1 919.5 764.5 887.0 wheat 0
959.1 463.5 812.0 614.9 781.4 585.2 928.4 433.8 wheat 0
489.1 224.5 408.1 232.6 402.8 180.0 483.8 171.9 wheat 0
