600.3 578.8 354.0 671.5 339.8 633.7 586.1 541.0 wheat 0
506.4 677.8 547.2 690.5 491.7 869.6 451.0 857.0 wheat 0
432.3 690.7 622.9 771.3 603.7 816.6 413.1 736.0 wheat 0
502.1 800.7 552.6 805.7 534.7 983.6 484.3 978.6 wheat 0
851.2 670.4 883.8 704.0 728.7 854.6 696.1 821.0 wheat 0
899.6 703.7 974.8 781.2 951.9 803.5 876.6 726.0 wheat 0
987.4 750.8 1007.1 775.5 918.7 845.6 899.1 820.9 wheat 0
921.3 841.7 1019.8 851.6 1017.2 877.5 918.7 867.6 wheat 0
850.7 655.4 794.0 661.1 777.8 499.9 834.5 494.2 wheat 0
687.7 553.6 899.7 553.6 899.7 595.6 687.7 595.6 wheat 0
641.3 480.7 708.5 537.4 684.7 565.6 617.5 509.0 wheat 0
655.0 347.4 693.6 373.8 615.7 487.6 577.1 461.2 wheat 0
667.3 255.8 784.4 292.0 772.7 329.6 655.7 293.4 wheat 0
855.3 366.2 1004.6 381.2 1000.2 425.0 850.9 410.0 wheat 0
874.7 385.6 832.7 408.6 774.4 301.8 816.4 278.9 wheat 0
836.5 75.1 895.0 135.3 756.7 269.6 698.2 209.4 wheat 0
887.7 306.6 856.6 327.9 794.3 236.8 825.4 215.5 wheat 0
865.7 69.6 941.7 69.6 941.7 108.6 865.7 108.6 wheat 0
967.7 233.6 1024.0 233.6 1024.0 265.0 967.7 265.0 wheat 0
908.7 293.6 1021.7 293.6 1021.7 340.6 908.7 340.6 wheat 0
949.5 511.4 851.9 552.6 835.9 514.9 933.6 473.6 wheat 0
903.5 527.7 962.0 588.0 942.0 607.5 883.4 547.2 wheat 0
1022.7 610.6 964.7 616.4 950.7 477.5 1008.8 471.7 wheat 0
958.4 886.6 1021.1 929.5 999.1 961.7 936.4 918.8 wheat 0
273.2 687.2 295.4 699.4 235.7 808.6 213.5 796.5 wheat 0
177.2 688.3 229.9 693.6 213.7 854.6 161.0 849.3 wheat 0
249.0 497.9 292.0 506.6 272.7 601.6 229.8 592.9 wheat 0
38.1 476.0 180.7 573.6 149.0 619.9 6.4 522.3 wheat 0
96.8 630.8 66.8 661.7 3.7 600.4 33.7 569.5 wheat 0
0.7 451.6 44.7 451.6 44.7 506.6 0.7 506.6 wheat 0
46.1 329.4 120.5 406.0 82.7 442.6 8.4 366.1 wheat 0
206.9 316.2 238.1 342.5 148.7 448.6 117.5 422.3 wheat 0
31.8 228.1 112.1 253.0 99.7 293.1 19.4 268.3 wheat 0
392.5 208.4 417.8 234.4 351.7 298.6 326.4 272.6 wheat 0
236.7 278.6 325.7 278.6 325.7 310.6 236.7 310.6 wheat 0
227.3 194.0 390.7 331.6 363.5 364.0 200.0 226.3 wheat 0
532.4 276.1 359.5 349.2 339.8 302.7 512.7 229.6 wheat 0
596.6 4.8 653.5 22.4 602.7 186.6 545.8 169.0 wheat 0
242.7 24.1 276.2 42.4 200.7 180.6 167.2 162.3 wheat 0
190.7 198.6 127.5 205.0 112.5 55.1 175.7 48.7 wheat 0
91.4 921.5 10.8 929.6 7.1 892.8 87.7 884.7 wheat 0
126.9 1012.1 80.1 1016.7 71.6 931.2 118.3 926.5 wheat 0
143.1 115.1 96.6 140.5 43.4 43.1 89.9 17.7 wheat 0
478.3 441.7 523.9 466.6 449.2 603.5 403.5 578.6 wheat 0
682.5 105.0 721.1 126.1 667.0 225.2 628.3 204.2 wheat 0
759.7 111.6 712.7 121.1 691.7 17.2 738.7 7.7 wheat 0
