512.7 914.6 443.2 921.6 426.8 757.7 496.3 750.7 wheat 0
736.8 836.7 800.5 843.1 788.7 960.5 725.0 954.1 wheat 0
192.7 919.6 120.7 968.9 10.7 808.0 82.7 758.7 wheat 0
195.2 493.3 248.9 498.7 234.3 643.9 180.6 638.6 wheat 0
341.7 442.6 413.7 442.6 413.7 614.6 341.7 614.6 wheat 0
537.1 423.0 613.7 430.7 603.4 534.2 526.7 526.5 wheat 0
604.4 568.2 543.7 644.6 492.8 604.2 553.5 527.7 wheat 0
906.1 412.6 972.8 419.3 958.4 562.6 891.7 555.9 wheat 0
904.8 530.0 1022.9 610.7 988.7 660.6 870.7 579.8 wheat 0
789.8 206.5 899.1 266.2 867.7 323.6 758.4 263.9 wheat 0
667.7 298.0 622.3 355.2 580.8 322.2 626.2 265.1 wheat 0
866.6 144.8 797.8 166.1 750.9 14.2 819.6 -7.1 wheat 0
924.1 59.3 994.8 89.2 955.7 181.6 885.0 151.7 wheat 0
658.3 35.7 627.7 48.6 613.2 14.2 643.8 1.3 wheat 0
404.6 121.8 359.7 191.6 312.8 161.5 357.6 91.6 wheat 0
270.1 200.4 233.7 211.6 216.0 154.1 252.3 142.9 wheat 0
261.2 271.6 340.2 296.1 287.7 465.6 208.8 441.2 wheat 0
101.0 356.7 151.7 391.4 66.7 515.6 16.0 480.9 wheat 0
61.8 95.3 116.7 141.6 57.1 212.4 2.2 166.1 wheat 0
177.7 0.6 244.7 0.6 244.7 95.6 177.7 95.6 wheat 0
321.5 795.1 277.6 819.1 258.0 783.1 301.8 759.1 wheat 0
