817.1 383.5 741.2 425.0 720.2 386.5 796.1 345.1 wheat 0
817.1 230.5 726.4 248.9 715.1 193.5 805.8 175.2 wheat 0
871.8 40.1 787.1 111.5 753.3 71.4 838.0 -0.0 wheat 0
636.1 73.5 561.1 114.5 528.7 55.2 603.7 14.2 wheat 0
173.1 12.5 226.1 12.5 226.1 110.5 173.1 110.5 wheat 0
107.1 248.5 160.1 248.5 160.1 352.5 107.1 352.5 wheat 0
174.1 395.5 260.1 395.5 260.1 463.5 174.1 463.5 wheat 0
314.1 419.5 358.1 419.5 358.1 502.5 314.1 502.5 wheat 0
466.9 624.6 411.0 671.7 376.3 630.4 432.1 583.3 wheat 0
359.1 610.5 291.4 656.8 262.6 614.7 330.2 568.4 wheat 0
15.3 466.0 75.1 484.5 59.7 534.1 -0.0 515.6 wheat 0
106.5 564.6 171.1 584.5 151.8 646.7 87.3 626.7 wheat 0
30.7 609.1 85.8 626.2 55.0 725.5 -0.0 708.5 wheat 0
125.1 743.5 184.1 743.5 184.1 802.5 125.1 802.5 wheat 0
236.7 735.1 288.6 757.0 260.1 824.5 208.2 802.6 wheat 0
67.5 731.5 111.3 755.4 74.1 823.5 30.2 799.6 wheat 0
252.1 855.5 162.9 947.3 124.9 910.4 214.1 818.6 wheat 0
907.6 702.2 942.3 721.2 877.1 840.5 842.4 821.6 wheat 0
685.7 686.8 738.7 692.1 727.1 808.5 674.0 803.2 wheat 0
722.8 599.2 808.1 616.5 799.3 659.9 714.0 642.6 wheat 0
566.1 421.4 620.7 426.8 615.1 483.5 560.4 478.0 wheat 0
503.1 239.5 426.1 292.2 396.4 248.9 473.4 196.2 wheat 0
410.1 412.5 339.5 460.8 307.2 413.7 377.8 365.4 wheat 0
799.1 854.5 701.2 937.0 675.9 907.0 773.8 824.6 wheat 0
42.5 373.1 118.1 396.5 101.2 451.0 25.6 427.6 wheat 0
