140.3 761.3 231.3 761.3 231.3 892.3 140.3 892.3 wheat 0
46.3 354.3 123.3 354.3 123.3 464.3 46.3 464.3 wheat 0
443.3 257.3 342.2 342.5 286.6 276.5 387.7 191.3 wheat 0
290.9 442.2 375.3 488.3 298.2 629.6 213.7 583.4 wheat 0
479.0 631.6 579.3 700.2 531.3 770.3 431.0 701.7 wheat 0
603.7 430.6 740.3 444.3 732.1 526.4 595.5 512.7 wheat 0
128.2 -4.9 215.9 22.2 155.5 217.2 67.8 190.1 wheat 0
555.3 604.3 770.3 604.3 770.3 697.3 555.3 697.3 wheat 0
667.8 729.6 900.7 801.6 876.3 880.3 643.4 808.3 wheat 0
674.3 989.3 615.4 1021.5 548.4 898.8 607.3 866.6 wheat 0
883.7 593.0 951.3 621.6 908.3 723.3 840.7 694.7 wheat 0
971.3 480.3 775.4 540.9 747.5 450.6 943.4 390.0 wheat 0
876.5 150.6 918.6 173.6 834.2 328.1 792.1 305.0 wheat 0
