524.1 219.3 459.3 286.0 370.3 199.6 435.0 132.9 wheat 0
466.7 314.9 525.0 332.9 486.9 456.2 428.6 438.1 wheat 0
283.3 412.0 360.3 412.0 360.3 480.0 283.3 480.0 wheat 0
450.6 656.1 391.3 706.0 315.8 616.4 375.1 566.4 wheat 0
446.3 593.0 521.3 593.0 521.3 659.0 446.3 659.0 wheat 0
650.1 501.9 707.9 550.5 612.3 664.0 554.5 615.4 wheat 0
851.8 488.3 901.8 522.5 832.3 624.0 782.3 589.9 wheat 0
835.1 608.8 894.9 641.5 855.3 714.0 795.5 681.4 wheat 0
686.4 615.5 724.6 627.3 706.3 686.6 668.1 674.7 wheat 0
984.3 810.8 934.1 862.5 842.3 773.3 892.5 721.6 wheat 0
821.7 813.1 873.3 829.0 847.0 914.0 795.4 898.1 wheat 0
786.2 902.8 727.5 908.7 717.4 808.2 776.1 802.3 wheat 0
617.2 791.8 684.8 798.6 679.5 852.3 611.8 845.5 wheat 0
511.5 776.6 481.6 835.4 403.1 795.5 433.1 736.7 wheat 0
501.5 919.0 369.2 945.8 356.1 881.1 488.4 854.3 wheat 0
223.3 898.0 269.3 898.0 269.3 982.0 223.3 982.0 wheat 0
90.0 707.3 220.2 762.4 196.0 819.6 65.8 764.6 wheat 0
45.3 768.0 108.3 768.0 108.3 842.0 45.3 842.0 wheat 0
1002.3 1012.0 946.1 1023.4 927.0 929.3 983.2 917.9 wheat 0
67.1 58.7 99.5 99.4 41.5 145.4 9.2 104.7 wheat 0
389.3 472.0 458.3 472.0 458.3 519.0 389.3 519.0 wheat 0
