591.7 751.6 512.7 759.5 485.9 492.6 565.0 484.7 wheat 0
566.7 812.6 476.3 821.7 468.2 741.9 558.7 732.8 wheat 0
298.3 486.6 371.8 501.5 344.2 637.7 270.7 622.8 wheat 0
352.3 533.2 414.1 539.4 403.7 642.6 341.9 636.4 wheat 0
381.2 240.4 432.8 262.2 376.3 395.8 324.7 374.0 wheat 0
526.6 301.8 603.7 325.6 534.1 550.9 456.9 527.0 wheat 0
752.7 278.6 619.7 351.3 580.1 278.8 713.1 206.1 wheat 0
805.7 401.6 849.0 438.1 772.1 529.3 728.9 492.9 wheat 0
445.4 60.1 600.7 91.6 586.2 163.3 430.8 131.8 wheat 0
13.6 311.4 83.3 318.4 71.9 431.8 2.2 424.8 wheat 0
4.1 685.8 82.7 693.7 76.4 756.4 -2.2 748.5 wheat 0
70.9 772.0 130.5 778.0 118.7 895.6 59.1 889.6 wheat 0
145.5 828.1 178.3 831.4 173.0 884.1 140.2 880.8 wheat 0
336.7 976.6 267.5 1024.0 204.9 932.4 274.1 885.0 wheat 0
635.7 782.6 703.7 782.6 703.7 925.6 635.7 925.6 wheat 0
667.1 914.3 600.5 927.8 588.4 868.0 655.0 854.5 wheat 0
789.7 832.6 723.5 853.1 700.5 778.9 766.8 758.4 wheat 0
838.7 882.6 694.0 927.4 676.6 871.2 821.4 826.4 wheat 0
785.2 845.0 893.9 878.6 869.7 956.6 761.1 923.0 wheat 0
977.1 942.6 907.9 971.8 879.9 905.6 949.1 876.3 wheat 0
1023.4 763.2 963.6 804.1 885.9 690.5 945.7 649.6 wheat 0
476.7 566.6 501.7 566.6 501.7 643.6 476.7 643.6 wheat 0
493.8 555.5 453.0 559.6 450.6 535.7 491.4 531.6 wheat 0
466.0 541.3 436.1 557.6 403.5 497.9 433.4 481.6 wheat 0
413.7 797.6 383.5 810.4 354.3 741.4 384.6 728.7 wheat 0
