133.2 214.7 322.3 233.6 317.4 282.4 128.3 263.4 wheat 0
481.1 180.8 529.9 185.7 522.5 259.3 473.7 254.4 wheat 0
518.6 227.2 574.9 232.8 570.3 278.0 514.0 272.4 wheat 0
604.1 244.8 641.3 252.4 630.6 305.3 593.3 297.7 wheat 0
693.7 270.1 656.9 273.8 653.9 244.0 690.7 240.3 wheat 0
685.6 22.0 730.4 26.4 724.1 89.1 679.3 84.6 wheat 0
702.0 273.4 738.3 284.6 712.6 367.7 676.3 356.5 wheat 0
565.8 458.1 531.9 461.5 522.9 371.0 556.7 367.6 wheat 0
589.1 452.1 668.7 460.1 665.5 492.0 585.9 484.0 wheat 0
528.7 512.7 565.4 543.6 510.0 609.4 473.3 578.5 wheat 0
537.0 574.7 624.2 592.4 614.7 639.4 527.4 621.7 wheat 0
388.0 491.0 433.8 495.6 422.6 607.1 376.8 602.5 wheat 0
276.1 398.9 380.9 420.1 371.6 466.2 266.7 444.9 wheat 0
311.0 72.2 201.4 118.5 184.6 78.9 294.2 32.6 wheat 0
197.9 12.6 242.0 21.5 221.7 121.5 177.6 112.6 wheat 0
969.6 179.9 1015.4 184.5 1009.0 248.2 963.2 243.6 wheat 0
808.6 631.0 835.7 659.0 779.1 714.1 751.9 686.1 wheat 0
741.6 736.9 708.3 755.0 675.2 694.4 708.5 676.2 wheat 0
876.4 788.3 832.2 807.0 798.3 726.8 842.5 708.1 wheat 0
874.3 736.0 916.3 736.0 916.3 777.0 874.3 777.0 wheat 0
796.6 765.1 828.0 786.6 758.0 888.9 726.6 867.5 wheat 0
641.3 766.0 685.3 766.0 685.3 841.0 641.3 841.0 wheat 0
628.3 939.0 707.3 939.0 707.3 990.0 628.3 990.0 wheat 0
621.8 955.7 581.4 983.4 519.8 893.4 560.3 865.7 wheat 0
551.6 947.7 510.0 960.6 494.6 910.6 536.1 897.7 wheat 0
392.4 791.1 465.0 813.5 448.2 868.0 375.6 845.5 wheat 0
405.7 882.7 342.0 889.1 336.9 838.4 400.6 832.0 wheat 0
140.3 745.9 224.9 754.4 219.4 809.1 134.8 800.7 wheat 0
98.3 657.0 175.3 657.0 175.3 703.0 98.3 703.0 wheat 0
763.9 945.6 891.3 971.4 882.8 1013.5 755.3 987.7 wheat 0
9.3 15.0 78.3 15.0 78.3 59.0 9.3 59.0 wheat 0
