313.3 202.1 368.9 207.7 354.7 348.6 299.1 343.0 wheat 0
363.4 247.1 421.6 286.9 393.7 327.6 335.6 287.8 wheat 0
481.7 310.1 522.9 318.4 509.8 383.1 468.6 374.8 wheat 0
536.7 228.6 566.7 228.6 566.7 258.6 536.7 258.6 wheat 0
190.0 177.5 314.4 190.0 310.5 228.8 186.1 216.3 wheat 0
152.7 278.6 202.7 278.6 202.7 327.6 152.7 327.6 wheat 0
243.7 611.6 191.1 633.9 129.1 487.1 181.7 464.9 wheat 0
231.7 627.6 268.7 627.6 268.7 725.6 231.7 725.6 wheat 0
86.5 740.6 21.9 767.9 5.7 729.6 70.3 702.3 wheat 0
474.2 673.6 521.7 747.6 478.9 775.1 431.4 701.2 wheat 0
673.6 705.0 613.8 717.1 602.9 663.2 662.7 651.1 wheat 0
680.7 867.6 631.8 901.1 604.2 860.9 653.2 827.4 wheat 0
757.5 94.7 835.7 216.6 805.9 235.8 727.6 113.9 wheat 0
868.0 102.2 920.6 138.2 858.7 228.6 806.1 192.6 wheat 0
951.3 169.2 972.6 224.2 937.2 238.0 915.8 183.0 wheat 0
791.7 289.6 854.7 289.6 854.7 330.6 791.7 330.6 wheat 0
968.9 647.6 938.7 678.6 911.5 652.2 941.7 621.1 wheat 0
983.7 783.6 1020.7 783.6 1020.7 861.6 983.7 861.6 wheat 0
