638.0 561.5 727.5 599.3 693.0 680.9 603.5 643.1 wheat 0
963.5 963.3 919.0 987.6 875.3 907.8 919.8 883.4 wheat 0
197.7 838.7 264.5 859.3 236.9 948.4 170.1 927.8 wheat 0
159.5 789.3 84.8 812.4 67.4 756.4 142.1 733.3 wheat 0
372.9 520.8 315.2 526.6 305.9 433.1 363.5 427.3 wheat 0
815.8 410.0 870.2 447.3 815.5 527.3 761.0 490.1 wheat 0
598.5 721.3 659.5 721.3 659.5 802.3 598.5 802.3 wheat 0
592.6 4.0 621.8 61.4 531.5 107.3 502.3 50.0 wheat 0
614.5 150.3 694.5 150.3 694.5 221.3 614.5 221.3 wheat 0
254.7 449.8 213.5 492.3 139.3 420.3 180.6 377.8 wheat 0
450.5 615.3 514.5 615.3 514.5 698.3 450.5 698.3 wheat 0
531.4 735.2 420.1 796.0 387.5 736.3 498.8 675.5 wheat 0
784.5 496.3 752.9 545.6 675.6 495.9 707.2 446.7 wheat 0
353.2 380.1 292.5 413.3 242.8 322.4 303.6 289.3 wheat 0
167.2 223.1 111.3 246.8 77.6 166.9 133.5 143.3 wheat 0
