161.4 375.4 110.5 403.2 64.9 319.8 115.8 292.0 wheat 0
448.1 177.1 539.1 177.1 539.1 242.1 448.1 242.1 wheat 0
252.1 251.1 345.1 251.1 345.1 333.1 252.1 333.1 wheat 0
200.1 93.1 285.1 93.1 285.1 135.1 200.1 135.1 wheat 0
817.1 212.1 728.3 303.6 540.5 121.2 629.4 29.7 wheat 0
548.1 203.1 649.1 203.1 649.1 371.1 548.1 371.1 wheat 0
592.1 602.1 700.1 602.1 700.1 920.1 592.1 920.1 wheat 0
1021.7 490.9 957.1 535.1 871.8 410.4 936.4 366.2 wheat 0
195.5 713.3 147.2 739.7 87.8 630.9 136.1 604.5 wheat 0
770.1 720.1 906.1 720.1 906.1 837.1 770.1 837.1 wheat 0
846.7 817.3 777.7 888.3 648.6 762.9 717.6 691.9 wheat 0
-0.0 774.0 199.1 774.0 199.1 874.1 -0.0 874.1 wheat 0
-0.0 859.0 80.1 859.0 80.1 1003.1 -0.0 1003.1 wheat 0
952.0 76.6 1023.0 125.2 940.0 246.5 869.0 198.0 wheat 0
317.1 0.1 407.1 0.1 407.1 62.1 317.1 62.1 wheat 0
