567.6 804.3 535.3 818.0 520.9 783.9 553.2 770.3 wheat 0
439.5 717.0 466.6 735.6 444.7 767.6 417.6 749.0 wheat 0
463.7 487.6 417.4 559.8 381.5 536.8 427.8 464.6 wheat 0
656.9 572.5 690.1 579.3 682.7 615.6 649.5 608.9 wheat 0
904.8 803.8 882.2 808.4 871.7 756.4 894.2 751.9 wheat 0
763.8 787.6 807.6 792.0 801.7 850.7 757.9 846.3 wheat 0
196.8 784.4 288.1 834.3 274.7 858.8 183.4 809.0 wheat 0
287.4 794.7 341.3 844.0 327.1 859.5 273.2 810.3 wheat 0
64.9 226.6 167.0 236.8 161.7 289.6 59.6 279.4 wheat 0
251.3 308.7 323.9 323.4 316.7 358.6 244.2 343.9 wheat 0
472.7 201.0 506.9 207.9 489.0 296.6 454.7 289.6 wheat 0
768.6 240.6 795.1 246.0 780.7 316.6 754.2 311.2 wheat 0
918.9 357.7 954.4 382.0 907.5 450.5 872.1 426.2 wheat 0
576.7 86.1 624.3 135.1 585.7 172.6 538.1 123.5 wheat 0
514.7 4.6 563.7 4.6 563.7 78.6 514.7 78.6 wheat 0
156.7 115.6 122.7 126.1 109.8 84.3 143.8 73.7 wheat 0
206.4 65.6 180.8 83.1 166.1 61.6 191.7 44.1 wheat 0
661.8 277.0 725.6 289.9 717.7 328.6 654.0 315.7 wheat 0
941.7 394.6 968.7 394.6 968.7 428.6 941.7 428.6 wheat 0
12.7 772.6 113.7 772.6 113.7 818.6 12.7 818.6 wheat 0
290.7 578.6 333.7 607.9 316.7 632.7 273.8 603.3 wheat 0
25.7 258.6 63.7 258.6 63.7 305.6 25.7 305.6 wheat 0
324.7 77.6 354.7 77.6 354.7 125.6 324.7 125.6 wheat 0
