512.0 811.1 567.9 822.5 544.4 938.1 488.6 926.8 wheat 0
603.5 972.8 566.3 998.2 533.0 949.5 570.1 924.1 wheat 0
526.3 859.3 485.9 887.0 418.1 787.9 458.6 760.3 wheat 0
457.9 862.0 492.2 869.0 474.5 956.2 440.2 949.3 wheat 0
279.4 852.2 395.3 888.1 378.7 941.6 262.8 905.8 wheat 0
266.4 789.6 307.2 823.9 204.7 945.6 163.9 911.3 wheat 0
328.3 714.0 290.3 740.0 267.2 706.2 305.1 680.2 wheat 0
448.7 688.6 376.4 749.6 349.2 717.3 421.6 656.4 wheat 0
817.7 1017.6 759.5 1023.5 748.4 912.5 806.6 906.6 wheat 0
900.4 789.6 939.7 816.6 874.7 911.6 835.4 884.7 wheat 0
904.7 773.6 1022.7 773.6 1022.7 829.6 904.7 829.6 wheat 0
864.9 926.2 906.4 948.9 879.7 997.6 838.3 975.0 wheat 0
908.4 918.5 935.1 923.9 916.7 1014.6 890.0 1009.2 wheat 0
857.6 693.9 900.6 717.4 868.9 775.3 825.9 751.8 wheat 0
798.8 649.8 842.6 663.4 814.7 753.6 770.9 740.0 wheat 0
563.9 602.5 675.0 625.0 662.7 685.6 551.6 663.1 wheat 0
625.5 551.5 715.2 560.5 709.7 614.6 620.1 605.6 wheat 0
918.7 592.6 1021.7 592.6 1021.7 645.6 918.7 645.6 wheat 0
978.1 457.7 1022.8 503.7 945.7 578.6 901.0 532.6 wheat 0
845.7 332.9 965.6 387.9 937.7 448.6 817.8 393.6 wheat 0
798.8 412.5 844.7 437.6 796.8 525.3 750.9 500.2 wheat 0
693.7 433.2 632.5 452.1 619.8 411.0 681.0 392.1 wheat 0
601.8 506.3 491.0 540.6 475.6 490.9 586.5 456.6 wheat 0
571.1 393.4 512.3 418.2 482.0 346.5 540.7 321.6 wheat 0
480.7 394.6 423.0 412.5 383.9 286.1 441.6 268.2 wheat 0
802.7 428.6 736.9 484.0 705.6 446.9 771.4 391.4 wheat 0
940.8 319.8 1012.4 334.3 1003.6 377.4 932.1 362.9 wheat 0
980.4 389.1 1023.6 397.9 1001.7 505.6 958.5 496.9 wheat 0
815.7 274.6 664.1 378.3 637.3 339.1 788.9 235.4 wheat 0
823.1 147.4 863.7 164.6 833.0 237.3 792.4 220.1 wheat 0
814.2 206.1 867.9 211.5 861.3 278.1 807.5 272.8 wheat 0
374.7 169.6 412.7 169.6 412.7 250.6 374.7 250.6 wheat 0
361.0 146.1 397.3 157.3 382.5 205.1 346.2 193.9 wheat 0
287.0 76.0 337.7 91.6 295.4 228.3 244.8 212.6 wheat 0
332.7 300.6 289.2 324.4 251.2 254.8 294.7 231.0 wheat 0
182.1 536.5 327.4 551.1 321.3 611.8 176.1 597.2 wheat 0
102.7 733.6 149.7 733.6 149.7 868.6 102.7 868.6 wheat 0
167.4 810.4 215.6 851.0 193.1 877.8 144.9 837.2 wheat 0
39.1 721.5 113.5 736.6 104.4 781.7 29.9 766.6 wheat 0
94.7 673.6 29.8 693.7 11.4 634.2 76.3 614.1 wheat 0
166.9 591.7 110.2 597.3 105.6 551.6 162.3 545.9 wheat 0
135.7 416.6 78.8 455.5 9.0 353.5 65.9 314.6 wheat 0
110.5 247.2 206.7 346.2 173.0 379.0 76.8 280.0 wheat 0
331.4 74.1 264.8 87.6 250.1 15.1 316.7 1.6 wheat 0
670.4 0.5 725.6 23.9 687.1 115.1 631.8 91.7 wheat 0
