626.3 675.5 674.5 701.9 658.2 731.7 610.0 705.4 wheat 0
685.3 828.5 645.5 832.5 642.2 799.7 682.0 795.7 wheat 0
853.1 802.8 887.3 838.0 869.3 855.4 835.2 820.2 wheat 0
918.7 747.6 948.7 747.6 948.7 783.6 918.7 783.6 wheat 0
959.8 972.5 909.8 999.8 890.6 964.7 940.7 937.4 wheat 0
700.1 934.3 717.6 941.7 704.4 973.0 686.9 965.6 wheat 0
949.4 587.2 931.2 599.6 904.1 560.0 922.3 547.6 wheat 0
985.6 695.2 1023.8 716.0 1002.7 754.6 964.5 733.7 wheat 0
735.3 368.7 776.7 403.6 753.9 430.8 712.4 395.9 wheat 0
748.4 309.7 723.6 317.4 709.1 270.6 733.9 262.9 wheat 0
555.4 249.9 584.6 286.7 561.1 305.3 531.9 268.5 wheat 0
510.9 238.3 529.3 253.8 510.6 275.9 492.2 260.5 wheat 0
408.9 166.7 475.1 194.7 455.7 240.6 389.5 212.6 wheat 0
275.0 133.1 347.0 182.4 316.7 226.6 244.7 177.3 wheat 0
162.7 202.6 223.7 202.6 223.7 255.6 162.7 255.6 wheat 0
28.0 178.0 75.8 192.8 65.4 226.2 17.7 211.4 wheat 0
906.7 255.6 946.7 255.6 946.7 307.6 906.7 307.6 wheat 0
501.3 98.5 559.1 138.0 542.2 162.8 484.4 123.2 wheat 0
679.7 16.6 732.7 16.6 732.7 99.6 679.7 99.6 wheat 0
734.0 13.8 777.2 22.6 765.4 80.4 722.3 71.7 wheat 0
1022.2 495.2 992.1 498.2 985.6 433.3 1015.7 430.3 wheat 0
1019.9 207.0 974.3 231.9 957.5 201.2 1003.2 176.3 wheat 0
