406.7 561.6 454.7 561.6 454.7 689.6 406.7 689.6 wheat 0
899.1 542.9 1022.1 669.5 977.7 712.6 854.7 585.9 wheat 0
1015.4 600.6 966.4 610.6 946.1 510.6 995.1 500.7 wheat 0
809.7 287.6 768.1 310.3 721.3 224.6 762.9 201.9 wheat 0
676.3 54.6 712.6 65.9 677.7 178.6 641.4 167.4 wheat 0
821.3 54.4 873.7 59.6 865.6 141.1 813.2 135.8 wheat 0
902.2 124.4 941.3 164.7 917.7 187.6 878.6 147.3 wheat 0
859.7 223.6 960.7 223.6 960.7 261.6 859.7 261.6 wheat 0
799.8 276.9 884.1 303.0 873.7 336.6 789.4 310.5 wheat 0
568.6 451.4 733.5 521.2 714.7 565.6 549.8 495.9 wheat 0
756.8 612.1 844.4 748.6 800.7 776.6 713.1 640.2 wheat 0
686.0 752.6 829.0 781.6 819.5 828.6 676.4 799.6 wheat 0
671.5 831.5 824.4 862.5 816.0 903.7 663.1 872.7 wheat 0
873.7 867.6 967.5 907.2 948.7 951.6 855.0 912.0 wheat 0
746.7 931.6 676.5 961.3 662.3 928.0 732.6 898.2 wheat 0
805.7 901.6 887.9 986.2 857.0 1016.1 774.9 931.6 wheat 0
484.7 451.8 519.2 458.8 496.7 569.6 462.2 562.6 wheat 0
501.1 559.0 562.4 622.1 534.4 649.3 473.1 586.1 wheat 0
545.8 625.2 577.6 628.4 571.7 687.1 539.9 683.9 wheat 0
404.7 559.6 460.7 559.6 460.7 696.6 404.7 696.6 wheat 0
351.7 553.6 393.7 553.6 393.7 639.6 351.7 639.6 wheat 0
497.1 805.9 463.9 857.6 435.5 839.4 468.7 787.6 wheat 0
542.2 925.6 578.7 971.6 542.7 1000.2 506.2 954.3 wheat 0
456.8 408.7 380.2 416.4 377.6 390.5 454.2 382.8 wheat 0
412.3 433.3 384.8 476.3 356.2 457.9 383.7 415.0 wheat 0
109.8 455.4 240.3 544.7 215.7 580.6 85.2 491.3 wheat 0
64.7 497.7 175.7 573.6 151.7 608.6 40.7 532.7 wheat 0
266.1 646.5 321.4 684.3 302.7 711.6 247.5 673.8 wheat 0
268.7 723.6 203.6 751.1 189.4 717.5 254.5 690.0 wheat 0
205.5 748.2 274.1 755.1 271.0 786.0 202.4 779.1 wheat 0
359.7 844.0 305.2 873.8 291.8 849.2 346.2 819.5 wheat 0
23.7 856.6 104.7 856.6 104.7 898.6 23.7 898.6 wheat 0
134.5 895.9 177.6 919.4 121.7 1021.6 78.7 998.1 wheat 0
407.7 347.6 366.2 360.5 327.9 236.8 369.5 224.0 wheat 0
264.2 96.9 166.7 163.6 136.5 119.4 233.9 52.7 wheat 0
378.2 109.6 312.7 211.6 280.1 190.7 345.6 88.6 wheat 0
470.3 259.7 590.8 297.0 579.7 332.6 459.3 295.4 wheat 0
65.7 207.6 20.7 212.1 9.9 104.0 54.9 99.5 wheat 0
127.7 319.6 84.4 333.0 44.8 204.8 88.1 191.4 wheat 0
514.7 141.5 498.1 144.9 489.7 103.7 506.4 100.3 wheat 0
470.7 34.6 510.7 34.6 510.7 81.6 470.7 81.6 wheat 0
59.8 838.9 39.9 863.9 -2.4 830.4 17.5 805.3 wheat 0
