775.8 534.4 868.1 597.5 845.2 631.0 752.9 567.8 wheat 0
882.1 694.5 826.5 718.0 793.1 639.0 848.7 615.5 wheat 0
752.1 533.5 806.1 601.5 781.2 621.2 727.3 553.2 wheat 0
716.2 449.4 772.2 473.0 755.1 513.5 699.1 489.9 wheat 0
786.1 406.5 757.5 435.9 684.1 364.5 712.6 335.1 wheat 0
830.0 404.2 886.1 421.5 877.8 448.3 821.7 431.0 wheat 0
869.1 279.5 839.7 309.7 767.6 239.7 796.9 209.5 wheat 0
751.1 205.5 710.2 233.5 651.9 148.3 692.8 120.3 wheat 0
616.3 192.2 669.1 246.5 644.4 270.5 591.6 216.2 wheat 0
660.1 227.6 714.4 250.6 703.1 277.5 648.8 254.6 wheat 0
690.1 311.5 655.3 347.3 586.3 280.3 621.1 244.5 wheat 0
662.1 329.5 639.4 358.1 582.5 313.0 605.2 284.4 wheat 0
587.1 283.5 564.1 312.5 477.0 243.4 500.0 214.4 wheat 0
656.1 523.5 626.4 548.5 551.9 460.0 581.6 435.1 wheat 0
493.1 442.5 452.9 470.0 383.3 368.3 423.5 340.8 wheat 0
331.1 412.5 296.6 431.3 252.7 350.9 287.2 332.1 wheat 0
435.1 580.5 418.7 622.6 334.3 589.8 350.7 547.7 wheat 0
537.1 706.5 505.1 728.4 453.5 653.1 485.5 631.2 wheat 0
744.1 874.5 711.2 881.2 698.6 819.0 731.5 812.3 wheat 0
388.1 655.5 347.6 677.6 308.4 605.8 348.8 583.7 wheat 0
365.1 746.5 322.9 769.6 271.9 676.3 314.1 653.2 wheat 0
464.1 764.5 423.1 799.0 333.0 692.0 373.9 657.5 wheat 0
436.8 675.4 390.9 689.6 377.3 645.6 423.2 631.4 wheat 0
617.1 849.5 584.2 863.4 552.3 787.8 585.1 774.0 wheat 0
683.1 965.5 642.5 993.2 582.1 904.9 622.6 877.1 wheat 0
247.1 879.5 213.5 914.0 144.3 846.7 177.8 812.2 wheat 0
158.1 814.5 121.7 851.9 32.0 764.8 68.4 727.4 wheat 0
183.1 923.5 86.6 943.1 78.2 901.7 174.7 882.2 wheat 0
404.1 909.5 482.1 909.5 482.1 948.5 404.1 948.5 wheat 0
553.1 929.5 524.3 965.7 489.3 937.9 518.0 901.7 wheat 0
563.7 916.7 603.2 957.3 573.1 986.5 533.6 945.9 wheat 0
447.8 944.5 523.9 976.7 507.1 1016.5 431.0 984.3 wheat 0
983.1 946.5 935.8 951.3 930.0 893.5 977.3 888.7 wheat 0
861.9 710.0 836.1 742.5 791.2 706.9 817.1 674.4 wheat 0
1009.1 660.5 980.7 679.9 943.6 625.6 971.9 606.2 wheat 0
957.1 583.5 920.9 587.1 915.6 534.6 951.8 531.0 wheat 0
858.1 544.5 915.1 544.5 915.1 586.5 858.1 586.5 wheat 0
943.0 624.7 986.1 669.2 961.1 693.5 917.9 649.1 wheat 0
966.1 618.5 935.2 639.7 903.0 592.6 933.9 571.5 wheat 0
908.1 379.5 857.7 395.1 838.9 334.5 889.3 318.9 wheat 0
278.1 472.6 367.1 533.5 344.9 565.9 255.9 505.0 wheat 0
209.4 531.4 290.1 575.5 267.6 616.6 186.9 572.5 wheat 0
143.4 594.8 244.5 637.5 222.1 690.5 121.0 647.8 wheat 0
149.1 450.5 112.5 488.2 35.8 413.8 72.4 376.1 wheat 0
306.1 290.5 273.1 324.4 204.9 258.1 237.8 224.2 wheat 0
336.1 239.5 285.0 261.1 247.6 172.7 298.7 151.1 wheat 0
133.1 243.5 111.1 277.7 52.8 240.3 74.7 206.1 wheat 0
42.7 219.5 102.1 269.5 70.5 307.0 11.1 257.0 wheat 0
151.4 380.4 248.1 446.5 222.8 483.4 126.1 417.3 wheat 0
320.1 477.5 282.5 509.2 220.4 435.4 257.9 403.8 wheat 0
146.1 960.5 248.1 960.5 248.1 1005.5 146.1 1005.5 wheat 0
0.1 941.5 90.1 941.5 90.1 996.5 0.1 996.5 wheat 0
394.1 459.5 363.0 476.5 337.5 429.7 368.5 412.7 wheat 0
876.2 155.0 969.4 218.7 938.1 264.5 844.9 200.8 wheat 0
967.1 211.5 939.6 223.1 907.1 146.5 934.6 134.8 wheat 0
973.1 155.5 943.2 168.1 915.3 102.0 945.1 89.4 wheat 0
818.4 48.2 902.2 134.5 866.1 169.5 782.3 83.2 wheat 0
900.1 115.5 864.9 122.6 848.6 41.9 883.7 34.8 wheat 0
811.0 118.9 872.3 131.3 861.1 186.5 799.8 174.1 wheat 0
