490.4 653.3 628.9 681.4 616.7 741.6 478.2 713.5 wheat 0
568.2 587.5 633.1 607.6 621.3 645.8 556.3 625.7 wheat 0
555.7 547.6 485.4 554.7 480.0 500.4 550.3 493.3 wheat 0
718.5 639.9 799.7 665.1 787.9 703.3 706.7 678.2 wheat 0
712.1 754.3 638.5 777.1 626.4 737.9 700.0 715.2 wheat 0
935.0 872.5 980.8 886.7 954.5 971.7 908.7 957.5 wheat 0
783.1 987.8 741.7 1022.6 652.4 916.6 693.7 881.8 wheat 0
553.4 863.0 612.1 868.9 599.1 998.2 540.4 992.3 wheat 0
462.7 906.6 506.7 906.6 506.7 991.6 462.7 991.6 wheat 0
308.5 992.8 268.9 1019.9 235.0 970.4 274.6 943.3 wheat 0
355.7 767.6 256.8 777.5 251.3 723.4 350.3 713.5 wheat 0
287.1 567.0 320.1 589.6 296.4 624.2 263.4 601.7 wheat 0
337.7 547.6 300.4 551.4 296.3 510.5 333.6 506.8 wheat 0
201.1 328.6 230.9 341.2 205.7 400.6 175.9 388.0 wheat 0
51.4 375.3 97.4 394.8 68.7 462.6 22.7 443.2 wheat 0
80.7 604.6 124.7 604.6 124.7 641.6 80.7 641.6 wheat 0
115.7 717.6 61.0 740.8 44.1 700.7 98.8 677.6 wheat 0
910.7 514.6 821.2 552.5 802.7 508.7 892.2 470.8 wheat 0
750.9 407.3 709.6 442.1 660.6 383.9 701.9 349.2 wheat 0
777.7 306.6 744.0 335.1 677.6 256.3 711.4 227.9 wheat 0
537.9 273.6 623.4 332.1 595.7 372.6 510.2 314.1 wheat 0
533.6 315.8 463.7 374.6 425.5 329.2 495.4 270.4 wheat 0
563.7 162.6 508.0 200.7 475.2 152.7 530.9 114.6 wheat 0
639.0 85.4 588.7 119.9 569.5 91.8 619.8 57.4 wheat 0
744.7 120.6 638.0 142.2 629.7 101.1 736.4 79.4 wheat 0
699.3 39.4 769.7 87.6 751.9 113.7 681.4 65.6 wheat 0
905.0 26.0 952.9 58.7 922.4 103.3 874.6 70.5 wheat 0
983.7 574.6 1023.0 574.6 1023.0 619.2 983.7 619.2 wheat 0
872.9 52.4 809.4 95.9 793.6 72.8 857.1 29.3 wheat 0
223.7 125.6 162.7 151.4 142.0 102.6 203.1 76.8 wheat 0
115.4 183.2 89.9 197.1 63.1 148.0 88.5 134.1 wheat 0
649.1 490.8 677.7 526.8 664.4 537.4 635.8 501.4 wheat 0
