301.4 400.5 351.0 447.5 263.3 540.0 213.7 493.0 wheat 0
364.3 455.0 438.3 455.0 438.3 502.0 364.3 502.0 wheat 0
486.3 332.0 543.3 332.0 543.3 373.0 486.3 373.0 wheat 0
429.7 119.1 540.6 153.4 524.9 204.0 414.1 169.7 wheat 0
640.9 96.8 678.5 135.5 611.8 200.3 574.2 161.6 wheat 0
892.1 288.4 828.4 301.4 805.5 188.6 869.2 175.7 wheat 0
761.8 373.4 825.9 408.4 803.8 448.7 739.8 413.7 wheat 0
922.1 491.8 846.6 507.1 835.5 452.2 911.0 437.0 wheat 0
842.1 597.5 778.1 617.3 743.5 505.6 807.5 485.8 wheat 0
704.8 531.1 768.5 544.0 758.8 592.0 695.1 579.1 wheat 0
781.2 614.4 935.4 698.6 901.3 761.0 747.1 676.8 wheat 0
808.3 684.0 854.3 684.0 854.3 805.0 808.3 805.0 wheat 0
1023.4 577.0 981.3 630.0 869.6 541.4 911.7 488.3 wheat 0
783.2 898.8 735.3 948.0 618.9 835.0 666.7 785.7 wheat 0
479.3 909.0 580.3 909.0 580.3 970.0 479.3 970.0 wheat 0
391.4 859.6 458.5 880.4 428.3 978.0 361.2 957.3 wheat 0
272.3 931.0 218.5 936.4 206.4 815.0 260.1 809.7 wheat 0
316.1 825.0 268.8 850.8 228.5 777.1 275.9 751.2 wheat 0
385.9 684.4 315.6 743.7 282.7 704.7 353.1 645.4 wheat 0
248.2 511.4 300.9 540.1 240.4 650.7 187.8 621.9 wheat 0
194.7 540.4 235.7 592.1 148.0 661.7 106.9 610.0 wheat 0
345.9 377.7 291.4 407.5 248.8 329.4 303.2 299.6 wheat 0
213.7 328.1 155.8 339.8 134.0 232.0 191.8 220.3 wheat 0
102.4 371.1 169.7 407.9 119.3 500.0 52.1 463.3 wheat 0
98.1 358.7 51.6 384.1 7.5 303.4 54.0 278.0 wheat 0
115.0 788.2 64.9 815.6 24.7 741.8 74.7 714.5 wheat 0
704.3 1011.0 606.7 1020.8 599.3 947.9 697.0 938.1 wheat 0
801.8 44.0 851.4 77.9 780.8 181.1 731.3 147.2 wheat 0
733.3 13.0 794.3 13.0 794.3 74.0 733.3 74.0 wheat 0
