868.7 320.6 633.5 368.3 621.3 308.4 856.6 260.7 wheat 0
496.5 327.3 552.9 344.8 534.0 405.9 477.6 388.5 wheat 0
477.6 371.8 426.7 414.6 398.4 380.9 449.2 338.1 wheat 0
925.1 465.7 1024.9 475.7 1020.6 518.6 920.8 508.6 wheat 0
775.2 542.5 919.9 571.9 913.4 603.9 768.7 574.6 wheat 0
818.7 614.6 783.8 644.1 737.4 589.0 772.3 559.5 wheat 0
1002.1 846.6 966.5 861.7 911.2 730.7 946.7 715.6 wheat 0
918.6 662.5 958.7 670.6 946.6 730.4 906.4 722.3 wheat 0
877.2 787.0 984.7 860.6 960.3 896.3 852.8 822.7 wheat 0
828.7 804.6 783.7 818.5 770.9 777.2 815.9 763.3 wheat 0
862.0 861.6 955.3 925.4 930.4 961.7 837.2 897.9 wheat 0
583.2 714.9 625.0 719.1 608.2 886.3 566.5 882.1 wheat 0
575.3 832.2 430.0 846.8 426.2 808.0 571.4 793.4 wheat 0
460.6 549.5 506.3 561.7 450.7 770.6 405.0 758.4 wheat 0
613.7 284.9 538.7 316.6 523.5 280.6 598.5 248.9 wheat 0
586.4 246.7 470.7 295.6 457.4 264.2 573.1 215.3 wheat 0
426.1 284.8 190.4 318.0 183.4 268.5 419.1 235.3 wheat 0
529.1 182.8 416.7 194.1 411.3 140.4 523.8 129.1 wheat 0
684.9 137.4 640.7 161.5 590.6 69.7 634.7 45.6 wheat 0
708.5 41.9 537.3 59.1 533.0 16.3 704.2 -0.9 wheat 0
771.7 75.6 747.5 106.1 687.2 58.3 711.4 27.8 wheat 0
946.8 34.1 853.6 97.9 823.6 54.1 916.9 -9.7 wheat 0
990.9 135.1 952.5 156.0 912.4 82.6 950.7 61.6 wheat 0
803.2 237.8 892.7 275.6 883.0 298.7 793.4 260.9 wheat 0
295.7 724.6 343.7 724.6 343.7 764.6 295.7 764.6 wheat 0
341.5 798.2 265.7 893.6 232.2 867.0 307.9 771.6 wheat 0
426.6 906.5 300.7 992.6 276.9 957.8 402.8 871.6 wheat 0
248.7 982.6 410.7 982.6 410.7 1023.6 248.7 1023.6 wheat 0
423.0 943.4 470.7 948.2 464.5 1009.9 416.8 1005.1 wheat 0
287.7 689.6 215.1 739.3 195.6 710.8 268.2 661.1 wheat 0
405.7 581.6 307.8 648.6 279.7 607.6 377.7 540.6 wheat 0
270.7 506.6 304.7 510.0 292.7 629.6 258.7 626.2 wheat 0
281.7 631.6 249.0 638.2 230.2 545.2 262.9 538.6 wheat 0
340.3 507.1 312.5 526.2 264.9 456.6 292.7 437.6 wheat 0
165.1 377.7 214.5 393.0 135.7 647.6 86.3 632.3 wheat 0
214.6 643.3 103.7 736.6 70.9 697.6 181.7 604.2 wheat 0
70.3 856.4 33.5 872.0 0.0 792.8 36.8 777.2 wheat 0
72.7 328.6 114.5 371.6 88.7 396.7 46.9 353.6 wheat 0
164.3 10.0 218.7 26.9 194.2 106.2 139.7 89.3 wheat 0
171.1 154.8 139.6 168.2 90.1 51.3 121.7 38.0 wheat 0
65.6 322.5 36.0 335.0 11.1 276.1 40.7 263.6 wheat 0
225.5 918.7 263.2 939.3 221.0 1016.5 183.3 995.9 wheat 0
271.4 144.0 331.6 162.6 323.0 190.3 262.9 171.7 wheat 0
