568.3 715.8 689.4 840.4 638.7 889.6 517.7 765.0 wheat 0
722.6 867.0 810.5 894.2 796.9 938.2 709.0 911.0 wheat 0
765.7 818.6 822.7 818.6 822.7 860.6 765.7 860.6 wheat 0
498.7 851.6 445.9 862.3 423.3 750.9 476.1 740.2 wheat 0
515.7 882.8 471.6 891.7 464.8 858.4 508.9 849.5 wheat 0
514.7 865.6 655.7 865.6 655.7 919.6 514.7 919.6 wheat 0
556.7 1001.6 488.9 1022.6 451.0 900.2 518.9 879.2 wheat 0
418.7 964.6 466.9 964.6 466.9 1024.0 418.7 1024.0 wheat 0
278.7 756.6 365.7 756.6 365.7 801.6 278.7 801.6 wheat 0
370.4 608.9 445.5 624.1 425.7 721.6 350.7 706.4 wheat 0
330.5 958.7 277.8 964.0 267.9 865.5 320.7 860.2 wheat 0
381.4 903.0 233.1 965.7 221.1 937.2 369.3 874.5 wheat 0
184.6 942.0 244.2 967.3 226.7 1008.6 167.1 983.4 wheat 0
130.3 928.9 166.1 959.0 116.7 1017.6 80.9 987.5 wheat 0
224.4 757.4 272.8 777.9 240.7 853.6 192.4 833.2 wheat 0
219.3 585.0 263.3 622.0 193.7 704.6 149.7 667.5 wheat 0
95.7 818.6 23.6 833.2 6.1 746.9 78.2 732.3 wheat 0
911.8 796.5 957.9 816.0 930.0 881.9 883.9 862.4 wheat 0
1023.7 883.6 984.3 891.6 973.0 835.8 1012.4 827.8 wheat 0
886.3 595.5 1008.4 662.2 979.7 714.6 857.6 647.9 wheat 0
910.7 526.6 861.5 541.8 850.7 506.9 899.9 491.6 wheat 0
711.7 188.6 507.0 275.2 481.6 215.0 686.3 128.4 wheat 0
744.7 253.6 649.7 305.5 629.2 268.0 724.2 216.1 wheat 0
310.5 274.7 407.1 304.6 393.7 347.6 297.2 317.7 wheat 0
279.7 255.6 151.9 309.7 132.9 264.9 260.8 210.8 wheat 0
97.0 214.4 148.7 242.6 96.8 337.8 45.1 309.5 wheat 0
143.7 398.6 100.3 407.4 89.2 352.5 132.6 343.7 wheat 0
152.9 366.4 318.1 399.9 305.7 460.6 140.6 427.1 wheat 0
265.6 147.7 306.4 151.8 300.8 207.5 260.0 203.4 wheat 0
257.7 483.6 126.8 524.1 117.6 494.4 248.6 453.9 wheat 0
