576.4 354.1 535.3 418.0 440.2 357.0 481.3 293.0 wheat 0
631.7 450.5 543.5 468.4 531.0 406.6 619.2 388.7 wheat 0
601.5 230.0 631.7 277.2 571.2 316.1 540.9 268.9 wheat 0
936.1 286.7 873.4 292.9 863.6 195.4 926.3 189.1 wheat 0
956.0 450.0 859.3 490.9 833.6 430.1 930.3 389.2 wheat 0
721.5 479.4 792.2 501.3 775.1 556.7 704.4 534.8 wheat 0
777.3 566.0 842.3 566.0 842.3 640.0 777.3 640.0 wheat 0
941.2 606.3 971.0 665.0 839.3 732.0 809.5 673.4 wheat 0
635.3 727.0 692.3 727.0 692.3 846.0 635.3 846.0 wheat 0
525.9 793.7 573.8 813.9 526.7 925.4 478.8 905.1 wheat 0
184.2 781.2 227.3 817.4 143.3 917.0 100.3 880.8 wheat 0
454.8 549.1 500.5 596.2 416.3 678.0 370.6 630.9 wheat 0
306.1 632.7 258.3 707.0 151.6 638.5 199.4 564.2 wheat 0
217.8 462.7 308.3 471.7 301.8 536.4 211.3 527.3 wheat 0
320.3 243.0 387.3 243.0 387.3 315.0 320.3 315.0 wheat 0
175.5 193.1 285.4 268.3 236.3 340.0 126.4 264.9 wheat 0
470.8 152.4 404.2 159.1 392.8 45.7 459.5 39.0 wheat 0
159.3 67.9 59.8 77.9 53.4 14.2 152.9 4.2 wheat 0
1024.6 629.4 944.2 645.7 934.1 595.7 1014.4 579.4 wheat 0
