913.4 538.1 962.7 565.1 918.7 645.6 869.4 618.7 wheat 0
989.7 788.6 931.4 813.3 912.7 768.8 971.0 744.2 wheat 0
988.7 927.1 1017.8 936.1 999.7 994.6 970.6 985.6 wheat 0
967.9 938.0 997.3 950.5 971.6 1011.2 942.1 998.8 wheat 0
922.7 972.6 939.7 972.6 939.7 993.6 922.7 993.6 wheat 0
838.7 963.6 885.0 963.6 885.0 1024.0 838.7 1024.0 wheat 0
706.7 982.6 758.7 982.6 758.7 1021.6 706.7 1021.6 wheat 0
682.3 934.4 721.4 946.5 710.2 982.8 671.0 970.7 wheat 0
712.7 882.6 763.7 882.6 763.7 917.6 712.7 917.6 wheat 0
673.7 831.6 723.7 831.6 723.7 848.6 673.7 848.6 wheat 0
847.4 752.9 812.7 776.6 763.1 704.1 797.8 680.4 wheat 0
889.7 733.6 855.8 747.9 826.7 679.0 860.6 664.6 wheat 0
849.0 494.2 826.0 517.8 799.5 492.1 822.5 468.4 wheat 0
850.7 364.6 806.7 373.5 793.5 308.7 837.6 299.8 wheat 0
901.0 297.7 876.5 302.7 867.5 258.5 892.0 253.6 wheat 0
887.7 163.6 799.2 238.2 766.7 199.5 855.2 125.0 wheat 0
813.9 20.5 891.1 62.7 867.6 105.7 790.4 63.5 wheat 0
982.7 63.6 1023.7 63.6 1023.7 105.6 982.7 105.6 wheat 0
571.0 0.0 622.7 0.0 622.7 56.6 571.0 56.6 wheat 0
570.7 264.6 517.7 275.4 498.6 181.1 551.6 170.3 wheat 0
607.3 431.1 575.2 458.2 548.1 426.1 580.3 399.0 wheat 0
481.5 341.4 517.8 366.3 484.0 415.8 447.6 391.0 wheat 0
550.7 511.7 609.7 603.6 561.8 634.4 502.7 542.4 wheat 0
531.7 625.6 579.7 625.6 579.7 668.6 531.7 668.6 wheat 0
518.7 814.6 568.7 814.6 568.7 859.6 518.7 859.6 wheat 0
516.7 956.6 573.7 956.6 573.7 1023.6 516.7 1023.6 wheat 0
515.7 750.6 474.1 785.7 414.2 714.5 455.8 679.5 wheat 0
327.7 970.6 382.7 970.6 382.7 1021.6 327.7 1021.6 wheat 0
260.3 927.9 220.6 968.8 186.2 935.3 225.9 894.4 wheat 0
99.7 764.6 162.7 764.6 162.7 887.6 99.7 887.6 wheat 0
134.7 684.1 183.8 711.0 160.8 753.1 111.7 726.3 wheat 0
318.5 612.2 273.7 616.7 266.0 539.1 310.7 534.6 wheat 0
201.6 329.6 152.5 356.4 131.9 318.7 181.0 291.8 wheat 0
104.6 306.9 144.1 328.5 127.8 358.3 88.3 336.7 wheat 0
10.9 206.7 74.7 219.6 67.3 256.5 3.4 243.6 wheat 0
204.7 4.6 246.7 4.6 246.7 50.6 204.7 50.6 wheat 0
92.7 849.6 18.8 872.5 4.1 825.2 78.1 802.3 wheat 0
695.7 91.6 723.7 91.6 723.7 120.6 695.7 120.6 wheat 0
