477.3 584.3 435.5 612.9 341.9 476.2 383.7 447.6 wheat 0
531.8 832.4 495.5 843.6 447.6 688.8 484.0 677.6 wheat 0
489.7 678.8 531.8 707.6 514.8 732.4 472.7 703.6 wheat 0
596.8 665.7 511.6 683.0 505.6 653.6 590.9 636.3 wheat 0
578.7 722.6 548.8 728.7 539.1 680.8 569.0 674.7 wheat 0
558.5 636.6 526.0 646.7 513.0 604.6 545.5 594.6 wheat 0
513.4 586.8 476.1 594.4 456.1 495.4 493.3 487.8 wheat 0
435.7 365.6 470.7 365.6 470.7 442.6 435.7 442.6 wheat 0
657.1 603.3 736.7 619.4 728.3 660.7 648.7 644.6 wheat 0
593.0 380.6 653.6 413.7 633.4 450.6 572.9 417.5 wheat 0
672.8 426.8 698.1 434.6 685.7 474.6 660.4 466.8 wheat 0
839.6 457.5 872.0 471.2 836.7 554.6 804.3 540.9 wheat 0
976.4 496.8 1007.0 502.4 990.7 591.6 960.2 586.1 wheat 0
1006.2 708.5 969.3 733.8 909.9 646.9 946.7 621.6 wheat 0
892.1 623.5 932.7 627.6 925.4 700.4 884.8 696.4 wheat 0
936.8 590.3 893.7 634.6 867.9 609.5 910.9 565.2 wheat 0
895.0 776.0 859.9 795.2 836.4 752.2 871.5 733.0 wheat 0
863.4 709.6 825.2 741.8 782.0 690.6 820.3 658.4 wheat 0
832.5 540.6 865.0 550.6 839.0 634.7 806.5 624.6 wheat 0
740.7 485.6 816.7 485.6 816.7 544.6 740.7 544.6 wheat 0
697.5 292.6 874.6 347.3 858.8 398.4 681.7 343.6 wheat 0
728.7 216.6 771.7 216.6 771.7 319.6 728.7 319.6 wheat 0
856.7 159.6 881.7 159.6 881.7 209.6 856.7 209.6 wheat 0
907.7 299.6 854.2 354.8 836.2 337.3 889.8 282.2 wheat 0
536.7 73.6 577.7 73.6 577.7 147.6 536.7 147.6 wheat 0
463.7 292.6 562.8 346.8 542.1 384.7 443.0 330.6 wheat 0
544.7 270.6 588.7 270.6 588.7 332.6 544.7 332.6 wheat 0
584.6 314.9 622.8 326.7 606.9 378.3 568.7 366.5 wheat 0
486.5 135.4 445.9 148.0 430.1 97.2 470.7 84.6 wheat 0
472.2 173.9 513.5 186.7 489.7 263.6 448.4 250.8 wheat 0
492.3 290.8 307.7 391.6 283.8 347.8 468.4 247.0 wheat 0
446.5 281.4 398.2 301.8 356.5 203.0 404.7 182.6 wheat 0
336.7 286.6 379.7 286.6 379.7 408.6 336.7 408.6 wheat 0
154.5 316.4 276.8 400.0 252.0 436.2 129.7 352.6 wheat 0
311.6 471.1 364.1 493.3 348.9 529.2 296.4 507.0 wheat 0
116.3 284.4 58.6 296.0 30.1 155.3 87.7 143.6 wheat 0
183.1 -0.3 307.7 85.0 283.4 120.5 158.8 35.2 wheat 0
264.2 645.8 221.2 659.1 179.7 524.9 222.7 511.6 wheat 0
320.7 681.3 398.7 761.6 360.6 798.7 282.6 718.4 wheat 0
789.2 896.9 739.5 938.8 639.0 819.5 688.7 777.6 wheat 0
773.4 979.2 728.8 1016.8 638.1 909.2 682.7 871.6 wheat 0
409.7 891.6 437.7 891.6 437.7 1014.6 409.7 1014.6 wheat 0
493.5 1003.4 460.2 1010.2 443.9 929.8 477.3 923.1 wheat 0
357.8 876.8 317.5 893.9 273.4 789.7 313.7 772.6 wheat 0
404.9 1015.7 365.7 1023.6 334.7 870.5 373.9 862.6 wheat 0
214.7 831.6 317.7 863.5 305.0 904.6 202.0 872.7 wheat 0
247.7 905.6 333.7 905.6 333.7 1023.0 247.7 1023.0 wheat 0
18.7 504.6 59.7 504.6 59.7 625.6 18.7 625.6 wheat 0
121.1 718.7 90.1 735.7 45.7 654.4 76.7 637.5 wheat 0
786.4 690.9 755.6 694.0 750.1 639.3 780.9 636.2 wheat 0
915.7 277.6 937.7 277.6 937.7 332.6 915.7 332.6 wheat 0
