608.7 528.6 660.7 528.6 660.7 615.6 608.7 615.6 wheat 0
854.0 389.1 893.5 397.1 870.7 509.6 831.2 501.6 wheat 0
789.5 233.0 822.7 239.7 810.7 298.6 777.6 291.9 wheat 0
734.7 327.6 699.7 346.8 663.8 281.2 698.9 262.0 wheat 0
610.6 252.1 576.7 270.6 534.5 193.3 568.3 174.8 wheat 0
620.8 78.5 666.6 83.1 660.7 141.8 614.9 137.2 wheat 0
707.1 59.2 750.2 68.0 730.4 166.0 687.2 157.2 wheat 0
780.1 60.1 810.5 66.3 798.4 126.1 768.0 119.9 wheat 0
274.6 242.0 237.7 280.0 201.8 245.2 238.8 207.2 wheat 0
7.7 166.3 76.3 173.1 72.8 208.0 4.2 201.1 wheat 0
80.2 298.2 127.9 324.3 104.7 366.6 57.0 340.6 wheat 0
65.9 370.4 97.2 383.6 77.7 429.6 46.5 416.4 wheat 0
182.2 635.5 105.8 651.0 99.2 618.7 175.7 603.2 wheat 0
48.0 546.0 85.8 562.0 62.4 617.2 24.7 601.3 wheat 0
16.6 644.4 57.3 652.6 44.7 714.6 4.0 706.4 wheat 0
127.8 676.3 176.6 696.9 156.7 743.9 107.9 723.3 wheat 0
290.7 573.6 336.7 573.6 336.7 629.6 290.7 629.6 wheat 0
407.2 700.6 370.4 704.3 365.3 653.6 402.1 649.9 wheat 0
338.4 728.4 298.9 750.0 272.1 700.8 311.6 679.3 wheat 0
424.3 525.4 461.5 532.9 451.2 583.9 413.9 576.3 wheat 0
504.6 473.9 475.0 483.1 459.9 434.3 489.5 425.2 wheat 0
536.4 381.2 594.3 412.9 575.1 448.0 517.2 416.3 wheat 0
746.1 629.7 815.1 658.9 798.4 698.5 729.3 669.3 wheat 0
831.7 758.4 864.6 786.1 822.7 835.8 789.9 808.1 wheat 0
878.7 801.6 942.7 801.6 942.7 841.6 878.7 841.6 wheat 0
633.7 774.6 690.7 774.6 690.7 805.6 633.7 805.6 wheat 0
507.2 725.7 482.7 756.6 459.5 738.2 484.0 707.3 wheat 0
391.7 768.6 428.7 768.6 428.7 823.6 391.7 823.6 wheat 0
324.7 783.6 355.7 783.6 355.7 821.6 324.7 821.6 wheat 0
211.7 939.6 244.7 939.6 244.7 977.6 211.7 977.6 wheat 0
283.9 897.7 312.5 927.1 294.6 944.5 266.0 915.1 wheat 0
146.7 250.6 189.7 250.6 189.7 279.6 146.7 279.6 wheat 0
