208.5 820.7 376.8 837.6 371.7 887.6 203.5 870.7 wheat 0
24.7 814.6 118.7 814.6 118.7 852.6 24.7 852.6 wheat 0
117.7 742.6 46.6 781.5 26.6 744.8 97.7 706.0 wheat 0
110.9 673.0 213.8 693.9 204.7 738.6 101.8 717.8 wheat 0
126.8 582.2 152.0 603.4 93.7 672.6 68.5 651.4 wheat 0
181.4 504.2 325.5 518.7 320.7 566.6 176.6 552.2 wheat 0
39.8 429.2 87.7 444.0 58.7 537.6 10.9 522.8 wheat 0
140.7 329.6 17.1 342.0 11.5 286.6 135.2 274.2 wheat 0
201.7 212.6 100.8 255.3 87.6 224.1 188.5 181.4 wheat 0
203.7 163.6 88.5 212.3 69.7 167.9 184.9 119.2 wheat 0
113.1 113.6 40.4 174.8 5.0 132.9 77.7 71.6 wheat 0
166.5 57.3 102.9 100.7 86.0 76.0 149.5 32.5 wheat 0
37.4 923.1 93.3 953.6 67.2 1001.2 11.4 970.7 wheat 0
810.7 930.6 954.7 930.6 954.7 980.6 810.7 980.6 wheat 0
917.4 874.6 820.9 904.5 807.0 859.6 903.5 829.7 wheat 0
977.7 570.6 858.4 582.6 852.8 527.1 972.2 515.1 wheat 0
914.7 451.6 790.8 464.1 784.5 401.6 908.5 389.2 wheat 0
1013.1 191.4 933.8 215.9 921.4 175.8 1000.7 151.3 wheat 0
946.7 726.6 1023.0 726.6 1023.0 765.7 946.7 765.7 wheat 0
998.9 362.0 1026.8 390.7 966.5 449.2 938.7 420.5 wheat 0
145.7 997.6 110.2 1017.0 82.8 966.8 118.3 947.4 wheat 0
