271.0 337.1 188.3 372.0 135.6 247.3 218.2 212.3 wheat 0
112.2 121.7 170.4 170.7 54.4 308.4 -3.7 259.4 wheat 0
358.4 175.4 228.1 188.5 223.2 139.7 353.5 126.6 wheat 0
376.3 258.0 530.3 258.0 530.3 327.0 376.3 327.0 wheat 0
525.2 211.9 670.5 226.5 663.4 297.2 518.1 282.6 wheat 0
608.3 128.0 653.3 128.0 653.3 224.0 608.3 224.0 wheat 0
946.9 200.5 887.0 225.8 838.7 111.6 898.6 86.3 wheat 0
574.3 296.0 738.3 296.0 738.3 363.0 574.3 363.0 wheat 0
553.6 405.8 436.7 455.3 402.0 373.3 519.0 323.8 wheat 0
607.3 379.0 687.3 379.0 687.3 515.0 607.3 515.0 wheat 0
592.3 509.0 678.3 509.0 678.3 598.0 592.3 598.0 wheat 0
555.8 526.5 606.3 569.0 488.3 709.0 437.9 666.5 wheat 0
558.0 700.3 652.1 719.4 636.6 795.8 542.5 776.7 wheat 0
558.3 765.0 623.3 765.0 623.3 897.0 558.3 897.0 wheat 0
729.9 1000.8 625.0 1022.1 613.7 966.2 718.6 945.0 wheat 0
268.8 878.7 199.1 900.2 164.8 789.4 234.5 767.8 wheat 0
915.5 420.2 1004.8 458.0 984.2 506.8 894.8 469.1 wheat 0
860.7 854.0 917.1 871.4 868.9 1027.1 812.6 1009.7 wheat 0
