534.2 498.4 592.6 530.2 535.1 635.5 476.7 603.6 wheat 0
646.7 326.4 719.3 357.1 640.1 544.5 567.5 513.8 wheat 0
573.3 437.4 687.1 485.5 665.1 537.4 551.4 489.4 wheat 0
794.1 663.5 727.4 684.1 710.4 629.1 777.0 608.5 wheat 0
847.1 767.4 753.1 786.5 740.5 724.3 834.5 705.2 wheat 0
819.1 904.5 772.0 930.2 720.5 836.0 767.6 810.3 wheat 0
953.1 988.5 904.7 1021.6 841.5 929.3 889.9 896.2 wheat 0
730.8 815.5 687.1 860.5 555.4 732.7 599.1 687.7 wheat 0
668.1 852.5 602.8 865.7 578.6 746.5 643.9 733.2 wheat 0
481.5 741.4 585.5 773.6 570.1 823.5 466.1 791.3 wheat 0
351.1 699.5 303.3 709.2 271.0 549.9 318.8 540.2 wheat 0
370.3 566.0 431.2 572.1 417.1 712.5 356.2 706.4 wheat 0
485.1 593.5 416.8 600.4 411.3 544.9 479.5 538.0 wheat 0
292.1 351.5 188.6 383.5 171.6 328.5 275.0 296.5 wheat 0
437.1 344.5 387.1 378.7 345.5 317.9 395.5 283.7 wheat 0
598.1 304.5 545.5 309.8 534.6 200.9 587.1 195.6 wheat 0
738.1 277.5 633.3 298.7 621.0 237.8 725.7 216.5 wheat 0
684.3 260.4 753.1 289.5 733.4 335.9 664.7 306.9 wheat 0
960.1 265.5 1024.0 265.5 1024.0 348.7 960.1 348.7 wheat 0
755.1 436.5 711.0 450.1 687.3 373.6 731.4 360.0 wheat 0
551.1 182.5 441.6 242.3 412.2 188.6 521.7 128.8 wheat 0
275.6 212.3 205.4 260.3 171.5 210.7 241.7 162.8 wheat 0
62.9 110.5 133.9 117.7 116.1 295.5 45.1 288.4 wheat 0
129.1 110.5 79.2 126.0 53.2 42.0 103.1 26.6 wheat 0
132.1 332.5 93.6 381.0 2.4 308.7 40.9 260.2 wheat 0
161.1 384.5 114.2 394.0 104.7 347.2 151.6 337.7 wheat 0
235.1 452.5 116.7 502.5 88.3 435.2 206.6 385.2 wheat 0
140.2 497.5 275.1 554.5 251.7 609.7 116.9 552.7 wheat 0
174.1 647.5 134.9 674.3 39.3 534.7 78.5 507.9 wheat 0
263.5 687.6 181.1 722.5 154.4 659.4 236.9 624.6 wheat 0
117.9 680.4 180.2 699.6 126.1 874.5 63.8 855.3 wheat 0
224.9 811.4 269.5 857.3 193.1 931.5 148.5 885.6 wheat 0
221.5 896.7 283.3 902.9 274.1 994.5 212.3 988.3 wheat 0
397.1 896.5 332.5 909.6 303.4 766.0 368.0 752.9 wheat 0
389.1 976.5 328.6 988.8 305.1 873.1 365.6 860.9 wheat 0
421.7 798.2 474.5 814.5 441.1 922.5 388.3 906.2 wheat 0
417.4 846.2 476.6 858.2 454.1 969.5 394.8 957.5 wheat 0
