587.1 549.5 541.7 580.5 478.6 488.3 523.9 457.2 wheat 0
561.7 383.1 603.1 400.6 568.1 483.5 526.7 466.0 wheat 0
693.3 628.2 639.1 696.5 599.0 664.7 653.2 596.4 wheat 0
776.1 775.5 610.0 845.7 588.7 795.5 754.8 725.3 wheat 0
825.2 804.2 885.7 822.9 862.1 899.5 801.5 880.8 wheat 0
884.1 712.5 933.1 712.5 933.1 793.5 884.1 793.5 wheat 0
869.0 488.9 923.6 505.8 897.1 591.5 842.5 574.6 wheat 0
835.4 418.6 878.2 454.6 810.1 535.5 767.3 499.5 wheat 0
879.5 375.6 918.1 402.1 876.1 463.5 837.5 437.1 wheat 0
972.1 133.5 933.9 137.3 927.0 68.8 965.2 64.9 wheat 0
706.1 118.5 683.7 153.3 641.4 126.1 663.7 91.3 wheat 0
557.5 69.1 600.1 92.3 571.1 145.5 528.5 122.3 wheat 0
377.1 155.5 324.0 166.3 311.8 105.7 364.8 94.9 wheat 0
311.3 195.3 250.1 228.7 216.9 167.9 278.1 134.5 wheat 0
157.1 100.5 125.0 150.4 32.0 90.7 64.1 40.8 wheat 0
176.1 466.5 367.1 466.5 367.1 521.5 176.1 521.5 wheat 0
261.1 514.4 310.2 529.6 274.1 646.5 224.9 631.3 wheat 0
367.1 644.5 299.6 701.3 265.6 661.0 333.1 604.2 wheat 0
392.1 646.2 425.4 664.4 398.1 714.5 364.7 696.3 wheat 0
318.4 714.1 387.2 721.0 382.1 772.5 313.2 765.6 wheat 0
532.1 900.5 452.2 934.3 428.1 877.5 508.0 843.7 wheat 0
645.1 908.5 561.6 943.8 538.8 889.8 622.2 854.5 wheat 0
656.2 906.6 709.1 928.9 669.1 1023.5 616.2 1001.2 wheat 0
878.4 937.7 938.6 943.8 931.1 1018.5 870.9 1012.5 wheat 0
861.1 952.5 788.9 967.1 778.3 914.5 850.4 899.9 wheat 0
923.0 847.1 964.0 855.4 954.1 904.5 913.1 896.2 wheat 0
789.3 51.1 678.1 85.5 662.3 34.4 773.5 -0.0 wheat 0
591.1 60.9 495.1 101.5 470.5 43.4 566.6 2.8 wheat 0
84.1 619.9 130.3 629.2 120.1 679.5 74.0 670.2 wheat 0
78.1 631.5 38.8 635.4 33.4 581.2 72.6 577.3 wheat 0
168.5 888.6 114.1 934.5 85.0 900.0 139.5 854.1 wheat 0
263.6 928.1 184.1 982.5 157.6 943.9 237.2 889.4 wheat 0
387.1 895.5 322.2 902.0 318.1 860.6 382.9 854.1 wheat 0
439.9 303.6 477.5 311.2 465.1 372.5 427.5 364.9 wheat 0
707.1 308.5 637.5 346.5 619.8 314.1 689.4 276.1 wheat 0
