579.6 623.5 560.8 647.3 478.3 581.8 497.1 558.0 wheat 0
581.4 710.8 649.0 739.4 634.6 773.5 567.0 744.9 wheat 0
909.9 796.2 951.1 818.7 908.6 896.5 867.4 874.0 wheat 0
531.6 730.5 410.2 755.1 403.3 721.0 524.7 696.4 wheat 0
515.6 485.5 405.8 519.5 397.0 491.0 506.8 457.1 wheat 0
440.6 351.5 476.6 351.5 476.6 405.5 440.6 405.5 wheat 0
837.6 279.5 875.6 279.5 875.6 346.5 837.6 346.5 wheat 0
804.6 185.5 862.6 185.5 862.6 225.5 804.6 225.5 wheat 0
935.2 217.1 1006.1 306.5 969.6 335.5 898.6 246.1 wheat 0
201.4 92.8 234.5 120.6 132.6 241.5 99.5 213.7 wheat 0
355.4 41.2 391.3 60.9 321.6 188.5 285.7 168.9 wheat 0
531.7 114.2 560.2 126.2 510.6 243.5 482.1 231.5 wheat 0
392.6 312.5 345.7 322.0 326.8 228.7 373.7 219.2 wheat 0
309.2 360.2 361.3 404.1 341.6 427.5 289.5 383.6 wheat 0
258.4 531.1 314.0 577.9 163.6 756.5 108.0 709.7 wheat 0
196.6 733.5 248.6 733.5 248.6 871.5 196.6 871.5 wheat 0
329.6 795.5 370.6 795.5 370.6 892.5 329.6 892.5 wheat 0
365.2 738.7 434.0 785.8 411.6 818.5 342.8 771.4 wheat 0
316.2 889.0 352.9 914.1 313.6 971.5 277.0 946.4 wheat 0
825.6 647.5 802.1 652.3 789.8 591.6 813.3 586.9 wheat 0
892.2 629.6 933.8 664.6 913.6 688.5 872.1 653.5 wheat 0
199.6 210.5 234.6 210.5 234.6 264.5 199.6 264.5 wheat 0
