436.9 381.2 386.4 445.0 353.8 419.1 404.4 355.4 wheat 0
576.9 399.2 428.7 445.1 413.1 394.7 561.3 348.8 wheat 0
504.9 439.2 393.0 500.4 369.8 457.9 481.7 396.7 wheat 0
354.9 629.2 275.4 653.8 232.6 515.6 312.2 491.0 wheat 0
393.4 546.3 451.9 578.3 351.9 761.2 293.5 729.3 wheat 0
261.5 666.9 331.0 681.0 312.9 770.2 243.4 756.1 wheat 0
875.9 607.2 729.0 622.0 721.8 550.9 868.8 536.1 wheat 0
579.7 343.6 682.9 414.2 653.8 456.9 550.6 386.3 wheat 0
525.9 185.2 589.9 185.2 589.9 249.2 525.9 249.2 wheat 0
578.2 196.2 644.0 209.6 616.9 343.2 551.1 329.9 wheat 0
709.8 2.4 805.1 21.8 754.9 269.2 659.6 249.9 wheat 0
689.9 171.2 598.4 199.5 571.1 111.3 662.7 83.0 wheat 0
926.9 156.2 1022.9 156.2 1022.9 277.2 926.9 277.2 wheat 0
