747.2 519.2 782.3 526.3 730.7 780.6 695.6 773.5 wheat 0
755.1 617.0 817.9 660.0 790.7 699.6 728.0 656.7 wheat 0
754.3 555.5 837.0 563.8 833.7 596.6 751.1 588.3 wheat 0
808.5 662.3 860.1 684.1 844.9 720.0 793.4 698.2 wheat 0
838.7 784.6 804.3 799.2 768.5 714.6 803.0 700.0 wheat 0
823.3 761.0 850.7 795.6 782.1 850.1 754.6 815.5 wheat 0
811.7 806.6 898.7 806.6 898.7 840.6 811.7 840.6 wheat 0
717.0 783.4 747.0 842.2 710.4 860.8 680.5 802.0 wheat 0
673.1 728.9 713.0 745.7 640.7 916.6 600.9 899.8 wheat 0
707.7 884.6 651.5 932.0 630.4 906.9 686.6 859.5 wheat 0
773.9 890.3 737.0 910.4 711.6 863.9 748.5 843.8 wheat 0
897.7 999.2 852.9 1003.7 846.8 943.0 891.6 938.5 wheat 0
863.2 874.7 949.7 947.6 929.0 972.3 842.4 899.4 wheat 0
549.7 929.6 642.7 929.6 642.7 970.6 549.7 970.6 wheat 0
698.7 1011.6 654.1 1016.1 648.2 956.9 692.8 952.5 wheat 0
965.7 656.6 905.5 675.2 895.2 642.0 955.4 623.3 wheat 0
983.7 630.6 1021.7 630.6 1021.7 701.6 983.7 701.6 wheat 0
976.2 915.2 1018.3 950.6 1000.3 972.0 958.2 936.6 wheat 0
494.7 698.0 592.8 780.6 571.7 805.6 473.7 723.0 wheat 0
506.6 633.6 558.8 669.3 540.7 695.6 488.6 659.9 wheat 0
640.7 615.6 679.7 615.6 679.7 676.6 640.7 676.6 wheat 0
662.0 550.9 700.1 554.7 692.7 627.6 654.7 623.8 wheat 0
592.4 442.7 674.0 468.0 661.7 507.6 580.1 482.4 wheat 0
439.5 572.7 481.3 576.8 475.9 630.6 434.1 626.4 wheat 0
510.1 485.8 572.7 528.6 548.3 564.3 485.7 521.5 wheat 0
490.7 380.6 527.7 380.6 527.7 454.6 490.7 454.6 wheat 0
461.0 746.2 509.1 761.1 493.7 810.6 445.6 795.7 wheat 0
355.9 766.3 418.8 779.1 410.7 818.6 347.9 805.9 wheat 0
354.7 679.6 292.6 698.8 282.2 665.0 344.3 645.8 wheat 0
304.4 678.5 264.6 682.5 259.0 626.8 298.8 622.8 wheat 0
274.7 533.6 368.7 533.6 368.7 572.6 274.7 572.6 wheat 0
298.2 550.3 233.5 556.8 230.3 523.9 294.9 517.5 wheat 0
236.2 424.9 270.4 435.5 244.7 518.6 210.5 508.0 wheat 0
333.7 348.6 281.3 392.8 250.4 356.2 302.9 312.0 wheat 0
343.9 324.4 425.7 408.6 397.0 436.5 315.2 352.3 wheat 0
421.5 286.9 458.0 317.6 432.7 347.6 396.2 316.9 wheat 0
716.7 258.6 545.8 311.5 532.2 267.8 703.2 214.9 wheat 0
710.7 309.6 735.7 309.6 735.7 361.6 710.7 361.6 wheat 0
670.6 327.7 698.6 346.9 633.7 441.6 605.7 422.5 wheat 0
852.7 372.6 799.3 378.0 792.7 311.8 846.1 306.4 wheat 0
885.7 392.6 831.9 429.5 808.5 395.3 862.4 358.5 wheat 0
826.9 476.4 803.9 495.8 784.6 472.8 807.5 453.5 wheat 0
943.9 420.7 972.8 440.5 948.7 475.6 919.8 455.8 wheat 0
879.8 243.2 1007.4 297.1 987.7 343.6 860.2 289.7 wheat 0
842.8 232.8 881.6 236.7 875.7 295.4 836.9 291.5 wheat 0
765.5 199.2 827.7 277.6 800.9 298.9 738.7 220.5 wheat 0
775.7 83.3 833.0 131.5 812.7 155.6 755.5 107.4 wheat 0
750.7 120.6 783.7 120.6 783.7 160.6 750.7 160.6 wheat 0
677.1 37.9 738.3 100.9 709.7 128.6 648.5 65.6 wheat 0
624.3 133.9 589.0 144.8 572.1 90.4 607.5 79.4 wheat 0
590.1 73.8 557.3 77.1 550.4 8.4 583.2 5.1 wheat 0
385.1 54.7 598.3 171.2 576.7 210.6 363.6 94.2 wheat 0
538.7 256.6 509.5 272.6 390.3 54.4 419.5 38.4 wheat 0
546.7 190.6 583.7 190.6 583.7 243.6 546.7 243.6 wheat 0
414.3 183.8 453.0 232.7 436.7 245.6 398.0 196.8 wheat 0
323.7 131.6 387.7 131.6 387.7 174.6 323.7 174.6 wheat 0
330.7 304.6 281.5 319.9 265.4 267.8 314.6 252.6 wheat 0
356.6 218.0 378.9 233.3 339.9 290.2 317.6 275.0 wheat 0
279.7 269.6 214.3 282.9 204.7 235.3 270.1 222.1 wheat 0
203.7 385.6 168.7 396.5 120.0 239.0 155.0 228.2 wheat 0
130.2 356.8 190.0 369.0 184.2 397.4 124.5 385.3 wheat 0
64.3 315.8 132.7 329.6 125.4 366.0 57.0 352.1 wheat 0
5.7 317.6 70.7 317.6 70.7 359.6 5.7 359.6 wheat 0
79.7 508.6 44.3 519.6 11.5 413.7 47.0 402.7 wheat 0
161.7 461.6 187.7 461.6 187.7 515.6 161.7 515.6 wheat 0
221.7 568.6 178.6 604.9 150.7 571.7 193.8 535.4 wheat 0
127.7 177.6 88.5 199.0 6.3 48.6 45.5 27.1 wheat 0
57.6 37.7 109.6 48.2 102.8 81.5 50.9 71.0 wheat 0
59.8 0.2 97.0 7.8 89.7 44.0 52.4 36.5 wheat 0
165.4 50.1 277.0 72.7 270.7 103.6 159.1 81.0 wheat 0
557.1 39.9 528.2 59.7 503.4 23.3 532.3 3.6 wheat 0
899.0 162.1 929.4 221.9 895.5 239.1 865.1 179.4 wheat 0
996.7 188.6 969.8 211.3 920.4 152.6 947.3 130.0 wheat 0
1004.7 261.6 970.2 268.6 956.5 201.1 991.0 194.0 wheat 0
870.8 21.0 894.8 31.1 870.6 88.2 846.7 78.1 wheat 0
1022.2 104.0 993.8 109.7 978.3 33.3 1006.7 27.5 wheat 0
902.8 55.7 967.3 82.9 960.7 98.6 896.2 71.3 wheat 0
138.7 743.6 202.7 743.6 202.7 779.6 138.7 779.6 wheat 0
244.6 850.9 317.6 912.4 299.7 933.6 226.7 872.1 wheat 0
204.1 882.7 258.5 888.1 251.7 955.6 197.4 950.2 wheat 0
209.0 858.8 100.0 950.6 73.7 919.4 182.7 827.6 wheat 0
129.7 988.6 47.3 1023.5 35.6 995.9 118.1 961.0 wheat 0
242.2 968.1 151.5 1017.6 137.1 991.1 227.7 941.6 wheat 0
7.6 882.2 82.9 889.8 76.7 951.6 1.4 944.1 wheat 0
419.3 511.4 432.4 528.0 412.7 543.6 399.6 527.0 wheat 0
