84.9 75.2 169.3 101.3 129.1 231.5 44.6 205.4 wheat 0
60.3 200.7 109.0 227.2 84.3 272.3 35.7 245.7 wheat 0
455.4 680.7 363.3 699.3 333.0 549.9 425.1 531.2 wheat 0
275.3 566.3 344.3 566.3 344.3 688.3 275.3 688.3 wheat 0
534.3 535.3 607.3 535.3 607.3 598.3 534.3 598.3 wheat 0
674.3 390.3 758.3 390.3 758.3 471.3 674.3 471.3 wheat 0
584.3 594.3 657.3 594.3 657.3 664.3 584.3 664.3 wheat 0
407.2 226.8 335.8 287.0 230.9 162.4 302.3 102.3 wheat 0
634.4 109.8 587.9 157.7 507.5 79.6 554.0 31.7 wheat 0
507.3 90.3 457.3 141.9 364.3 51.6 414.4 0.1 wheat 0
814.8 789.0 757.3 848.2 657.8 751.6 715.3 692.3 wheat 0
539.3 765.3 606.3 765.3 606.3 879.3 539.3 879.3 wheat 0
471.3 775.3 532.3 775.3 532.3 875.3 471.3 875.3 wheat 0
292.7 790.9 246.0 849.6 163.0 783.8 209.6 725.0 wheat 0
107.3 664.3 180.4 704.2 148.0 763.6 74.9 723.7 wheat 0
836.3 614.3 916.3 614.3 916.3 738.3 836.3 738.3 wheat 0
287.1 312.5 403.4 392.0 355.6 461.9 239.3 382.3 wheat 0
323.4 263.4 354.9 312.4 308.3 342.3 276.9 293.3 wheat 0
695.6 35.6 749.9 46.6 736.6 112.3 682.3 101.3 wheat 0
907.3 57.3 1004.3 57.3 1004.3 140.3 907.3 140.3 wheat 0
809.6 678.4 774.2 702.6 718.9 621.7 754.3 597.5 wheat 0
875.6 778.4 936.3 829.4 867.3 911.3 806.7 860.2 wheat 0
394.3 913.3 490.3 913.3 490.3 1023.3 394.3 1023.3 wheat 0
525.3 932.3 598.3 932.3 598.3 1015.3 525.3 1015.3 wheat 0
808.3 538.3 948.3 538.3 948.3 622.3 808.3 622.3 wheat 0
