492.3 169.0 572.3 169.0 572.3 409.0 492.3 409.0 wheat 0
727.3 285.7 671.4 297.0 618.4 35.4 674.2 24.0 wheat 0
785.9 251.3 730.6 281.5 623.7 85.8 679.0 55.6 wheat 0
969.2 437.6 921.8 486.4 803.4 371.5 850.8 322.7 wheat 0
725.3 386.0 795.3 386.0 795.3 446.0 725.3 446.0 wheat 0
982.7 642.9 915.9 663.6 865.9 502.2 932.8 481.5 wheat 0
875.1 600.1 779.5 680.7 748.6 643.9 844.2 563.4 wheat 0
548.2 574.8 583.3 619.0 488.6 694.2 453.5 649.9 wheat 0
429.3 612.0 477.3 612.0 477.3 694.0 429.3 694.0 wheat 0
383.3 708.0 322.7 741.1 236.6 583.6 297.2 550.5 wheat 0
515.3 829.0 480.4 873.0 337.7 759.7 372.6 715.8 wheat 0
516.2 801.4 578.5 835.4 497.5 983.7 435.2 949.7 wheat 0
377.3 856.0 448.3 856.0 448.3 1024.0 377.3 1024.0 wheat 0
295.4 587.8 127.2 639.8 111.3 588.3 279.4 536.2 wheat 0
268.0 348.2 130.1 442.5 99.7 397.9 237.5 303.6 wheat 0
1.3 280.0 66.3 280.0 66.3 402.0 1.3 402.0 wheat 0
144.5 830.1 108.6 860.4 55.1 796.9 91.1 766.7 wheat 0
251.4 933.4 400.4 963.6 391.2 1008.7 242.3 978.5 wheat 0
661.3 617.0 757.3 617.0 757.3 664.0 661.3 664.0 wheat 0
679.9 207.9 632.2 240.5 490.3 33.0 538.0 0.5 wheat 0
19.3 685.0 114.3 685.0 114.3 734.0 19.3 734.0 wheat 0
