242.0 168.0 216.1 176.0 200.1 124.2 226.0 116.2 wheat 0
234.0 182.0 209.2 189.6 194.0 140.6 218.8 132.9 wheat 0
201.0 198.0 176.9 200.4 171.8 150.3 195.9 147.9 wheat 0
180.7 122.9 202.2 141.0 191.2 154.0 169.8 135.9 wheat 0
180.6 120.2 155.1 137.7 148.3 127.8 173.9 110.3 wheat 0
175.0 209.0 151.4 216.3 136.0 166.8 159.7 159.5 wheat 0
144.3 201.2 173.9 210.4 162.7 246.7 133.0 237.5 wheat 0
141.7 250.1 164.5 262.5 146.3 295.9 123.4 283.4 wheat 0
104.9 275.8 87.3 285.4 69.1 252.1 86.6 242.5 wheat 0
65.0 213.0 36.2 225.1 1.7 143.7 30.5 131.5 wheat 0
343.0 226.0 373.0 226.0 373.0 282.0 343.0 282.0 wheat 0
353.0 334.0 412.0 334.0 412.0 368.0 353.0 368.0 wheat 0
492.0 236.0 462.6 260.7 446.8 242.0 476.2 217.2 wheat 0
418.8 200.3 460.7 218.0 451.0 241.0 409.1 223.2 wheat 0
451.0 201.0 425.6 214.8 393.1 155.4 418.5 141.5 wheat 0
502.4 200.7 526.2 220.7 516.5 232.2 492.8 212.2 wheat 0
233.0 642.0 198.4 652.7 182.5 601.2 217.1 590.5 wheat 0
217.5 639.5 244.0 654.0 221.7 694.8 195.2 680.3 wheat 0
157.3 642.6 199.4 671.4 179.6 700.3 137.5 671.5 wheat 0
3.0 635.0 40.0 635.0 40.0 707.0 3.0 707.0 wheat 0
124.0 741.0 77.9 750.3 71.3 717.6 117.3 708.3 wheat 0
49.3 710.4 76.8 716.0 72.6 736.5 45.2 731.0 wheat 0
63.0 769.0 23.0 785.9 8.0 750.5 48.0 733.6 wheat 0
132.0 825.0 93.9 841.0 71.0 786.9 109.1 770.8 wheat 0
69.0 872.0 19.5 882.0 14.1 855.6 63.6 845.5 wheat 0
2.0 966.0 29.0 966.0 29.0 1024.0 2.0 1024.0 wheat 0
170.0 971.0 205.0 971.0 205.0 1004.0 170.0 1004.0 wheat 0
250.6 848.6 231.0 852.6 223.3 814.3 242.9 810.4 wheat 0
247.5 817.4 266.2 821.2 259.4 854.5 240.8 850.7 wheat 0
252.3 772.6 266.0 774.0 262.6 807.3 249.0 806.0 wheat 0
278.8 983.4 292.7 984.8 289.1 1020.6 275.2 1019.2 wheat 0
394.9 723.8 435.7 746.0 421.0 773.0 380.2 750.7 wheat 0
373.2 858.7 333.1 866.9 329.7 850.2 369.9 842.1 wheat 0
457.9 898.7 520.6 951.6 495.0 982.0 432.2 929.1 wheat 0
554.0 832.0 518.2 835.6 514.0 793.7 549.8 790.1 wheat 0
495.0 681.0 393.0 712.5 382.5 678.4 484.4 646.8 wheat 0
493.0 635.0 512.0 635.0 512.0 693.0 493.0 693.0 wheat 0
610.1 72.8 634.1 82.9 615.8 126.2 591.8 116.0 wheat 0
597.0 275.0 543.5 304.2 533.3 285.7 586.9 256.4 wheat 0
703.2 224.7 724.0 242.2 667.0 310.0 646.1 292.4 wheat 0
793.0 266.0 719.1 297.2 705.9 266.1 779.8 234.9 wheat 0
938.0 219.0 856.3 253.5 844.4 225.5 926.1 190.9 wheat 0
858.5 294.3 901.3 303.0 895.0 334.0 852.3 325.3 wheat 0
855.1 331.2 919.6 337.7 916.0 374.0 851.4 367.5 wheat 0
964.1 489.7 938.5 507.2 928.9 493.2 954.5 475.7 wheat 0
991.0 569.0 1024.0 569.0 1024.0 651.0 991.0 651.0 wheat 0
940.0 660.0 848.9 688.1 835.7 645.4 926.7 617.2 wheat 0
876.4 589.3 909.4 607.3 885.0 652.0 852.0 634.0 wheat 0
755.0 699.0 722.3 705.6 716.2 675.7 748.9 669.1 wheat 0
998.6 697.1 1023.8 723.0 961.0 784.0 935.8 758.1 wheat 0
684.1 745.9 738.4 768.9 724.0 803.0 669.7 780.0 wheat 0
681.0 790.0 662.8 802.4 637.8 765.8 656.0 753.4 wheat 0
609.0 910.5 656.2 930.4 637.0 976.0 589.7 956.0 wheat 0
713.0 949.0 677.0 964.2 652.1 905.1 688.0 889.9 wheat 0
757.0 909.0 727.9 933.4 699.9 900.2 729.0 875.7 wheat 0
749.4 881.0 813.6 916.1 800.0 941.0 735.8 905.9 wheat 0
776.3 940.2 757.0 956.4 746.7 944.2 766.0 928.0 wheat 0
746.9 985.9 787.0 990.0 783.6 1023.9 743.5 1019.9 wheat 0
992.0 987.0 941.0 992.1 937.7 959.4 988.7 954.3 wheat 0
