725.1 369.5 565.3 401.9 553.6 344.5 713.4 312.1 wheat 0
715.1 135.5 576.3 178.4 559.7 124.6 698.4 81.7 wheat 0
836.8 121.3 916.1 175.5 884.1 222.2 804.9 167.9 wheat 0
875.1 26.5 939.1 26.5 939.1 242.5 875.1 242.5 wheat 0
1023.0 259.9 975.3 292.5 881.6 155.6 929.3 123.0 wheat 0
940.1 117.5 995.1 117.5 995.1 211.5 940.1 211.5 wheat 0
886.9 416.2 784.1 486.5 748.8 435.0 851.6 364.7 wheat 0
861.1 319.5 815.5 357.9 736.7 264.3 782.2 225.9 wheat 0
576.1 194.5 632.1 194.5 632.1 338.5 576.1 338.5 wheat 0
609.0 314.0 511.1 396.5 464.6 341.4 562.6 258.9 wheat 0
485.1 347.5 362.0 385.6 342.0 320.8 465.0 282.7 wheat 0
337.7 300.0 275.5 312.6 219.8 38.1 282.1 25.5 wheat 0
162.1 203.0 293.1 243.5 279.1 288.8 148.1 248.3 wheat 0
430.0 403.4 302.1 457.5 278.8 402.4 406.7 348.3 wheat 0
504.2 201.3 551.4 215.9 514.1 336.5 466.9 321.9 wheat 0
383.3 238.5 497.1 261.5 489.0 301.1 375.3 278.0 wheat 0
321.8 109.9 422.1 178.5 397.7 214.1 297.4 145.5 wheat 0
379.5 163.4 443.1 243.5 410.9 269.0 347.3 188.9 wheat 0
646.7 642.4 808.1 730.5 778.5 784.6 617.1 696.4 wheat 0
969.5 741.9 874.1 751.5 869.6 707.1 965.1 697.5 wheat 0
935.9 584.2 1011.5 647.8 987.6 676.2 912.1 612.5 wheat 0
519.5 382.6 667.1 412.5 654.7 473.3 507.2 443.4 wheat 0
175.1 225.5 135.2 237.8 105.2 140.8 145.0 128.5 wheat 0
221.1 193.5 181.0 210.5 114.1 52.4 154.2 35.4 wheat 0
202.1 0.0 253.4 0.0 253.4 141.5 202.1 141.5 wheat 0
384.1 798.5 196.9 900.8 167.7 847.3 354.9 745.1 wheat 0
154.1 860.5 90.4 873.4 65.4 750.4 129.1 737.5 wheat 0
445.6 720.0 491.9 734.4 476.1 785.5 429.8 771.2 wheat 0
542.1 791.5 421.4 874.1 384.4 820.1 505.1 737.5 wheat 0
675.1 818.5 592.4 835.3 584.8 798.0 667.5 781.2 wheat 0
686.1 767.5 639.9 772.1 632.2 695.6 678.4 690.9 wheat 0
655.6 831.8 714.1 856.5 697.2 896.4 638.7 871.7 wheat 0
370.1 880.5 424.1 880.5 424.1 1023.5 370.1 1023.5 wheat 0
265.1 919.1 209.8 942.5 193.1 902.9 248.3 879.5 wheat 0
