143.1 456.1 214.1 456.1 214.1 521.1 143.1 521.1 wheat 0
27.1 212.1 102.1 212.1 102.1 290.1 27.1 290.1 wheat 0
465.1 734.1 579.1 734.1 579.1 788.1 465.1 788.1 wheat 0
791.8 749.4 740.9 792.2 675.1 714.1 726.0 671.2 wheat 0
839.1 412.1 903.1 412.1 903.1 473.1 839.1 473.1 wheat 0
283.1 754.1 361.1 754.1 361.1 866.1 283.1 866.1 wheat 0
89.1 529.1 164.1 529.1 164.1 634.1 89.1 634.1 wheat 0
155.2 885.5 107.0 926.1 56.1 865.7 104.3 825.1 wheat 0
624.1 48.1 702.1 48.1 702.1 127.1 624.1 127.1 wheat 0
367.1 80.1 416.1 80.1 416.1 147.1 367.1 147.1 wheat 0
412.1 116.1 472.1 116.1 472.1 177.1 412.1 177.1 wheat 0
449.1 56.1 518.1 56.1 518.1 153.1 449.1 153.1 wheat 0
128.1 333.1 182.1 333.1 182.1 386.1 128.1 386.1 wheat 0
587.1 292.1 691.1 292.1 691.1 347.1 587.1 347.1 wheat 0
646.1 602.1 751.1 602.1 751.1 646.1 646.1 646.1 wheat 0
517.1 891.1 615.1 891.1 615.1 960.1 517.1 960.1 wheat 0
585.1 709.1 637.1 709.1 637.1 782.1 585.1 782.1 wheat 0
788.5 858.3 826.8 897.8 760.8 961.9 722.5 922.4 wheat 0
890.0 215.8 846.0 261.1 747.1 165.1 791.1 119.8 wheat 0
180.0 198.9 248.1 269.1 195.1 320.6 126.9 250.5 wheat 0
394.1 261.1 461.1 261.1 461.1 302.1 394.1 302.1 wheat 0
257.1 400.1 339.1 400.1 339.1 441.1 257.1 441.1 wheat 0
333.3 425.5 370.9 464.3 315.0 518.6 277.4 479.9 wheat 0
29.1 669.1 91.1 669.1 91.1 737.1 29.1 737.1 wheat 0
35.1 722.0 143.8 767.9 125.1 812.2 16.5 766.2 wheat 0
666.1 744.1 735.1 744.1 735.1 824.1 666.1 824.1 wheat 0
515.1 833.1 582.1 833.1 582.1 892.1 515.1 892.1 wheat 0
917.1 660.1 973.1 660.1 973.1 716.1 917.1 716.1 wheat 0
941.1 417.1 1020.1 417.1 1020.1 473.1 941.1 473.1 wheat 0
851.1 151.1 945.1 151.1 945.1 207.1 851.1 207.1 wheat 0
773.6 159.7 744.4 205.1 668.7 156.5 697.9 111.0 wheat 0
764.4 268.4 712.4 304.0 654.9 219.8 706.8 184.2 wheat 0
85.1 926.1 162.1 926.1 162.1 980.1 85.1 980.1 wheat 0
230.1 739.1 294.1 739.1 294.1 854.1 230.1 854.1 wheat 0
