600.7 505.3 681.0 530.1 666.8 576.0 586.5 551.1 wheat 0
645.6 484.6 686.9 488.8 682.7 530.6 641.4 526.5 wheat 0
773.9 408.7 838.3 435.9 821.6 475.5 757.1 448.3 wheat 0
910.3 400.6 994.5 446.6 979.2 474.7 894.9 428.6 wheat 0
907.7 428.6 987.2 510.4 958.8 538.0 879.4 456.1 wheat 0
900.3 502.0 970.2 540.2 954.6 568.8 884.7 530.6 wheat 0
869.8 506.3 817.5 560.1 796.7 539.9 849.0 486.1 wheat 0
846.8 532.6 872.8 554.5 856.7 573.6 830.7 551.7 wheat 0
724.6 601.0 797.2 623.5 788.9 650.2 716.3 627.8 wheat 0
768.7 648.6 693.2 663.9 687.2 634.4 762.7 619.1 wheat 0
916.7 752.6 850.9 759.2 848.3 733.6 914.2 727.0 wheat 0
928.7 629.6 981.7 629.6 981.7 659.6 928.7 659.6 wheat 0
956.7 695.6 1022.7 695.6 1022.7 739.6 956.7 739.6 wheat 0
934.7 912.6 854.4 928.9 847.7 895.8 928.0 879.6 wheat 0
972.5 879.9 1012.7 888.0 1006.0 921.3 965.8 913.2 wheat 0
818.1 922.9 873.8 928.5 871.3 953.3 815.6 947.8 wheat 0
763.3 713.6 814.5 756.7 795.2 779.7 744.0 736.5 wheat 0
820.7 793.6 724.6 803.3 721.3 769.9 817.4 760.3 wheat 0
735.6 823.0 810.2 830.4 806.9 864.3 732.2 856.8 wheat 0
543.7 749.6 641.7 803.1 623.9 835.6 526.0 782.1 wheat 0
624.0 670.4 562.9 712.2 541.5 680.8 602.5 639.0 wheat 0
507.8 519.3 551.7 564.6 521.7 593.8 477.7 548.5 wheat 0
468.7 454.7 508.5 504.9 478.7 528.5 439.0 478.4 wheat 0
399.7 519.6 462.7 519.6 462.7 549.6 399.7 549.6 wheat 0
382.8 505.3 461.3 548.2 445.7 576.6 367.3 533.8 wheat 0
388.7 544.6 356.2 551.2 345.7 499.1 378.2 492.5 wheat 0
256.2 407.2 327.2 414.4 322.7 458.6 251.7 451.5 wheat 0
318.1 300.2 391.7 307.6 388.9 336.2 315.2 328.8 wheat 0
400.7 226.7 474.5 267.0 456.7 299.5 383.0 259.2 wheat 0
513.1 166.2 568.3 196.4 551.7 226.6 496.6 196.5 wheat 0
373.1 196.3 445.9 227.1 435.4 251.9 362.6 221.2 wheat 0
370.5 148.6 414.9 185.9 394.9 209.7 350.6 172.3 wheat 0
243.6 171.5 208.7 178.5 189.8 85.7 224.7 78.6 wheat 0
73.7 69.5 202.4 157.5 181.7 187.6 53.1 99.6 wheat 0
92.5 45.8 178.6 118.3 154.7 146.6 68.7 74.1 wheat 0
28.5 183.3 116.0 192.1 113.0 221.9 25.5 213.1 wheat 0
41.5 208.5 153.4 255.8 140.7 285.6 28.9 238.3 wheat 0
161.6 217.0 227.0 244.7 214.9 273.2 149.5 245.6 wheat 0
307.7 532.6 180.5 558.4 172.3 518.0 299.5 492.2 wheat 0
247.4 526.7 322.7 590.1 303.7 612.6 228.4 549.2 wheat 0
199.5 579.1 320.0 591.2 316.7 623.6 196.2 611.5 wheat 0
312.1 624.2 402.9 652.3 394.3 680.0 303.6 651.9 wheat 0
449.7 637.2 502.7 653.6 495.9 675.6 442.9 659.2 wheat 0
389.7 765.4 501.4 788.0 493.7 825.6 382.1 803.0 wheat 0
197.1 814.4 348.0 814.4 348.0 856.3 197.1 856.3 wheat 0
198.4 768.0 163.7 782.6 142.1 731.5 176.8 716.9 wheat 0
98.8 484.9 170.9 515.3 155.5 551.6 83.4 521.1 wheat 0
29.1 537.4 92.2 571.9 76.4 600.9 13.2 566.3 wheat 0
94.2 527.1 54.1 539.5 37.3 485.1 77.4 472.7 wheat 0
132.7 671.6 38.0 690.8 30.8 655.0 125.5 635.8 wheat 0
252.0 634.9 198.1 645.8 192.5 618.4 246.4 607.4 wheat 0
105.3 824.1 176.7 838.6 172.9 857.4 101.5 843.0 wheat 0
242.3 950.8 290.7 955.6 287.2 990.9 238.8 986.1 wheat 0
414.5 871.0 436.7 889.7 400.0 933.3 377.8 914.6 wheat 0
473.9 884.1 502.8 887.0 500.6 908.5 471.7 905.6 wheat 0
482.2 906.2 507.5 927.5 484.3 955.0 459.0 933.8 wheat 0
581.2 899.9 679.9 941.6 669.7 965.6 571.1 923.9 wheat 0
705.7 955.6 616.4 983.3 607.6 954.8 696.9 927.2 wheat 0
651.7 894.6 720.7 894.6 720.7 922.6 651.7 922.6 wheat 0
667.7 894.6 632.2 914.0 620.4 892.5 656.0 873.0 wheat 0
547.2 817.8 594.6 843.6 578.3 873.5 530.9 847.6 wheat 0
81.1 936.3 20.4 962.0 6.3 928.9 67.1 903.2 wheat 0
18.0 71.0 123.9 143.4 110.7 162.6 4.9 90.2 wheat 0
