585.7 622.6 542.4 646.3 459.1 493.9 502.5 470.2 wheat 0
553.2 551.5 628.9 615.3 597.3 652.7 521.6 589.0 wheat 0
777.4 568.6 647.8 657.3 611.1 603.6 740.7 515.0 wheat 0
663.9 655.6 691.9 690.8 660.6 715.7 632.6 680.4 wheat 0
624.5 669.6 644.7 680.6 627.3 712.6 607.1 701.5 wheat 0
389.3 451.8 469.6 476.6 462.2 500.5 381.9 475.6 wheat 0
344.0 457.1 379.3 464.3 357.5 572.1 322.2 564.9 wheat 0
440.3 575.6 422.8 583.0 400.2 529.6 417.7 522.2 wheat 0
314.7 562.6 280.4 573.2 267.3 530.9 301.7 520.3 wheat 0
308.4 600.4 286.3 609.7 271.1 573.8 293.2 564.5 wheat 0
339.9 418.9 315.4 432.3 299.5 403.3 324.1 389.9 wheat 0
267.6 427.7 225.5 440.7 193.9 338.5 235.9 325.5 wheat 0
263.7 667.6 296.7 667.6 296.7 722.6 263.7 722.6 wheat 0
298.7 678.6 339.7 678.6 339.7 703.6 298.7 703.6 wheat 0
303.7 747.6 272.5 773.9 251.0 748.3 282.2 722.0 wheat 0
298.7 733.6 334.7 733.6 334.7 764.6 298.7 764.6 wheat 0
306.0 741.4 363.4 759.2 348.7 806.6 291.3 788.9 wheat 0
364.8 759.1 406.3 776.7 383.7 830.1 342.2 812.6 wheat 0
466.7 860.6 426.8 882.5 387.7 811.0 427.7 789.1 wheat 0
476.7 828.6 439.1 849.2 393.3 765.2 430.9 744.7 wheat 0
317.0 820.5 353.3 857.8 322.4 887.7 286.2 850.4 wheat 0
358.5 1004.0 319.3 1016.2 286.0 908.2 325.1 896.1 wheat 0
352.2 937.4 386.1 951.8 355.7 1023.6 321.8 1009.3 wheat 0
483.7 933.6 425.5 945.4 413.6 886.8 471.9 875.0 wheat 0
405.7 959.6 427.7 971.6 403.2 1016.5 381.2 1004.5 wheat 0
590.7 771.3 619.8 795.8 592.7 827.9 563.7 803.4 wheat 0
618.2 764.3 646.6 770.0 636.3 821.0 607.9 815.2 wheat 0
681.6 717.2 722.9 739.8 676.8 824.0 635.6 801.5 wheat 0
635.9 802.7 666.7 809.0 649.7 892.6 618.9 886.4 wheat 0
518.1 1000.4 490.5 1023.6 465.4 993.8 492.9 970.6 wheat 0
633.7 1011.6 580.4 1022.4 574.7 994.3 628.0 983.5 wheat 0
705.8 848.3 773.5 855.1 769.7 892.9 702.0 886.1 wheat 0
759.7 809.6 867.7 809.6 867.7 863.6 759.7 863.6 wheat 0
799.6 748.8 840.7 800.6 814.2 821.7 773.1 769.9 wheat 0
894.4 737.0 918.8 762.1 862.1 817.2 837.7 792.1 wheat 0
1020.7 767.9 921.6 809.8 907.0 775.3 1006.1 733.4 wheat 0
992.7 849.6 887.9 860.1 882.4 805.5 987.3 795.0 wheat 0
916.0 880.9 999.4 938.0 977.7 969.6 894.3 912.5 wheat 0
811.8 588.4 847.7 603.5 824.7 657.9 788.8 642.7 wheat 0
904.6 573.4 948.7 603.6 928.2 633.6 884.1 603.4 wheat 0
973.0 401.6 1003.6 427.4 905.7 543.6 875.1 517.8 wheat 0
922.1 403.3 1023.7 446.2 1011.7 474.6 910.1 431.7 wheat 0
862.2 271.3 943.8 315.9 923.7 352.6 842.1 308.0 wheat 0
967.8 262.1 1013.9 281.6 991.7 334.1 945.6 314.6 wheat 0
1020.9 128.2 933.7 201.6 899.1 160.5 986.2 87.1 wheat 0
912.2 178.5 833.7 244.6 791.7 194.7 870.2 128.6 wheat 0
877.7 148.6 747.3 161.7 740.0 88.6 870.4 75.5 wheat 0
678.4 87.3 708.8 93.4 694.1 166.0 663.7 159.8 wheat 0
656.8 136.9 606.3 179.5 576.7 144.3 627.2 101.8 wheat 0
528.7 181.6 473.6 238.3 442.3 207.9 497.4 151.2 wheat 0
391.7 62.6 444.7 62.6 444.7 147.6 391.7 147.6 wheat 0
340.0 34.7 222.5 71.0 212.5 38.5 330.0 2.2 wheat 0
516.3 1.3 562.6 32.9 521.7 92.6 475.5 61.0 wheat 0
151.7 464.9 100.2 518.0 75.8 494.3 127.3 441.2 wheat 0
41.5 777.8 77.7 797.6 36.9 872.3 0.7 852.5 wheat 0
635.4 219.8 672.2 223.5 669.0 255.4 632.2 251.7 wheat 0
717.4 232.8 695.3 242.1 684.0 215.4 706.1 206.1 wheat 0
