513.8 895.0 477.7 919.8 422.9 839.6 459.0 814.9 wheat 0
559.2 845.5 633.8 877.0 616.7 917.5 542.1 885.9 wheat 0
520.7 871.4 609.9 889.4 600.8 934.0 511.7 915.9 wheat 0
464.2 899.4 517.6 936.0 488.8 978.0 435.4 941.5 wheat 0
460.0 910.2 405.3 915.7 402.7 889.8 457.4 884.3 wheat 0
348.6 787.8 402.0 810.4 384.8 851.0 331.4 828.4 wheat 0
317.8 824.0 355.8 824.0 355.8 881.0 317.8 881.0 wheat 0
393.8 790.8 356.6 798.3 347.8 755.2 385.1 747.7 wheat 0
344.4 697.9 393.5 724.7 375.3 758.1 326.2 731.3 wheat 0
357.1 724.1 323.3 727.5 316.6 660.9 350.4 657.5 wheat 0
310.8 709.8 340.2 729.9 324.0 753.5 294.7 733.4 wheat 0
535.8 661.0 435.2 703.5 418.7 664.5 519.3 621.9 wheat 0
388.3 664.0 418.7 676.9 404.3 711.0 373.9 698.1 wheat 0
466.8 691.0 526.8 691.0 526.8 726.0 466.8 726.0 wheat 0
567.6 730.1 607.4 734.1 604.0 767.9 564.2 763.9 wheat 0
565.3 757.0 599.6 775.7 581.3 809.0 547.1 790.3 wheat 0
664.6 714.2 733.0 760.9 704.8 802.0 636.5 755.3 wheat 0
731.1 742.2 838.8 753.0 834.3 798.4 726.5 787.6 wheat 0
716.1 675.6 752.3 683.0 746.6 711.4 710.3 704.0 wheat 0
748.1 589.9 777.8 615.0 744.9 654.1 715.1 629.0 wheat 0
817.8 654.0 770.3 680.0 752.2 646.7 799.7 620.8 wheat 0
802.5 683.6 823.8 710.4 797.8 731.0 776.6 704.2 wheat 0
927.7 708.3 888.9 734.9 866.9 702.7 905.7 676.1 wheat 0
746.8 793.0 789.8 793.0 789.8 816.0 746.8 816.0 wheat 0
740.7 810.5 786.6 824.7 778.9 849.5 733.1 835.3 wheat 0
482.8 1002.0 531.8 1002.0 531.8 1022.0 482.8 1022.0 wheat 0
278.5 823.1 330.2 833.5 297.8 993.0 246.1 982.5 wheat 0
262.8 979.0 204.7 984.8 201.3 950.6 259.4 944.7 wheat 0
133.0 855.9 209.3 888.1 192.8 927.0 116.6 894.8 wheat 0
150.3 808.4 211.6 841.9 190.8 880.0 129.5 846.5 wheat 0
107.8 767.0 163.8 767.0 163.8 818.0 107.8 818.0 wheat 0
9.3 784.9 51.0 793.4 43.8 829.0 2.0 820.5 wheat 0
155.8 670.0 193.8 670.0 193.8 715.0 155.8 715.0 wheat 0
300.4 604.4 272.8 616.1 255.3 574.6 282.9 562.9 wheat 0
311.1 577.0 347.9 584.5 335.8 644.0 299.1 636.6 wheat 0
224.4 333.7 274.8 355.0 222.8 478.0 172.4 456.7 wheat 0
919.4 855.4 947.5 874.6 928.3 902.6 900.2 883.4 wheat 0
925.7 910.8 1001.1 926.1 993.0 966.2 917.5 950.9 wheat 0
955.9 693.8 1021.0 693.8 1021.0 722.5 955.9 722.5 wheat 0
562.8 145.5 597.6 149.0 588.2 242.5 553.4 239.0 wheat 0
663.9 137.6 689.8 159.4 637.0 222.0 611.2 200.2 wheat 0
710.0 217.0 655.2 222.5 651.7 187.7 706.5 182.2 wheat 0
681.0 235.0 648.0 245.2 640.4 220.5 673.4 210.3 wheat 0
662.2 235.8 706.9 240.3 704.8 261.2 660.1 256.7 wheat 0
793.2 166.2 825.9 193.7 770.0 260.0 737.3 232.5 wheat 0
862.0 272.0 824.9 292.3 808.0 261.3 845.1 241.0 wheat 0
760.0 331.0 716.3 354.8 698.8 322.8 742.5 299.0 wheat 0
868.2 318.4 906.9 326.3 897.0 375.0 858.3 367.2 wheat 0
358.0 305.0 394.0 305.0 394.0 337.0 358.0 337.0 wheat 0
218.7 233.1 249.2 258.9 227.3 284.9 196.8 259.1 wheat 0
106.3 255.3 176.0 303.0 138.5 357.8 68.9 310.1 wheat 0
157.8 149.4 126.3 159.2 117.2 129.6 148.7 119.8 wheat 0
156.0 98.0 117.1 105.9 97.5 9.3 136.4 1.4 wheat 0
13.0 107.0 63.0 107.0 63.0 141.0 13.0 141.0 wheat 0
485.6 24.0 515.6 61.8 436.0 125.0 406.0 87.2 wheat 0
720.2 51.6 752.0 69.0 709.6 146.5 677.8 129.2 wheat 0
899.0 168.0 852.0 182.5 838.4 138.4 885.3 123.8 wheat 0
902.8 2.5 934.8 16.1 887.0 129.0 855.0 115.5 wheat 0
1001.1 213.9 960.4 218.0 956.6 180.1 997.4 176.0 wheat 0
980.4 88.0 1012.4 88.0 1012.4 149.0 980.4 149.0 wheat 0
