502.8 339.0 625.8 363.9 617.7 403.6 494.8 378.7 wheat 0
468.1 242.9 575.9 301.8 555.7 338.6 447.9 279.7 wheat 0
583.5 285.5 679.9 315.4 669.0 350.7 572.5 320.9 wheat 0
622.1 258.7 722.0 289.6 712.7 319.6 612.8 288.7 wheat 0
614.7 196.4 666.7 240.2 646.8 263.9 594.7 220.1 wheat 0
774.8 226.5 825.9 261.5 810.7 283.8 759.5 248.8 wheat 0
729.7 203.8 787.1 276.1 758.7 298.6 701.3 226.3 wheat 0
889.9 326.8 868.7 348.6 815.2 296.6 836.3 274.8 wheat 0
894.4 290.1 944.8 342.0 929.7 356.6 879.4 304.8 wheat 0
967.7 328.6 1019.7 328.6 1019.7 367.6 967.7 367.6 wheat 0
907.8 504.8 870.9 520.4 810.8 378.2 847.7 362.6 wheat 0
808.2 429.2 783.4 446.1 751.3 399.1 776.0 382.1 wheat 0
867.1 511.0 962.8 609.5 929.7 641.6 834.1 543.1 wheat 0
848.5 709.9 923.7 787.4 895.0 815.3 819.8 737.8 wheat 0
658.7 670.6 632.9 688.3 597.3 636.3 623.2 618.6 wheat 0
430.5 743.7 542.3 766.3 534.9 802.6 423.2 779.9 wheat 0
447.7 724.6 525.7 724.6 525.7 751.6 447.7 751.6 wheat 0
303.2 685.5 396.3 704.4 389.3 738.7 296.2 719.8 wheat 0
237.1 585.0 376.5 628.1 364.4 667.3 224.9 624.1 wheat 0
241.2 621.9 341.6 664.3 327.2 698.4 226.8 655.9 wheat 0
109.3 623.0 83.8 649.3 9.2 576.9 34.7 550.6 wheat 0
46.5 666.4 114.7 736.6 91.7 759.0 23.5 688.8 wheat 0
254.9 803.7 223.8 824.9 180.7 761.9 211.7 740.6 wheat 0
357.1 787.4 336.5 813.3 261.2 753.5 281.7 727.6 wheat 0
145.7 808.4 207.6 834.5 195.6 862.8 133.7 836.6 wheat 0
172.7 937.6 280.2 996.3 268.0 1018.8 160.5 960.1 wheat 0
80.5 998.1 48.1 1015.9 3.9 935.1 36.4 917.4 wheat 0
493.2 881.1 565.8 942.3 543.3 969.1 470.6 907.9 wheat 0
588.7 944.6 644.2 1001.7 625.7 1019.7 570.2 962.6 wheat 0
345.8 339.6 314.7 371.6 204.6 264.7 235.7 232.6 wheat 0
185.7 293.6 308.7 360.8 292.8 389.8 169.9 322.7 wheat 0
267.1 405.4 234.6 415.4 218.4 362.9 250.9 352.8 wheat 0
138.7 370.6 196.6 419.3 183.1 435.3 125.3 386.6 wheat 0
232.9 455.3 214.9 477.9 178.8 449.3 196.7 426.6 wheat 0
11.8 343.7 82.7 365.6 74.1 393.7 3.1 371.7 wheat 0
25.2 314.6 91.2 359.8 74.3 384.6 8.3 339.4 wheat 0
37.9 208.2 116.0 250.9 100.6 279.0 22.5 236.3 wheat 0
256.0 107.8 328.4 168.8 305.7 195.6 233.4 134.7 wheat 0
271.6 61.2 311.3 102.1 296.9 116.0 257.2 75.1 wheat 0
398.7 110.6 372.7 121.6 342.5 50.0 368.5 39.0 wheat 0
471.0 22.6 542.5 82.8 520.7 108.6 449.2 48.4 wheat 0
580.7 762.6 612.7 762.6 612.7 791.6 580.7 791.6 wheat 0
693.3 758.3 731.5 770.1 724.1 794.0 685.9 782.1 wheat 0
395.2 49.8 448.7 72.4 434.2 106.4 380.8 83.9 wheat 0
226.4 -6.6 324.8 23.8 312.1 64.9 213.7 34.4 wheat 0
132.8 4.1 203.2 63.4 180.6 90.1 110.3 30.9 wheat 0
367.9 995.6 418.9 1006.0 415.5 1022.6 364.6 1012.3 wheat 0
