802.6 459.6 571.3 506.5 558.0 440.9 789.3 394.0 wheat 0
569.7 460.5 402.1 494.5 392.0 444.5 559.5 410.6 wheat 0
418.1 493.8 253.5 527.2 242.5 473.3 407.2 439.9 wheat 0
482.3 173.0 571.3 173.0 571.3 236.0 482.3 236.0 wheat 0
835.1 18.0 898.8 30.9 870.6 170.1 806.9 157.2 wheat 0
711.7 3.1 854.8 32.1 842.9 90.9 699.8 61.9 wheat 0
4.3 45.0 57.3 45.0 57.3 195.0 4.3 195.0 wheat 0
20.6 473.0 178.2 521.7 161.1 577.1 3.4 528.4 wheat 0
165.4 583.2 211.4 641.1 103.3 726.9 57.3 669.0 wheat 0
66.9 761.2 238.8 814.4 215.8 888.9 43.8 835.7 wheat 0
269.1 749.5 399.5 775.9 386.5 839.6 256.2 813.2 wheat 0
646.3 677.0 805.3 677.0 805.3 739.0 646.3 739.0 wheat 0
892.0 654.2 919.2 707.7 808.7 763.9 781.5 710.4 wheat 0
864.0 570.2 891.9 642.0 745.6 698.9 717.7 627.1 wheat 0
915.1 418.7 946.3 480.0 741.2 584.5 709.9 523.1 wheat 0
758.3 962.0 961.2 962.0 961.2 1019.0 758.3 1019.0 wheat 0
