441.7 584.6 402.4 588.6 395.3 517.3 434.6 513.4 wheat 0
398.6 455.9 355.5 464.7 348.9 432.3 392.0 423.6 wheat 0
623.7 408.6 657.7 408.6 657.7 459.6 623.7 459.6 wheat 0
887.4 380.9 815.7 388.1 812.1 352.3 883.8 345.1 wheat 0
837.8 323.3 801.5 348.2 763.7 292.9 800.0 268.0 wheat 0
789.7 343.6 741.4 370.0 723.5 337.4 771.9 311.0 wheat 0
715.7 314.6 663.2 336.8 647.4 299.4 699.9 277.2 wheat 0
734.7 370.6 700.9 393.8 670.7 349.6 704.5 326.4 wheat 0
493.9 245.6 572.2 253.5 568.7 287.6 490.5 279.8 wheat 0
537.7 252.6 505.3 286.0 481.4 262.8 513.8 229.4 wheat 0
520.7 223.6 494.7 241.4 459.7 190.4 485.8 172.6 wheat 0
688.7 192.6 606.8 217.9 594.5 178.1 676.4 152.8 wheat 0
684.1 148.7 707.9 156.1 696.4 193.3 672.5 185.9 wheat 0
306.7 197.6 208.8 264.6 186.8 232.4 284.7 165.4 wheat 0
207.3 152.7 180.1 171.3 137.2 108.6 164.4 89.9 wheat 0
152.4 146.2 127.8 159.7 99.1 107.0 123.6 93.6 wheat 0
33.1 540.5 70.7 552.1 38.7 655.6 1.1 644.0 wheat 0
122.7 581.6 102.3 588.0 85.1 532.5 105.6 526.1 wheat 0
43.7 670.6 89.7 670.6 89.7 691.6 43.7 691.6 wheat 0
111.9 641.5 147.0 648.7 138.7 689.6 103.6 682.5 wheat 0
101.7 715.6 128.7 715.6 128.7 737.6 101.7 737.6 wheat 0
2.7 801.6 28.7 801.6 28.7 832.6 2.7 832.6 wheat 0
378.7 752.6 278.2 762.7 274.1 722.6 374.7 712.5 wheat 0
321.7 645.6 354.7 645.6 354.7 688.6 321.7 688.6 wheat 0
487.1 679.0 456.3 695.8 431.4 650.2 462.1 633.4 wheat 0
383.7 813.2 334.9 863.4 309.8 839.0 358.6 788.8 wheat 0
363.3 802.7 434.9 817.2 429.1 845.6 357.6 831.1 wheat 0
512.6 624.9 537.9 646.2 499.9 691.3 474.6 670.0 wheat 0
661.7 662.6 606.0 686.2 588.1 643.9 643.9 620.3 wheat 0
686.6 742.5 632.2 772.3 614.9 740.7 669.3 711.0 wheat 0
816.4 708.0 783.2 722.0 757.1 660.3 790.3 646.3 wheat 0
934.0 462.8 974.8 466.9 966.5 549.5 925.7 545.4 wheat 0
984.7 420.6 861.2 576.3 831.2 552.6 954.8 396.8 wheat 0
984.1 308.7 1011.8 320.3 983.3 387.6 955.7 375.9 wheat 0
813.8 144.6 841.3 167.8 791.7 226.6 764.2 203.4 wheat 0
790.7 132.6 757.4 150.8 730.6 101.9 764.0 83.6 wheat 0
707.3 29.7 738.0 46.4 711.2 95.6 680.5 78.8 wheat 0
632.7 59.6 670.7 59.6 670.7 124.6 632.7 124.6 wheat 0
454.7 21.6 509.7 21.6 509.7 71.6 454.7 71.6 wheat 0
445.7 122.6 485.7 122.6 485.7 182.6 445.7 182.6 wheat 0
493.3 90.0 453.7 117.1 440.2 97.3 479.8 70.2 wheat 0
88.7 236.6 121.7 236.6 121.7 315.6 88.7 315.6 wheat 0
107.7 303.6 157.7 303.6 157.7 338.6 107.7 338.6 wheat 0
137.7 320.6 188.7 320.6 188.7 356.6 137.7 356.6 wheat 0
39.4 319.7 98.5 360.1 79.7 387.6 20.6 347.2 wheat 0
220.7 412.6 257.7 412.6 257.7 489.6 220.7 489.6 wheat 0
216.6 351.9 246.4 368.2 234.9 389.3 205.1 373.0 wheat 0
325.8 345.3 353.0 360.1 336.7 390.0 309.5 375.1 wheat 0
345.5 313.6 321.0 318.6 311.0 269.6 335.5 264.6 wheat 0
338.3 206.6 396.3 231.1 384.2 259.7 326.2 235.1 wheat 0
457.9 330.6 417.7 352.6 399.3 318.9 439.5 297.0 wheat 0
530.7 368.6 574.7 368.6 574.7 392.6 530.7 392.6 wheat 0
833.1 647.2 873.9 681.5 857.7 700.6 817.0 666.3 wheat 0
724.7 598.6 758.7 598.6 758.7 649.6 724.7 649.6 wheat 0
865.5 717.4 935.5 747.0 919.9 783.8 849.9 754.2 wheat 0
862.8 766.2 934.5 788.4 925.6 817.0 854.0 794.9 wheat 0
858.9 746.2 822.6 771.0 796.6 733.1 832.9 708.2 wheat 0
848.3 799.1 794.9 821.7 783.2 794.1 836.6 771.5 wheat 0
914.7 975.6 880.6 990.0 849.0 915.2 883.1 900.8 wheat 0
922.2 873.9 946.9 890.8 910.7 943.6 886.1 926.8 wheat 0
669.7 912.6 783.7 912.6 783.7 956.6 669.7 956.6 wheat 0
585.8 884.4 618.3 894.4 607.7 928.8 575.2 918.8 wheat 0
568.3 874.4 589.3 880.9 575.2 926.8 554.1 920.3 wheat 0
428.5 902.3 360.7 948.6 338.6 916.3 406.4 870.0 wheat 0
240.5 922.1 187.1 944.7 175.0 916.1 228.4 893.5 wheat 0
946.7 862.6 1023.7 862.6 1023.7 896.6 946.7 896.6 wheat 0
989.3 899.0 1013.8 919.6 966.1 976.2 941.7 955.6 wheat 0
899.7 976.6 967.7 976.6 967.7 1004.6 899.7 1004.6 wheat 0
73.9 43.0 14.9 67.9 3.6 41.2 62.6 16.3 wheat 0
119.7 117.5 84.5 124.7 73.7 71.7 109.0 64.6 wheat 0
880.7 20.6 922.7 20.6 922.7 98.6 880.7 98.6 wheat 0
949.9 98.8 988.6 115.1 957.3 188.9 918.7 172.6 wheat 0
993.7 143.3 1016.6 162.6 981.8 203.9 958.9 184.6 wheat 0
946.7 62.6 976.7 62.6 976.7 104.6 946.7 104.6 wheat 0
683.6 935.9 734.5 1000.2 707.9 1021.3 656.9 957.1 wheat 0
822.0 964.8 854.3 1005.5 835.5 1020.4 803.2 979.7 wheat 0
174.9 512.7 121.4 529.2 112.6 500.6 166.1 484.0 wheat 0
372.2 771.8 409.0 775.5 406.2 803.4 369.4 799.7 wheat 0
565.1 16.0 598.5 26.3 591.4 49.3 558.0 38.9 wheat 0
362.4 55.0 391.4 60.9 366.7 182.6 337.8 176.7 wheat 0
