605.1 588.5 679.1 588.5 679.1 665.5 605.1 665.5 wheat 0
859.1 668.5 833.0 679.5 781.7 558.1 807.7 547.1 wheat 0
592.1 871.5 542.5 876.5 531.7 769.2 581.3 764.3 wheat 0
485.8 733.7 526.1 750.7 494.1 826.5 453.8 809.5 wheat 0
441.1 690.5 481.1 690.5 481.1 744.5 441.1 744.5 wheat 0
439.1 648.7 378.1 674.5 361.8 636.0 422.8 610.2 wheat 0
344.0 807.0 125.2 829.0 121.2 789.5 340.1 767.5 wheat 0
204.0 801.9 345.1 830.5 337.0 870.5 195.9 841.9 wheat 0
574.7 967.5 532.5 980.6 509.9 907.5 552.1 894.5 wheat 0
572.9 435.2 524.1 485.5 482.2 444.8 531.0 394.5 wheat 0
666.1 455.5 622.4 459.9 617.9 415.6 661.6 411.2 wheat 0
919.5 278.2 787.1 350.5 768.4 316.3 900.8 244.0 wheat 0
594.3 126.9 691.1 146.5 682.1 190.7 585.4 171.1 wheat 0
382.5 71.0 498.2 94.5 486.1 154.5 370.4 131.1 wheat 0
421.6 133.7 478.1 145.2 448.1 293.5 391.5 282.0 wheat 0
189.1 281.5 154.2 288.6 134.0 189.1 168.9 182.0 wheat 0
358.2 106.0 220.1 181.5 191.8 129.8 330.0 54.3 wheat 0
0.0 167.8 48.1 167.8 48.1 245.5 0.0 245.5 wheat 0
790.1 102.5 688.6 188.0 658.8 152.5 760.2 67.1 wheat 0
384.4 276.4 498.1 311.5 483.5 358.7 369.8 323.6 wheat 0
