150.9 627.2 214.5 636.2 161.7 1010.6 98.1 1001.6 wheat 0
340.8 894.6 473.2 907.9 465.7 982.6 333.3 969.3 wheat 0
225.5 939.6 293.6 968.4 280.0 1000.6 211.8 971.8 wheat 0
629.7 858.6 562.3 887.1 495.7 729.7 563.2 701.1 wheat 0
792.7 598.6 695.3 628.8 682.8 588.2 780.2 558.1 wheat 0
755.3 574.2 784.1 598.5 710.7 685.6 681.9 661.3 wheat 0
938.9 535.7 846.8 574.6 822.6 517.5 914.7 478.6 wheat 0
981.7 385.2 1023.6 408.0 928.7 581.6 886.9 558.7 wheat 0
992.6 129.6 1023.5 142.7 948.7 319.6 917.8 306.6 wheat 0
993.7 184.6 1024.0 184.6 1024.0 357.4 993.7 357.4 wheat 0
895.3 106.8 784.7 220.6 745.7 182.7 856.2 68.9 wheat 0
856.7 0.6 932.7 0.6 932.7 103.6 856.7 103.6 wheat 0
683.2 70.8 840.0 86.5 833.7 148.6 677.0 132.9 wheat 0
652.8 1.3 711.7 41.6 565.3 255.6 506.4 215.3 wheat 0
143.4 169.9 236.7 169.9 236.7 236.6 143.4 236.6 wheat 0
248.7 172.2 368.0 272.7 324.8 324.0 205.5 223.5 wheat 0
272.6 6.7 317.3 15.8 285.7 171.6 241.0 162.5 wheat 0
192.4 269.6 255.1 282.3 249.1 311.7 186.4 299.0 wheat 0
