757.0 934.5 671.8 951.7 661.4 900.8 746.7 883.5 wheat 0
922.9 839.6 880.5 857.6 860.6 810.6 903.0 792.7 wheat 0
903.7 849.6 933.7 849.6 933.7 893.6 903.7 893.6 wheat 0
828.7 705.6 863.7 705.6 863.7 773.6 828.7 773.6 wheat 0
810.9 678.7 751.7 739.6 721.3 710.0 780.4 649.1 wheat 0
806.7 479.6 851.7 488.7 840.8 542.6 795.7 533.5 wheat 0
963.5 600.5 997.4 619.0 957.7 691.6 923.8 673.1 wheat 0
765.8 415.0 811.5 440.0 740.7 569.6 695.0 544.6 wheat 0
738.7 261.6 789.7 261.6 789.7 393.6 738.7 393.6 wheat 0
838.6 191.6 878.3 199.6 852.7 325.6 813.0 317.6 wheat 0
902.0 149.5 943.1 184.2 878.7 260.6 837.6 226.0 wheat 0
585.7 178.6 535.5 188.8 515.4 89.4 565.6 79.2 wheat 0
