446.6 445.5 499.6 445.5 499.6 483.5 446.6 483.5 wheat 0
560.6 457.5 648.6 457.5 648.6 524.5 560.6 524.5 wheat 0
741.6 629.5 674.5 636.2 668.9 581.1 736.1 574.4 wheat 0
658.7 695.6 737.9 749.8 706.6 795.5 627.4 741.3 wheat 0
850.6 943.5 785.9 956.6 758.4 821.0 823.1 807.8 wheat 0
898.6 927.8 1000.6 983.5 978.6 1023.8 876.6 968.1 wheat 0
633.6 944.5 596.9 964.6 519.2 822.3 555.9 802.3 wheat 0
299.9 941.3 386.4 950.0 380.4 1010.7 293.8 1002.0 wheat 0
141.5 629.4 214.8 644.2 202.6 704.5 129.2 689.6 wheat 0
207.6 545.5 150.3 563.3 131.3 501.9 188.6 484.2 wheat 0
1.6 465.5 42.6 465.5 42.6 558.5 1.6 558.5 wheat 0
157.6 756.5 78.6 781.0 63.9 733.6 143.0 709.1 wheat 0
146.2 832.3 227.8 857.5 208.6 919.5 127.0 894.3 wheat 0
353.6 795.5 311.4 831.1 229.9 734.3 272.1 698.7 wheat 0
259.8 449.0 305.3 453.5 300.6 500.5 255.1 495.9 wheat 0
358.6 338.5 263.5 403.6 230.9 356.0 326.1 290.9 wheat 0
352.4 259.7 459.4 318.2 428.6 374.5 321.6 316.0 wheat 0
260.9 180.7 364.8 212.8 346.6 271.5 242.8 239.4 wheat 0
327.6 115.5 277.8 136.6 248.4 67.0 298.2 46.0 wheat 0
547.6 130.5 498.6 145.7 465.1 37.3 514.1 22.1 wheat 0
606.3 55.8 709.1 111.9 677.6 169.5 574.9 113.4 wheat 0
869.6 231.5 806.4 251.1 779.0 162.5 842.2 142.9 wheat 0
867.4 225.7 927.9 288.0 899.6 315.5 839.1 253.2 wheat 0
962.6 284.5 1011.6 284.5 1011.6 333.5 962.6 333.5 wheat 0
940.6 433.5 1016.6 433.5 1016.6 524.6 940.6 524.6 wheat 0
845.1 438.5 921.4 490.8 895.6 528.5 819.3 476.3 wheat 0
740.6 308.5 814.6 308.5 814.6 358.5 740.6 358.5 wheat 0
833.6 396.5 789.8 426.5 755.4 376.2 799.2 346.2 wheat 0
662.5 305.7 766.5 393.4 727.6 439.5 623.6 351.9 wheat 0
919.9 514.3 977.6 545.8 928.6 635.5 870.9 604.0 wheat 0
