294.1 122.9 501.3 187.0 477.0 265.7 269.8 201.6 wheat 0
299.3 228.0 30.3 341.8 0.0 270.1 269.0 156.4 wheat 0
332.5 295.4 288.1 332.8 228.2 261.7 272.5 224.3 wheat 0
793.7 50.3 833.3 112.0 754.6 162.6 714.9 100.8 wheat 0
823.1 243.9 894.3 274.0 836.8 410.0 765.6 379.9 wheat 0
584.7 680.9 638.3 736.1 532.3 839.0 478.7 783.8 wheat 0
893.3 834.0 621.9 982.3 572.9 892.6 844.3 744.3 wheat 0
842.2 876.1 898.4 906.8 840.4 1013.0 784.2 982.3 wheat 0
122.3 701.0 175.5 768.1 53.3 865.0 0.1 798.0 wheat 0
239.3 468.1 369.3 523.0 340.4 591.4 210.3 536.5 wheat 0
379.3 591.1 495.8 627.2 481.4 674.0 364.8 637.9 wheat 0
376.2 766.2 335.7 800.4 249.4 697.9 289.9 663.7 wheat 0
91.9 589.9 34.2 595.7 22.8 482.2 80.5 476.4 wheat 0
