599.1 862.1 661.1 862.1 661.1 962.1 599.1 962.1 wheat 0
728.4 412.9 760.6 467.9 671.3 520.1 639.1 465.1 wheat 0
795.9 538.0 908.0 589.4 885.1 639.1 773.1 587.7 wheat 0
553.3 599.9 663.2 633.9 652.0 670.2 542.1 636.2 wheat 0
426.3 420.3 504.4 473.7 465.6 530.5 387.5 477.1 wheat 0
672.9 83.8 511.5 152.0 483.7 86.3 645.1 18.1 wheat 0
97.5 118.3 150.2 147.1 90.7 255.9 38.1 227.1 wheat 0
176.1 129.1 290.1 129.1 290.1 190.1 176.1 190.1 wheat 0
371.1 819.1 438.1 819.1 438.1 887.1 371.1 887.1 wheat 0
508.1 794.1 586.1 794.1 586.1 862.1 508.1 862.1 wheat 0
5.1 759.1 96.1 759.1 96.1 807.1 5.1 807.1 wheat 0
898.0 709.9 783.4 733.2 773.2 683.2 887.9 660.0 wheat 0
836.5 883.7 727.3 928.6 709.0 884.0 818.1 839.1 wheat 0
570.0 676.1 653.4 721.7 631.3 762.0 547.9 716.5 wheat 0
459.5 102.3 552.0 180.2 501.8 239.9 409.2 161.9 wheat 0
992.4 910.7 882.7 957.0 860.9 905.5 970.5 859.1 wheat 0
184.1 306.1 257.1 306.1 257.1 382.1 184.1 382.1 wheat 0
296.1 290.1 339.1 290.1 339.1 343.1 296.1 343.1 wheat 0
67.1 365.1 163.1 365.1 163.1 423.1 67.1 423.1 wheat 0
337.1 350.1 432.1 350.1 432.1 408.1 337.1 408.1 wheat 0
216.1 719.1 307.1 719.1 307.1 802.1 216.1 802.1 wheat 0
562.1 187.1 688.1 187.1 688.1 239.1 562.1 239.1 wheat 0
783.1 174.1 888.1 174.1 888.1 251.1 783.1 251.1 wheat 0
751.1 64.1 815.1 64.1 815.1 109.1 751.1 109.1 wheat 0
421.1 708.1 512.1 708.1 512.1 755.1 421.1 755.1 wheat 0
804.7 785.4 731.8 825.2 702.6 771.7 775.4 731.9 wheat 0
934.1 562.1 1023.1 562.1 1023.1 618.1 934.1 618.1 wheat 0
905.1 757.1 1024.0 757.1 1024.0 829.6 905.1 829.6 wheat 0
1000.7 989.7 892.9 1023.0 878.4 976.3 986.2 942.9 wheat 0
300.1 469.1 384.1 469.1 384.1 545.1 300.1 545.1 wheat 0
160.1 815.1 262.1 815.1 262.1 871.1 160.1 871.1 wheat 0
503.1 271.1 593.1 271.1 593.1 328.1 503.1 328.1 wheat 0
651.1 301.1 766.1 301.1 766.1 375.1 651.1 375.1 wheat 0
776.0 402.3 830.6 432.0 792.6 501.5 738.1 471.7 wheat 0
