611.9 590.4 768.7 639.0 756.6 678.1 599.7 629.6 wheat 0
609.9 588.4 766.7 637.0 754.6 676.1 597.7 627.6 wheat 0
607.9 586.4 764.7 635.0 752.6 674.1 595.7 625.6 wheat 0
775.3 847.6 899.9 860.1 896.4 895.1 771.7 882.6 wheat 0
246.4 288.6 360.9 300.1 358.2 327.1 243.7 315.6 wheat 0
341.4 586.3 449.8 612.9 441.2 648.2 332.7 621.6 wheat 0
300.7 537.2 380.7 562.0 369.7 597.4 289.7 572.6 wheat 0
381.9 550.7 483.5 585.5 476.3 606.4 374.7 571.6 wheat 0
326.1 464.8 453.0 518.5 441.6 545.3 314.7 491.6 wheat 0
412.7 481.8 503.0 509.7 495.0 535.5 404.7 507.6 wheat 0
519.4 641.2 657.9 655.1 655.3 681.5 516.7 667.6 wheat 0
579.6 655.0 690.7 677.5 682.9 716.1 571.7 693.6 wheat 0
385.6 417.1 454.8 446.4 436.0 490.9 366.7 461.6 wheat 0
930.5 523.4 1006.1 564.6 992.3 589.9 916.7 548.6 wheat 0
703.9 424.9 778.2 487.5 759.0 510.2 684.7 447.6 wheat 0
697.0 469.2 825.7 509.0 814.4 545.4 685.7 505.6 wheat 0
716.8 373.5 836.1 438.6 819.0 469.8 699.7 404.6 wheat 0
751.1 531.7 856.8 576.4 845.4 603.3 739.7 558.6 wheat 0
863.0 549.0 974.1 609.6 956.8 641.3 845.7 580.6 wheat 0
692.2 143.9 783.5 193.8 767.7 222.6 676.4 172.7 wheat 0
855.1 239.9 916.9 291.9 902.7 308.6 841.0 256.6 wheat 0
916.9 219.3 890.5 237.4 856.6 187.9 883.0 169.8 wheat 0
945.5 195.3 1001.3 206.6 995.0 238.0 939.1 226.6 wheat 0
889.7 106.5 960.5 166.2 940.7 189.6 869.9 130.0 wheat 0
735.1 3.5 832.0 85.1 814.7 105.6 717.9 24.0 wheat 0
656.7 36.6 569.8 63.5 561.3 36.2 648.3 9.3 wheat 0
594.7 118.6 671.1 150.9 659.8 177.6 583.4 145.3 wheat 0
583.8 156.3 673.5 205.2 654.7 239.6 565.1 190.6 wheat 0
511.9 146.0 605.8 197.3 589.7 226.6 495.9 175.3 wheat 0
628.5 238.0 717.3 298.7 698.2 326.6 609.5 265.8 wheat 0
762.7 287.1 866.9 319.3 855.9 354.8 751.7 322.6 wheat 0
656.7 379.6 720.7 379.6 720.7 411.6 656.7 411.6 wheat 0
516.1 514.9 611.4 580.1 585.7 617.6 490.4 552.4 wheat 0
965.7 770.6 1023.7 770.6 1023.7 805.6 965.7 805.6 wheat 0
967.6 795.7 1021.1 812.3 1015.8 829.5 962.3 812.9 wheat 0
449.2 9.1 524.7 41.0 510.3 75.1 434.8 43.2 wheat 0
304.0 6.8 411.8 40.2 402.7 69.6 294.9 36.2 wheat 0
399.3 210.9 496.9 241.0 487.7 270.6 390.2 240.4 wheat 0
310.0 148.5 393.5 194.2 380.7 217.6 297.2 172.0 wheat 0
225.2 96.6 301.8 138.5 289.7 160.6 213.1 118.8 wheat 0
159.9 151.0 233.5 191.2 217.4 220.7 143.8 180.4 wheat 0
135.4 143.1 212.2 195.6 193.7 222.6 117.0 170.1 wheat 0
188.9 225.7 231.8 255.0 220.5 271.5 177.6 242.2 wheat 0
239.7 223.3 287.8 249.6 280.7 262.6 232.6 236.3 wheat 0
14.2 163.7 98.8 199.5 87.7 225.6 3.2 189.9 wheat 0
142.4 422.2 256.9 453.9 248.7 483.6 134.2 451.9 wheat 0
155.6 519.3 292.5 577.2 276.7 614.6 139.7 556.7 wheat 0
222.9 584.4 292.7 605.9 285.6 628.9 215.8 607.3 wheat 0
123.6 559.3 236.5 607.0 222.7 639.6 109.8 591.9 wheat 0
238.5 619.7 345.5 652.8 337.0 680.5 230.0 647.4 wheat 0
319.9 647.1 369.0 662.3 361.7 685.6 312.7 670.4 wheat 0
343.9 666.3 444.3 686.6 434.7 733.6 334.4 713.3 wheat 0
550.7 594.3 611.7 636.1 594.8 660.9 533.7 619.1 wheat 0
663.6 853.0 755.3 881.4 747.9 905.2 656.2 876.9 wheat 0
884.9 894.4 956.7 901.6 954.5 924.0 882.7 916.8 wheat 0
954.1 938.2 863.9 956.5 859.4 934.0 949.5 915.7 wheat 0
690.8 946.9 755.3 974.1 746.7 994.4 682.2 967.1 wheat 0
603.6 938.2 671.1 959.1 663.2 984.5 595.7 963.6 wheat 0
462.7 854.1 575.1 865.3 571.8 898.2 459.4 886.9 wheat 0
458.8 885.0 551.5 924.2 540.7 949.6 448.0 910.4 wheat 0
426.2 944.1 540.7 955.6 536.5 998.2 421.9 986.7 wheat 0
311.7 843.0 402.5 905.1 385.7 929.6 294.9 867.5 wheat 0
307.4 797.6 399.0 806.8 395.7 839.6 304.1 830.4 wheat 0
220.1 702.6 300.7 710.7 298.3 734.6 217.7 726.5 wheat 0
125.0 754.9 247.4 774.7 242.5 805.3 120.1 785.5 wheat 0
53.9 771.3 149.4 836.7 133.7 859.6 38.2 794.3 wheat 0
100.7 836.1 185.7 862.4 177.8 888.2 92.7 861.9 wheat 0
179.9 869.0 315.3 910.8 305.7 941.6 170.4 899.8 wheat 0
204.7 971.8 337.0 985.0 333.7 1017.6 201.4 1004.3 wheat 0
31.6 820.2 100.9 858.1 88.9 880.0 19.6 842.1 wheat 0
42.8 597.1 155.2 644.6 142.7 674.1 30.3 626.6 wheat 0
18.3 517.5 115.7 570.7 104.2 591.8 6.8 538.5 wheat 0
86.1 481.7 158.7 521.3 136.7 561.6 64.1 522.0 wheat 0
43.7 991.6 154.7 991.6 154.7 1023.6 43.7 1023.6 wheat 0
