96.2 202.8 289.2 334.8 251.1 390.5 58.1 258.5 wheat 0
288.4 279.0 329.8 296.5 287.1 397.5 245.7 380.0 wheat 0
124.1 255.5 79.8 264.5 54.0 137.1 98.3 128.2 wheat 0
304.2 14.4 361.3 53.5 210.1 274.5 152.9 235.4 wheat 0
402.1 158.5 279.4 261.8 241.4 216.8 364.1 113.5 wheat 0
420.8 71.0 457.0 95.7 362.1 234.5 325.9 209.8 wheat 0
609.1 95.5 469.9 109.5 465.3 63.6 604.5 49.6 wheat 0
662.9 27.5 714.6 32.7 707.1 107.5 655.4 102.3 wheat 0
746.8 82.9 786.2 99.6 754.1 175.5 714.7 158.9 wheat 0
1016.1 63.5 900.6 112.3 877.0 56.6 992.5 7.8 wheat 0
857.1 307.5 738.4 429.7 697.7 390.2 816.4 268.0 wheat 0
787.3 482.4 912.2 494.9 904.1 575.5 779.2 563.0 wheat 0
1022.3 683.4 888.4 756.5 861.4 707.0 995.2 633.9 wheat 0
423.2 465.8 484.3 491.6 409.1 669.5 348.0 643.7 wheat 0
222.2 484.3 358.1 655.5 322.8 683.5 187.0 512.3 wheat 0
208.1 700.5 134.4 707.9 129.0 654.0 202.7 646.6 wheat 0
102.1 488.5 51.5 498.8 24.2 364.1 74.8 353.9 wheat 0
83.9 348.0 305.1 441.5 282.2 495.6 61.1 402.1 wheat 0
547.1 458.5 446.6 489.6 431.8 441.6 532.2 410.6 wheat 0
619.8 236.1 666.4 245.5 628.1 434.5 581.5 425.1 wheat 0
756.1 499.5 458.6 559.8 447.7 506.1 745.2 445.8 wheat 0
572.1 597.5 438.4 610.9 433.1 558.7 566.8 545.2 wheat 0
624.1 681.5 514.3 703.8 501.4 640.1 611.2 617.9 wheat 0
754.1 606.5 671.7 632.0 636.8 519.3 719.2 493.9 wheat 0
592.1 888.5 440.6 935.4 424.7 883.9 576.2 837.1 wheat 0
433.1 906.5 221.5 949.4 209.9 892.1 421.4 849.2 wheat 0
81.1 796.2 197.1 859.5 168.8 911.2 52.9 847.8 wheat 0
290.1 733.5 128.8 801.7 109.1 755.0 270.3 686.8 wheat 0
373.1 869.5 320.6 905.4 258.0 813.8 310.4 777.9 wheat 0
248.9 900.2 299.4 927.8 247.1 1023.5 196.6 995.9 wheat 0
256.1 969.5 422.0 969.5 422.0 1024.0 256.1 1024.0 wheat 0
957.1 969.5 803.9 1000.6 793.3 948.1 946.4 917.1 wheat 0
614.1 410.5 555.7 428.6 525.6 331.5 584.0 313.4 wheat 0
551.2 249.0 648.6 268.7 637.1 325.5 539.7 305.8 wheat 0
561.1 319.5 452.7 431.1 419.0 398.3 527.3 286.8 wheat 0
610.6 63.2 637.1 104.5 483.0 203.4 456.5 162.1 wheat 0
