523.5 413.2 726.4 433.6 718.7 510.5 515.8 490.2 wheat 0
843.8 189.3 923.2 205.4 897.8 330.8 818.4 314.7 wheat 0
790.4 395.6 730.7 428.2 682.3 339.5 741.9 306.9 wheat 0
990.3 610.0 889.4 679.1 848.6 619.6 949.6 550.5 wheat 0
842.1 626.6 816.3 693.0 724.6 657.4 750.4 591.0 wheat 0
895.3 693.0 968.3 693.0 968.3 761.0 895.3 761.0 wheat 0
370.3 543.0 490.3 543.0 490.3 603.0 370.3 603.0 wheat 0
630.3 857.1 525.3 901.5 498.4 838.0 603.4 793.6 wheat 0
595.8 871.3 734.7 930.0 709.3 990.0 570.4 931.3 wheat 0
779.3 936.0 888.3 936.0 888.3 1023.0 779.3 1023.0 wheat 0
465.3 909.0 547.3 909.0 547.3 974.0 465.3 974.0 wheat 0
155.3 793.0 234.3 793.0 234.3 871.0 155.3 871.0 wheat 0
124.3 355.0 216.3 355.0 216.3 410.0 124.3 410.0 wheat 0
477.9 108.5 446.0 158.1 351.8 97.6 383.6 48.0 wheat 0
