306.1 54.5 400.9 106.3 374.5 154.6 279.7 102.8 wheat 0
373.4 -4.3 500.8 21.5 489.3 78.4 361.9 52.6 wheat 0
842.3 201.0 937.3 201.0 937.3 268.0 842.3 268.0 wheat 0
955.8 324.5 868.2 333.3 862.8 279.6 950.4 270.8 wheat 0
827.7 228.7 765.0 235.0 758.0 165.4 820.7 159.1 wheat 0
651.3 322.0 718.3 322.0 718.3 434.0 651.3 434.0 wheat 0
755.3 457.0 825.3 457.0 825.3 539.0 755.3 539.0 wheat 0
895.3 637.9 839.2 668.5 801.3 599.2 857.5 568.5 wheat 0
648.8 599.2 698.8 609.3 674.8 727.9 624.8 717.8 wheat 0
696.5 856.8 646.5 884.2 595.2 790.3 645.2 762.9 wheat 0
481.1 786.2 555.0 801.2 532.3 913.0 458.5 898.1 wheat 0
289.0 731.9 428.5 775.0 409.6 836.2 270.1 793.0 wheat 0
484.4 593.2 534.1 608.5 510.2 685.9 460.5 670.6 wheat 0
128.5 748.4 192.1 775.3 125.1 933.7 61.6 906.8 wheat 0
86.2 450.7 203.2 500.2 179.4 556.4 62.5 506.9 wheat 0
241.3 443.5 130.8 490.2 109.3 439.6 219.9 392.8 wheat 0
157.5 138.6 326.1 172.8 313.1 236.5 144.6 202.3 wheat 0
386.7 262.4 497.5 284.9 484.9 346.6 374.2 324.2 wheat 0
142.2 313.2 76.8 340.9 37.5 247.9 102.9 220.2 wheat 0
772.9 906.3 813.3 934.0 760.8 1010.8 720.3 983.1 wheat 0
901.0 901.6 1012.5 912.8 1007.6 961.5 896.2 950.3 wheat 0
