336.6 298.0 380.3 343.0 261.6 458.3 217.9 413.3 wheat 0
533.3 535.0 364.0 569.4 352.3 511.8 521.6 477.5 wheat 0
544.3 426.0 633.3 426.0 633.3 496.0 544.3 496.0 wheat 0
555.7 584.3 615.3 625.0 527.4 753.6 467.8 712.8 wheat 0
613.7 685.4 684.9 745.3 655.9 779.7 584.8 719.8 wheat 0
928.7 536.6 892.8 566.9 830.9 493.5 866.9 463.2 wheat 0
678.3 240.0 772.3 240.0 772.3 291.0 678.3 291.0 wheat 0
666.3 148.0 777.3 148.0 777.3 209.0 666.3 209.0 wheat 0
886.5 199.7 939.3 254.0 902.1 290.2 849.3 235.9 wheat 0
877.7 80.1 663.6 123.5 649.3 53.0 863.5 9.6 wheat 0
861.2 789.2 929.3 818.0 878.5 938.2 810.3 909.4 wheat 0
701.3 826.0 767.3 826.0 767.3 906.0 701.3 906.0 wheat 0
684.9 886.5 642.8 921.9 588.7 857.6 630.8 822.2 wheat 0
631.3 914.0 810.3 914.0 810.3 970.0 631.3 970.0 wheat 0
371.3 868.0 427.2 885.3 392.3 998.0 336.4 980.8 wheat 0
232.0 867.3 348.4 946.9 315.6 994.8 199.3 915.2 wheat 0
931.1 645.1 979.0 665.4 947.5 740.0 899.6 719.7 wheat 0
156.5 90.1 211.3 107.0 179.0 211.5 124.2 194.5 wheat 0
52.0 60.9 98.8 75.3 71.6 163.2 24.8 148.7 wheat 0
423.3 233.0 326.1 286.2 294.4 228.1 391.6 175.0 wheat 0
206.0 322.1 259.4 344.7 216.6 446.0 163.2 423.4 wheat 0
279.4 658.2 205.0 681.2 158.0 529.0 232.3 506.0 wheat 0
434.3 314.0 496.3 314.0 496.3 392.0 434.3 392.0 wheat 0
418.3 271.0 440.8 315.3 366.8 352.9 344.3 308.7 wheat 0
241.3 425.0 327.3 425.0 327.3 486.0 241.3 486.0 wheat 0
