766.1 733.5 733.4 767.2 584.5 622.6 617.2 588.9 wheat 0
625.9 658.4 683.1 682.5 662.2 731.8 605.1 707.7 wheat 0
754.7 865.0 604.5 895.5 591.8 833.0 742.1 802.5 wheat 0
530.2 812.3 608.2 820.1 603.1 871.5 525.0 863.7 wheat 0
227.3 510.5 279.2 538.9 205.1 674.5 153.2 646.2 wheat 0
128.8 493.2 198.7 514.8 183.1 565.5 113.1 543.9 wheat 0
36.8 478.6 99.5 484.9 83.1 648.5 20.4 642.2 wheat 0
771.0 849.5 991.1 942.5 966.5 1000.6 746.4 907.5 wheat 0
798.1 490.5 753.5 528.1 601.6 347.8 646.2 310.2 wheat 0
969.1 260.5 802.7 351.4 770.9 293.1 937.2 202.2 wheat 0
642.1 329.5 427.4 420.3 406.4 370.6 621.0 279.8 wheat 0
557.4 403.9 608.6 419.7 578.1 518.5 526.9 502.7 wheat 0
609.0 468.5 660.8 512.2 503.1 699.5 451.2 655.8 wheat 0
289.1 419.5 247.3 432.4 227.5 368.1 269.2 355.2 wheat 0
242.1 343.5 165.3 376.0 144.4 326.5 221.2 294.1 wheat 0
78.4 185.2 168.1 246.5 142.5 283.8 52.9 222.5 wheat 0
696.4 349.7 541.9 434.1 515.5 385.9 670.1 301.5 wheat 0
574.1 918.5 498.4 959.8 470.7 909.2 546.4 867.8 wheat 0
431.1 908.5 370.2 927.3 351.1 865.5 411.9 846.7 wheat 0
