831.1 347.7 921.1 375.5 901.9 437.6 811.9 409.8 wheat 0
961.9 337.5 1016.4 367.3 984.1 426.5 929.6 396.7 wheat 0
951.1 199.5 882.8 228.4 858.4 170.7 926.7 141.8 wheat 0
597.1 206.5 529.9 234.9 516.9 204.0 584.0 175.6 wheat 0
368.1 167.5 301.1 188.2 285.4 137.6 352.4 116.9 wheat 0
204.1 263.5 101.2 369.5 66.2 335.5 169.1 229.6 wheat 0
172.0 323.1 237.2 336.3 217.1 435.5 151.9 422.3 wheat 0
283.1 334.5 134.6 397.3 109.0 336.6 257.4 273.9 wheat 0
538.1 409.5 470.2 430.5 441.6 338.2 509.5 317.2 wheat 0
494.3 285.7 549.5 302.8 531.1 362.5 475.8 345.4 wheat 0
576.1 321.5 528.2 326.3 518.3 227.5 566.1 222.7 wheat 0
801.1 482.5 748.9 487.7 741.4 413.5 793.6 408.3 wheat 0
872.1 695.5 701.7 730.0 689.1 667.6 859.4 633.1 wheat 0
834.2 721.2 873.2 747.9 792.1 866.5 753.1 839.8 wheat 0
848.2 822.4 921.7 853.4 903.1 897.5 829.6 866.4 wheat 0
409.1 902.5 355.7 947.4 269.9 845.5 323.2 800.6 wheat 0
451.8 733.3 517.4 739.9 512.4 790.7 446.7 784.1 wheat 0
286.6 711.6 375.1 729.5 367.6 766.3 279.2 748.4 wheat 0
381.1 716.5 227.5 781.4 206.8 732.5 360.4 667.5 wheat 0
325.8 608.0 365.8 629.9 337.1 682.5 297.0 660.6 wheat 0
343.1 533.5 288.0 544.7 275.7 484.3 330.8 473.1 wheat 0
261.1 491.5 142.6 572.6 101.2 512.1 219.7 431.0 wheat 0
285.7 398.7 376.0 426.6 359.1 481.5 268.8 453.6 wheat 0
356.1 326.1 418.0 368.5 387.0 413.9 325.1 371.5 wheat 0
353.1 312.5 277.1 376.5 245.1 338.5 321.1 274.5 wheat 0
324.3 183.9 364.3 187.9 359.1 240.5 319.0 236.5 wheat 0
320.3 276.4 411.1 285.5 406.1 334.7 315.4 325.6 wheat 0
722.1 947.5 651.7 954.6 636.3 801.3 706.7 794.2 wheat 0
602.6 831.2 658.2 848.4 638.1 913.5 582.5 896.3 wheat 0
697.6 756.1 749.9 772.3 725.1 852.5 672.7 836.3 wheat 0
884.0 722.3 1023.1 750.5 1011.3 808.8 872.2 780.6 wheat 0
325.1 969.5 272.0 980.3 253.1 886.6 306.1 875.9 wheat 0
182.1 851.5 87.8 870.6 79.5 829.6 173.7 810.5 wheat 0
195.8 740.4 235.9 757.3 204.1 832.5 164.0 815.6 wheat 0
202.1 223.9 276.1 274.5 253.0 308.2 179.0 257.6 wheat 0
