485.4 737.3 551.1 743.9 543.1 823.5 477.4 816.9 wheat 0
648.1 836.5 608.4 886.5 561.1 848.9 600.8 799.0 wheat 0
743.1 908.5 643.5 962.9 612.2 905.6 711.8 851.2 wheat 0
376.8 908.4 453.6 932.2 433.1 998.5 356.3 974.8 wheat 0
224.9 642.1 276.0 652.4 264.1 711.5 213.0 701.2 wheat 0
95.1 788.5 19.3 803.9 9.0 753.0 84.8 737.7 wheat 0
55.1 834.4 144.2 834.4 144.2 896.5 55.1 896.5 wheat 0
117.9 878.0 158.6 890.6 127.1 992.5 86.4 979.9 wheat 0
608.1 709.5 547.5 728.2 530.8 674.2 591.4 655.5 wheat 0
496.1 690.5 565.1 690.5 565.1 751.5 496.1 751.5 wheat 0
616.1 747.9 687.9 762.4 671.1 845.5 599.2 830.9 wheat 0
721.8 749.7 809.8 767.5 798.1 825.5 710.0 807.7 wheat 0
971.1 886.5 916.7 892.0 907.2 796.6 961.5 791.2 wheat 0
982.1 959.5 860.4 997.1 839.2 928.7 960.9 891.1 wheat 0
940.1 697.5 873.8 704.2 864.9 616.0 931.2 609.4 wheat 0
948.2 441.3 1012.5 485.4 959.1 563.5 894.7 519.5 wheat 0
871.0 402.1 923.5 446.4 840.1 545.5 787.5 501.2 wheat 0
786.1 437.4 843.4 476.6 764.1 592.5 706.8 553.3 wheat 0
836.6 579.9 733.1 686.5 688.5 643.2 792.0 536.6 wheat 0
286.1 215.5 361.1 215.5 361.1 343.5 286.1 343.5 wheat 0
203.1 273.5 290.1 273.5 290.1 348.5 203.1 348.5 wheat 0
40.1 108.5 122.1 108.5 122.1 207.5 40.1 207.5 wheat 0
3.1 491.5 72.1 491.5 72.1 581.5 3.1 581.5 wheat 0
326.1 21.5 384.1 21.5 384.1 90.5 326.1 90.5 wheat 0
666.0 173.7 734.1 202.5 711.5 256.0 643.4 227.2 wheat 0
805.1 164.5 738.4 171.2 728.2 69.3 794.8 62.6 wheat 0
924.1 143.5 976.1 143.5 976.1 214.5 924.1 214.5 wheat 0
887.1 131.5 932.1 131.5 932.1 205.5 887.1 205.5 wheat 0
853.1 209.5 916.1 209.5 916.1 330.5 853.1 330.5 wheat 0
781.1 301.5 838.1 301.5 838.1 366.5 781.1 366.5 wheat 0
856.1 325.5 926.1 325.5 926.1 383.5 856.1 383.5 wheat 0
525.1 317.5 473.4 361.0 426.9 305.8 478.6 262.3 wheat 0
564.6 190.2 597.6 231.7 554.5 265.9 521.5 224.3 wheat 0
466.1 328.5 583.1 328.5 583.1 400.5 466.1 400.5 wheat 0
476.1 402.5 547.1 402.5 547.1 457.5 476.1 457.5 wheat 0
421.1 180.5 486.1 180.5 486.1 233.5 421.1 233.5 wheat 0
584.1 95.5 636.1 95.5 636.1 161.5 584.1 161.5 wheat 0
441.1 0.5 525.1 0.5 525.1 82.5 441.1 82.5 wheat 0
