422.9 234.8 502.1 268.3 482.6 314.4 403.4 280.9 wheat 0
591.0 138.6 655.5 173.9 638.7 204.6 574.2 169.4 wheat 0
656.1 2.2 730.4 53.0 717.4 72.0 643.1 21.2 wheat 0
730.1 87.8 803.6 138.1 788.3 160.4 714.9 110.1 wheat 0
684.9 56.3 729.3 93.7 710.6 115.9 666.2 78.5 wheat 0
628.8 71.6 726.7 125.0 706.7 161.6 608.9 108.1 wheat 0
954.8 58.2 1025.1 96.6 1011.2 122.0 940.9 83.7 wheat 0
943.9 2.6 1000.3 60.7 976.6 83.7 920.2 25.6 wheat 0
517.9 140.5 493.2 161.3 420.3 74.7 445.0 53.9 wheat 0
430.6 177.1 409.7 198.6 340.8 131.7 361.7 110.2 wheat 0
346.3 157.3 428.0 201.9 412.1 230.9 330.5 186.3 wheat 0
236.7 69.6 297.2 131.9 278.3 150.3 217.8 88.0 wheat 0
81.7 63.6 162.5 146.8 136.9 171.7 56.1 88.5 wheat 0
-0.0 186.6 111.7 186.6 111.7 223.6 -0.0 223.6 wheat 0
59.6 227.8 149.0 265.5 138.8 289.5 49.5 251.7 wheat 0
73.4 378.6 121.7 411.6 110.1 428.7 61.8 395.6 wheat 0
133.9 439.2 199.0 459.3 190.8 485.7 125.7 465.6 wheat 0
46.7 434.6 149.1 477.9 137.9 504.4 35.5 461.2 wheat 0
37.7 473.6 156.4 510.3 145.5 545.7 26.8 509.0 wheat 0
20.2 494.3 118.4 524.6 109.7 552.6 11.5 522.2 wheat 0
357.8 485.8 437.9 519.7 426.7 546.4 346.5 512.5 wheat 0
283.0 428.4 379.6 494.4 361.5 520.9 264.9 454.8 wheat 0
280.4 470.1 358.0 523.2 345.0 542.1 267.5 489.1 wheat 0
412.4 552.9 487.9 594.1 473.0 621.3 397.6 580.1 wheat 0
346.7 533.6 414.7 533.6 414.7 558.6 346.7 558.6 wheat 0
554.3 520.5 625.2 550.5 616.2 571.7 545.3 541.7 wheat 0
659.9 516.2 724.7 560.6 702.1 593.8 637.2 549.4 wheat 0
748.6 441.4 811.7 484.6 797.2 505.8 734.1 462.6 wheat 0
782.2 427.7 838.7 451.6 828.3 476.3 771.7 452.4 wheat 0
1021.6 566.8 961.4 585.4 954.9 564.4 1015.1 545.8 wheat 0
622.4 586.7 698.9 610.3 687.0 648.5 610.6 624.9 wheat 0
536.2 583.5 601.6 611.2 594.2 628.7 528.8 601.0 wheat 0
951.7 709.6 1024.0 709.6 1024.0 739.1 951.7 739.1 wheat 0
942.2 880.8 999.7 898.6 989.6 931.4 932.1 913.6 wheat 0
845.9 835.8 911.6 863.6 899.4 892.4 833.7 864.6 wheat 0
777.9 791.2 862.6 837.5 845.5 868.9 760.7 822.6 wheat 0
823.2 958.2 754.4 979.5 744.3 947.0 813.1 925.7 wheat 0
856.6 995.9 802.3 1018.8 789.8 989.4 844.2 966.4 wheat 0
626.9 848.1 690.0 882.6 676.6 907.2 613.4 872.6 wheat 0
431.9 896.7 540.7 907.6 537.5 939.5 428.7 928.6 wheat 0
347.7 800.6 461.7 862.9 438.9 904.6 324.9 842.4 wheat 0
225.9 871.5 290.7 891.6 280.7 923.6 215.9 903.6 wheat 0
274.8 638.1 166.3 649.0 163.7 623.1 272.2 612.2 wheat 0
121.7 578.7 217.3 608.3 205.7 645.5 110.2 616.0 wheat 0
7.4 584.4 66.7 602.7 54.6 641.9 -4.7 623.5 wheat 0
195.0 714.1 79.7 725.6 76.8 696.5 192.0 684.9 wheat 0
49.1 886.9 184.4 900.5 180.3 941.3 45.0 927.7 wheat 0
189.7 830.6 233.7 830.6 233.7 884.6 189.7 884.6 wheat 0
155.9 809.5 246.7 837.6 236.9 869.4 146.1 841.3 wheat 0
93.6 823.1 161.2 836.8 154.9 868.2 87.2 854.4 wheat 0
257.7 972.6 190.3 986.3 185.6 963.1 253.0 949.5 wheat 0
378.7 969.6 430.7 969.6 430.7 985.6 378.7 985.6 wheat 0
343.6 984.7 385.0 1002.2 376.9 1021.5 335.4 1004.0 wheat 0
6.3 75.9 75.9 90.0 70.1 118.4 0.6 104.3 wheat 0
414.4 628.0 397.2 633.4 385.1 594.2 402.3 588.9 wheat 0
651.8 126.8 711.2 167.4 701.6 181.5 642.2 140.8 wheat 0
