538.4 0.0 614.4 3.8 608.5 120.7 532.6 116.9 wheat 0
247.9 26.8 327.5 70.3 261.8 190.5 182.2 147.0 wheat 0
683.1 619.2 864.5 679.3 832.8 775.1 651.3 714.9 wheat 0
644.0 167.2 731.1 194.1 707.5 270.3 620.4 243.4 wheat 0
325.5 492.3 430.0 524.6 399.4 623.6 294.9 591.3 wheat 0
789.8 344.0 894.5 376.3 868.2 461.3 763.6 428.9 wheat 0
825.0 412.5 937.3 436.4 920.9 513.6 808.5 489.7 wheat 0
910.5 571.3 1021.0 618.1 971.9 734.1 861.4 687.4 wheat 0
910.1 474.4 979.5 512.3 925.3 611.4 856.0 573.5 wheat 0
711.9 260.4 793.5 333.3 734.5 399.3 652.9 326.3 wheat 0
288.8 858.2 387.5 902.3 343.3 1001.3 244.6 957.2 wheat 0
917.0 880.9 1005.5 918.3 970.2 1001.7 881.7 964.3 wheat 0
296.8 312.4 345.5 317.3 334.5 427.1 285.8 422.2 wheat 0
334.7 334.0 387.5 350.3 362.2 432.1 309.4 415.7 wheat 0
292.2 490.2 151.5 518.8 137.8 450.8 278.5 422.3 wheat 0
253.5 459.3 326.6 511.5 235.4 639.2 162.3 587.1 wheat 0
108.5 135.3 172.5 148.3 146.4 277.2 82.3 264.2 wheat 0
119.7 1.0 201.5 1.0 201.5 109.3 119.7 109.3 wheat 0
53.4 238.9 136.7 255.8 116.6 354.8 33.3 337.9 wheat 0
