665.0 342.3 826.1 452.5 789.2 506.3 628.2 396.2 wheat 0
905.1 227.5 837.9 264.2 724.3 56.4 791.5 19.7 wheat 0
651.6 58.2 702.2 68.5 681.1 172.5 630.5 162.3 wheat 0
608.1 208.5 562.6 239.6 478.3 116.4 523.8 85.3 wheat 0
514.1 282.5 465.4 303.1 387.7 119.4 436.4 98.8 wheat 0
609.7 171.7 665.5 209.9 600.1 305.5 544.3 267.3 wheat 0
316.1 171.5 248.4 178.3 231.7 11.5 299.3 4.7 wheat 0
273.4 242.3 339.3 278.3 255.1 432.5 189.1 396.5 wheat 0
122.9 260.8 193.1 282.5 134.1 473.5 63.8 451.8 wheat 0
274.2 566.9 314.3 617.5 176.2 727.0 136.1 676.5 wheat 0
583.1 634.5 499.6 669.8 473.8 608.7 557.2 573.4 wheat 0
425.9 515.6 558.1 571.5 536.8 621.8 404.6 565.9 wheat 0
626.1 568.5 590.1 613.9 456.8 508.1 492.8 462.8 wheat 0
833.6 724.7 879.1 738.7 850.1 832.5 804.6 818.4 wheat 0
933.1 768.5 1003.1 768.5 1003.1 893.5 933.1 893.5 wheat 0
607.1 928.5 535.9 942.9 494.7 739.8 565.9 725.3 wheat 0
455.8 703.7 514.1 709.5 509.2 758.1 450.9 752.3 wheat 0
349.1 875.5 303.5 894.8 280.2 839.7 325.8 820.5 wheat 0
34.1 814.2 128.1 878.5 100.7 918.6 6.7 854.3 wheat 0
70.1 593.5 112.1 593.5 112.1 718.5 70.1 718.5 wheat 0
148.1 517.5 24.7 584.9 -0.0 539.7 123.4 472.3 wheat 0
875.6 451.2 911.1 475.5 886.3 511.8 850.8 487.5 wheat 0
876.1 563.5 849.8 596.6 754.1 520.6 780.3 487.5 wheat 0
808.1 386.5 849.8 415.0 820.1 458.5 778.3 430.0 wheat 0
