629.2 558.6 662.5 565.3 636.3 694.7 603.0 687.9 wheat 0
596.2 598.0 622.5 603.3 614.1 645.0 587.7 639.6 wheat 0
467.9 699.6 434.1 706.4 422.9 651.5 456.7 644.6 wheat 0
395.0 890.9 417.5 893.2 413.7 930.6 391.3 928.4 wheat 0
569.7 963.6 548.1 997.3 463.4 943.0 485.0 909.2 wheat 0
251.0 159.8 255.4 194.0 199.8 201.2 195.4 167.0 wheat 0
105.8 301.2 139.7 304.6 137.4 328.1 103.4 324.7 wheat 0
143.3 341.3 155.9 373.7 104.7 393.6 92.1 361.2 wheat 0
230.4 258.3 256.4 285.1 173.7 365.4 147.7 338.6 wheat 0
283.6 287.6 299.8 308.0 268.7 332.6 252.6 312.2 wheat 0
277.6 386.4 295.7 422.0 174.7 483.6 156.6 448.0 wheat 0
330.0 421.6 351.1 436.1 322.7 477.6 301.6 463.2 wheat 0
381.8 394.4 387.9 420.4 296.7 441.6 290.7 415.6 wheat 0
137.7 552.6 165.7 552.6 165.7 608.6 137.7 608.6 wheat 0
140.2 599.8 151.7 619.6 109.1 644.6 97.5 624.8 wheat 0
118.7 692.9 123.7 730.8 47.7 740.6 42.8 702.7 wheat 0
321.7 731.6 308.3 758.1 249.6 728.2 263.0 701.7 wheat 0
535.7 759.6 515.2 785.5 468.7 748.6 489.3 722.7 wheat 0
934.3 547.1 908.2 574.1 835.5 503.6 861.7 476.6 wheat 0
1008.5 686.2 999.7 708.6 917.8 676.8 926.5 654.3 wheat 0
894.7 630.6 887.1 658.3 848.8 647.6 856.4 620.0 wheat 0
937.5 854.6 969.0 887.0 944.7 910.6 913.2 878.2 wheat 0
614.7 939.6 590.5 944.5 576.9 877.5 601.1 872.6 wheat 0
658.8 738.4 666.4 765.8 623.7 777.6 616.1 750.3 wheat 0
142.3 979.4 184.7 983.6 180.8 1022.5 138.4 1018.3 wheat 0
167.8 844.3 161.7 866.2 105.4 850.6 111.5 828.7 wheat 0
193.4 779.0 225.2 792.4 203.4 844.1 171.6 830.6 wheat 0
531.9 97.1 532.7 125.6 496.7 126.7 495.9 98.1 wheat 0
981.7 345.6 1000.7 361.6 922.4 454.5 903.5 438.5 wheat 0
910.0 434.9 914.7 462.6 848.6 474.0 843.8 446.3 wheat 0
943.7 172.6 918.9 177.7 911.9 143.5 936.8 138.4 wheat 0
991.3 331.4 961.2 344.1 937.0 286.7 967.0 274.0 wheat 0
859.7 361.7 840.5 381.4 808.5 350.4 827.7 330.6 wheat 0
632.8 143.7 655.7 172.6 586.7 227.4 563.7 198.4 wheat 0
405.0 203.4 396.9 232.8 356.7 221.6 364.9 192.3 wheat 0
443.6 174.4 459.2 205.2 409.2 230.6 393.6 199.9 wheat 0
551.0 339.4 516.2 342.9 511.9 300.1 546.7 296.6 wheat 0
509.4 392.7 475.0 396.2 469.4 340.3 503.8 336.9 wheat 0
548.6 0.9 571.5 18.0 550.0 46.9 527.1 29.8 wheat 0
163.7 4.9 202.9 12.8 197.8 38.3 158.6 30.4 wheat 0
0.7 282.6 60.7 282.6 60.7 307.6 0.7 307.6 wheat 0
838.8 266.3 812.0 274.6 796.7 224.9 823.4 216.6 wheat 0
899.3 95.3 920.6 113.3 880.7 160.6 859.4 142.6 wheat 0
