790.4 363.6 841.9 428.5 812.7 451.6 761.2 386.7 wheat 0
939.7 421.6 971.0 483.1 932.7 502.6 901.4 441.1 wheat 0
949.7 457.6 986.7 457.6 986.7 491.6 949.7 491.6 wheat 0
881.8 604.6 965.7 621.6 960.5 647.5 876.5 630.5 wheat 0
951.6 774.1 1003.3 779.3 999.9 813.1 948.2 807.9 wheat 0
946.1 848.3 1021.5 899.9 999.7 931.6 924.4 880.1 wheat 0
832.7 877.6 886.1 883.0 883.7 906.6 830.4 901.3 wheat 0
739.7 886.6 832.7 886.6 832.7 930.6 739.7 930.6 wheat 0
700.8 919.7 781.4 927.8 777.7 964.6 697.1 956.5 wheat 0
581.7 899.6 669.7 899.6 669.7 933.6 581.7 933.6 wheat 0
502.3 877.7 620.7 889.6 618.1 915.5 499.7 903.6 wheat 0
572.0 832.9 625.5 862.2 602.5 904.3 549.0 875.1 wheat 0
644.7 837.6 667.1 881.5 639.2 895.6 616.9 851.8 wheat 0
455.1 858.2 529.3 909.0 507.8 940.4 433.6 889.7 wheat 0
475.7 967.6 525.7 967.6 525.7 992.6 475.7 992.6 wheat 0
351.0 827.7 445.5 857.0 435.5 889.5 340.9 860.2 wheat 0
327.6 975.4 209.4 999.4 202.2 963.9 320.4 940.0 wheat 0
221.7 753.6 278.9 792.7 259.0 821.7 201.9 782.7 wheat 0
60.1 733.7 158.5 764.1 149.7 792.6 51.3 762.2 wheat 0
155.0 828.5 226.1 867.4 215.5 886.7 144.4 847.9 wheat 0
100.7 862.6 155.7 862.6 155.7 894.6 100.7 894.6 wheat 0
134.8 897.9 181.8 917.8 169.7 946.3 122.7 926.5 wheat 0
27.1 946.3 117.7 984.6 101.4 1023.2 10.8 984.9 wheat 0
155.5 557.6 235.4 601.3 221.0 627.6 141.1 584.0 wheat 0
263.7 687.6 305.7 687.6 305.7 714.6 263.7 714.6 wheat 0
337.0 616.2 470.7 629.6 466.6 670.7 332.8 657.3 wheat 0
346.7 659.6 418.7 659.6 418.7 691.6 346.7 691.6 wheat 0
642.3 724.5 681.5 757.5 663.7 778.6 624.5 745.6 wheat 0
607.5 614.9 641.6 667.9 613.0 686.3 578.9 633.3 wheat 0
814.0 715.3 784.5 727.7 763.5 678.0 793.0 665.5 wheat 0
649.4 576.7 730.8 593.1 725.0 621.6 643.7 605.1 wheat 0
605.1 587.7 573.6 597.4 559.4 551.6 590.9 541.8 wheat 0
599.5 518.4 756.6 534.2 752.7 572.6 595.6 556.9 wheat 0
476.1 469.4 592.4 532.9 576.7 561.6 460.4 498.1 wheat 0
395.4 574.1 445.3 584.2 439.7 611.6 389.8 601.5 wheat 0
342.9 551.1 311.3 568.3 280.6 512.2 312.2 494.9 wheat 0
154.1 358.5 240.5 447.4 222.7 464.6 136.4 375.7 wheat 0
402.6 357.5 471.1 404.4 455.9 426.7 387.4 379.8 wheat 0
291.8 232.8 378.5 269.5 365.7 299.6 279.1 263.0 wheat 0
379.7 235.6 455.7 235.6 455.7 271.6 379.7 271.6 wheat 0
775.9 355.0 736.7 367.2 716.6 302.2 755.8 290.1 wheat 0
725.8 192.1 765.4 219.2 745.7 248.1 706.0 221.0 wheat 0
590.1 187.9 629.3 237.3 600.3 260.3 561.2 210.9 wheat 0
581.2 167.5 620.7 189.1 607.3 213.7 567.8 192.1 wheat 0
521.7 171.6 484.9 187.2 443.4 89.0 480.2 73.5 wheat 0
383.2 147.7 463.1 181.5 448.7 215.6 368.8 181.8 wheat 0
450.7 165.6 423.3 184.4 375.7 114.9 403.2 96.1 wheat 0
278.6 152.0 365.7 211.6 345.3 241.5 258.2 182.0 wheat 0
205.2 162.4 280.7 203.6 269.7 223.8 194.2 182.5 wheat 0
241.7 221.6 215.7 235.8 174.0 159.3 199.9 145.1 wheat 0
123.4 68.0 241.7 132.6 220.5 171.5 102.2 106.8 wheat 0
914.9 102.7 889.1 113.6 864.6 55.6 890.4 44.7 wheat 0
228.8 307.9 206.5 330.8 162.7 288.3 185.0 265.4 wheat 0
19.7 262.6 125.7 262.6 125.7 303.6 19.7 303.6 wheat 0
271.2 981.6 323.2 992.2 317.2 1021.6 265.3 1011.1 wheat 0
