406.0 720.1 470.9 755.6 445.5 802.1 380.6 766.6 wheat 0
511.5 584.6 561.4 589.6 550.7 695.6 500.9 690.6 wheat 0
583.2 669.3 618.9 680.4 598.7 745.6 563.0 734.6 wheat 0
706.7 966.6 730.7 966.6 730.7 1018.6 706.7 1018.6 wheat 0
862.7 729.6 810.5 740.2 803.8 707.1 856.0 696.5 wheat 0
924.7 843.6 878.6 863.1 854.2 805.5 900.4 785.9 wheat 0
856.7 509.6 752.4 520.1 747.6 472.1 851.9 461.7 wheat 0
706.7 403.6 758.7 403.6 758.7 454.6 706.7 454.6 wheat 0
826.7 367.6 697.4 407.6 683.5 362.5 812.8 322.5 wheat 0
862.8 251.5 907.0 270.2 879.7 334.6 835.5 315.9 wheat 0
935.7 222.6 870.9 258.0 846.9 214.2 911.8 178.7 wheat 0
526.6 223.5 570.7 247.6 520.8 339.1 476.7 315.0 wheat 0
674.7 162.6 632.8 180.3 605.4 115.4 647.3 97.7 wheat 0
388.3 137.2 432.7 174.6 395.8 218.5 351.3 181.0 wheat 0
447.0 483.1 406.0 511.1 359.9 443.8 401.0 415.8 wheat 0
338.5 461.0 381.6 469.7 366.9 542.2 323.8 533.5 wheat 0
213.4 522.3 259.9 547.7 233.1 596.9 186.6 571.5 wheat 0
420.4 5.8 480.6 81.7 451.7 104.6 391.5 28.8 wheat 0
654.6 4.4 697.6 27.9 667.7 82.6 624.7 59.1 wheat 0
717.3 4.9 757.3 21.8 727.7 91.6 687.8 74.7 wheat 0
