336.3 297.0 389.3 297.0 389.3 399.0 336.3 399.0 wheat 0
469.3 234.0 524.3 234.0 524.3 318.0 469.3 318.0 wheat 0
557.5 394.4 647.3 422.2 631.1 474.7 541.3 446.9 wheat 0
733.8 115.5 840.0 160.4 820.3 207.0 714.1 162.1 wheat 0
841.1 175.3 917.9 227.8 888.5 270.8 811.8 218.2 wheat 0
914.4 318.5 939.8 357.9 838.3 423.0 813.0 383.6 wheat 0
811.2 432.0 876.9 445.3 864.4 507.1 798.7 493.8 wheat 0
639.3 602.0 781.3 602.0 781.3 662.0 639.3 662.0 wheat 0
972.4 588.9 989.0 648.7 850.2 687.2 833.7 627.4 wheat 0
842.9 743.9 789.3 789.0 709.8 694.6 763.4 649.5 wheat 0
856.4 864.3 776.0 880.6 764.3 822.8 844.6 806.5 wheat 0
972.8 762.9 1021.5 767.8 1008.9 894.2 960.1 889.3 wheat 0
920.3 952.0 1018.3 952.0 1018.3 997.0 920.3 997.0 wheat 0
377.1 714.5 462.1 772.6 426.5 824.6 341.5 766.5 wheat 0
494.9 789.3 574.2 843.5 539.7 893.8 460.5 839.6 wheat 0
419.2 974.7 355.5 981.1 349.4 920.4 413.1 914.0 wheat 0
214.3 696.0 269.3 696.0 269.3 772.0 214.3 772.0 wheat 0
252.8 395.5 305.4 411.8 270.8 523.6 218.3 507.3 wheat 0
212.7 312.1 258.2 343.2 195.3 435.0 149.9 403.9 wheat 0
89.3 199.0 140.3 199.0 140.3 285.0 89.3 285.0 wheat 0
396.4 90.0 442.1 94.6 430.3 213.0 384.5 208.4 wheat 0
595.3 152.0 652.3 152.0 652.3 210.0 595.3 210.0 wheat 0
466.3 2.0 524.3 2.0 524.3 68.0 466.3 68.0 wheat 0
580.4 -2.3 631.2 2.8 621.2 102.3 570.5 97.2 wheat 0
253.3 3.0 311.3 3.0 311.3 57.0 253.3 57.0 wheat 0
0.0 102.0 68.0 102.0 68.0 238.0 0.0 238.0 wheat 0
45.3 463.0 103.3 463.0 103.3 508.0 45.3 508.0 wheat 0
64.3 814.0 109.3 814.0 109.3 873.0 64.3 873.0 wheat 0
156.3 942.0 247.1 942.0 247.1 1024.0 156.3 1024.0 wheat 0
1.3 594.0 56.3 594.0 56.3 675.0 1.3 675.0 wheat 0
