86.3 237.0 144.3 237.0 144.3 302.0 86.3 302.0 wheat 0
244.7 584.3 299.1 601.1 251.0 756.8 196.5 740.0 wheat 0
245.2 685.4 348.3 717.3 331.5 771.7 228.3 739.8 wheat 0
188.0 859.5 127.8 878.1 97.7 780.6 157.8 762.0 wheat 0
239.5 963.9 95.4 993.1 84.1 937.2 228.2 908.0 wheat 0
556.3 650.0 619.3 650.0 619.3 792.0 556.3 792.0 wheat 0
500.4 615.4 249.6 640.5 246.3 606.7 497.0 581.5 wheat 0
665.3 713.0 724.3 713.0 724.3 778.0 665.3 778.0 wheat 0
891.4 807.4 851.0 858.3 734.3 765.7 774.7 714.8 wheat 0
664.3 816.0 731.0 816.0 731.0 1021.0 664.3 1021.0 wheat 0
932.4 861.4 983.0 882.8 943.3 976.7 892.6 955.3 wheat 0
1023.9 771.2 973.4 813.7 860.7 679.9 911.2 637.4 wheat 0
956.5 605.7 890.5 626.1 849.2 492.4 915.1 472.0 wheat 0
811.3 121.2 861.3 148.5 792.3 274.9 742.3 247.6 wheat 0
846.3 70.0 942.3 70.0 942.3 130.0 846.3 130.0 wheat 0
593.0 130.5 710.0 179.9 688.6 230.6 571.6 181.1 wheat 0
942.3 433.0 1015.3 433.0 1015.3 490.0 942.3 490.0 wheat 0
