611.7 553.6 752.1 613.0 729.2 667.3 588.8 607.9 wheat 0
554.2 466.4 648.9 585.8 602.7 622.5 508.0 503.1 wheat 0
67.7 922.6 64.8 1023.2 -0.0 1021.3 2.9 920.7 wheat 0
898.8 302.1 869.5 366.0 822.5 344.5 851.7 280.6 wheat 0
861.7 488.6 923.4 566.4 881.7 599.5 820.0 521.7 wheat 0
505.7 767.6 455.0 824.4 412.7 786.6 463.4 729.8 wheat 0
410.7 777.6 346.3 812.8 316.4 758.1 380.9 722.9 wheat 0
179.7 749.6 278.1 873.6 236.7 906.5 138.3 782.5 wheat 0
207.7 605.6 230.8 739.3 171.3 749.6 148.3 615.9 wheat 0
0.0 524.0 68.5 524.0 68.5 591.6 0.0 591.6 wheat 0
269.1 542.2 385.3 640.0 347.7 684.6 231.6 586.8 wheat 0
89.7 418.6 233.5 479.4 206.7 542.6 63.0 481.8 wheat 0
11.8 353.6 152.2 413.0 129.2 467.3 -11.2 407.9 wheat 0
153.2 8.4 275.2 162.2 221.7 204.6 99.7 50.8 wheat 0
387.7 53.5 374.7 153.6 310.0 145.2 323.0 45.1 wheat 0
368.7 93.6 336.7 230.6 268.1 214.6 300.0 77.5 wheat 0
452.7 266.6 434.8 404.4 363.9 395.2 381.8 257.4 wheat 0
794.0 219.8 809.7 441.6 729.4 447.3 713.6 225.5 wheat 0
1023.0 204.2 1020.2 349.5 974.7 348.6 977.5 203.3 wheat 0
968.7 101.6 1019.9 101.6 1019.9 172.9 968.7 172.9 wheat 0
849.2 -1.6 880.3 110.6 824.1 126.2 792.9 14.0 wheat 0
