566.7 583.6 519.4 598.3 493.3 513.8 540.6 499.1 wheat 0
823.3 769.8 802.7 822.6 699.2 782.4 719.8 729.6 wheat 0
907.3 658.8 895.7 700.6 777.4 667.8 789.0 626.0 wheat 0
998.7 600.6 995.5 645.8 898.0 638.9 901.2 593.7 wheat 0
1019.7 441.2 1006.2 475.8 971.3 462.2 984.7 427.6 wheat 0
952.7 431.6 988.3 446.7 958.7 516.6 923.2 501.6 wheat 0
983.7 128.1 941.7 136.6 921.5 36.9 963.5 28.4 wheat 0
720.1 83.5 703.7 125.6 598.4 84.7 614.8 42.6 wheat 0
652.6 146.9 675.8 166.5 621.7 230.6 598.5 211.1 wheat 0
563.6 125.5 547.7 156.6 478.9 121.6 494.8 90.4 wheat 0
234.7 218.6 260.0 250.4 220.2 282.0 194.9 250.2 wheat 0
284.7 337.6 250.2 341.1 245.9 299.2 280.5 295.7 wheat 0
151.8 178.2 189.5 182.0 184.7 229.6 147.0 225.8 wheat 0
459.7 142.8 498.9 154.9 473.5 237.2 434.2 225.0 wheat 0
478.4 314.4 475.9 350.3 421.4 346.4 423.9 310.5 wheat 0
218.7 311.6 201.3 338.8 158.3 311.1 175.7 284.0 wheat 0
320.6 381.8 367.1 391.3 359.2 430.0 312.7 420.6 wheat 0
210.5 333.4 207.7 372.6 100.9 365.0 103.6 325.8 wheat 0
277.8 388.4 284.7 441.6 173.9 456.0 167.0 402.8 wheat 0
289.5 541.1 319.9 572.4 251.7 638.6 221.3 607.3 wheat 0
396.9 602.3 360.7 617.6 308.2 493.4 344.4 478.1 wheat 0
500.2 638.5 547.7 638.5 547.7 721.6 500.2 721.6 wheat 0
734.7 631.6 702.2 638.2 683.9 548.3 716.5 541.7 wheat 0
1009.7 1007.2 970.4 1023.8 946.5 967.2 985.7 950.6 wheat 0
317.4 911.5 326.3 949.4 273.7 961.6 264.9 923.8 wheat 0
197.4 866.0 174.7 894.6 124.1 854.4 146.8 825.8 wheat 0
149.7 776.6 154.2 811.3 64.3 822.9 59.8 788.3 wheat 0
261.7 707.6 271.3 735.6 222.2 752.4 212.6 724.4 wheat 0
366.6 778.3 367.7 818.6 268.3 821.5 267.1 781.2 wheat 0
439.5 760.8 417.7 803.6 314.5 751.1 336.3 708.3 wheat 0
855.4 838.3 887.8 852.0 858.7 920.6 826.4 906.9 wheat 0
933.8 817.8 928.5 848.6 870.7 838.6 876.0 807.8 wheat 0
659.7 907.2 618.7 929.6 547.6 799.4 588.5 777.0 wheat 0
604.0 761.0 579.7 777.6 542.2 722.8 566.5 706.2 wheat 0
675.8 767.2 651.5 792.3 599.4 741.7 623.7 716.6 wheat 0
236.0 358.9 304.6 372.8 299.5 398.3 230.9 384.4 wheat 0
662.7 641.6 710.7 641.6 710.7 676.6 662.7 676.6 wheat 0
