488.1 278.5 445.8 296.4 427.2 252.5 469.5 234.6 wheat 0
392.1 218.5 361.1 244.6 318.7 194.3 349.7 168.2 wheat 0
207.1 333.5 172.3 344.3 155.4 289.8 190.2 279.0 wheat 0
272.1 340.5 253.8 376.5 213.4 355.9 231.7 320.0 wheat 0
306.1 424.5 265.5 441.7 249.8 404.4 290.3 387.3 wheat 0
593.1 339.5 629.1 339.5 629.1 384.5 593.1 384.5 wheat 0
600.7 370.1 638.1 390.5 617.4 428.4 580.0 408.0 wheat 0
743.1 246.5 693.1 256.6 685.5 219.4 735.5 209.2 wheat 0
792.1 285.5 753.0 306.8 733.1 270.4 772.2 249.1 wheat 0
890.1 295.5 841.7 300.4 835.5 239.1 883.9 234.3 wheat 0
955.1 267.5 1007.1 267.5 1007.1 326.5 955.1 326.5 wheat 0
969.1 378.5 1009.1 378.5 1009.1 480.5 969.1 480.5 wheat 0
951.5 442.3 905.7 456.5 890.6 407.7 936.5 393.6 wheat 0
778.1 375.5 740.9 383.1 729.7 327.9 766.9 320.3 wheat 0
818.1 330.5 771.0 350.4 751.6 304.4 798.6 284.5 wheat 0
884.7 924.9 960.1 932.5 956.4 969.2 881.0 961.6 wheat 0
938.1 918.5 894.1 932.1 879.5 884.7 923.4 871.1 wheat 0
850.6 955.8 883.1 996.8 850.1 1023.0 817.5 982.0 wheat 0
613.3 936.6 654.7 945.0 642.1 1007.5 600.6 999.1 wheat 0
609.1 983.5 581.4 986.3 575.8 930.6 603.5 927.8 wheat 0
460.1 888.5 511.1 888.5 511.1 928.5 460.1 928.5 wheat 0
289.5 930.9 322.1 948.7 297.1 994.5 264.4 976.7 wheat 0
118.1 979.5 68.0 989.7 58.2 941.4 108.3 931.3 wheat 0
75.1 952.5 50.7 983.2 5.9 947.6 30.3 917.0 wheat 0
