599.8 894.4 678.7 937.6 667.7 957.8 588.7 914.6 wheat 0
357.1 846.7 468.7 961.6 431.5 997.8 319.8 882.8 wheat 0
688.0 562.4 853.4 632.3 839.7 664.6 674.3 594.7 wheat 0
896.5 487.9 1022.3 574.0 989.7 621.6 863.9 535.5 wheat 0
847.3 584.5 1021.7 658.2 1003.7 700.6 829.4 626.9 wheat 0
227.7 496.6 318.9 535.1 306.8 563.7 215.6 525.1 wheat 0
207.0 594.9 288.5 663.5 254.7 703.6 173.2 635.0 wheat 0
82.5 930.7 48.3 949.4 20.0 897.6 54.2 878.9 wheat 0
166.8 369.8 98.7 398.6 84.6 365.4 152.8 336.6 wheat 0
58.0 339.8 21.2 355.4 11.4 332.4 48.3 316.8 wheat 0
226.7 229.6 327.7 229.6 327.7 261.6 226.7 261.6 wheat 0
270.9 123.4 286.0 153.0 259.5 166.4 244.5 136.9 wheat 0
268.0 181.0 231.7 218.3 214.7 201.7 250.9 164.4 wheat 0
198.2 141.9 250.1 152.4 246.7 169.1 194.8 158.5 wheat 0
265.9 174.4 303.2 182.0 298.0 207.5 260.8 199.9 wheat 0
715.6 76.4 862.5 117.1 849.9 162.8 703.0 122.2 wheat 0
838.7 69.5 989.3 100.0 980.9 141.8 830.2 111.3 wheat 0
668.0 749.6 741.4 799.8 722.8 827.1 649.3 776.8 wheat 0
