568.9 574.7 637.2 588.6 611.3 716.5 542.9 702.7 wheat 0
672.3 362.5 564.2 421.6 540.1 377.4 648.2 318.4 wheat 0
959.3 331.5 793.6 471.0 743.9 412.0 909.5 272.5 wheat 0
630.3 735.5 722.3 735.5 722.3 773.5 630.3 773.5 wheat 0
831.8 840.9 739.3 957.5 696.2 923.4 788.7 806.8 wheat 0
477.0 777.1 523.8 802.7 486.3 871.5 439.4 845.9 wheat 0
418.4 659.1 452.8 677.9 426.3 726.5 391.9 707.7 wheat 0
514.3 689.5 454.7 714.7 438.9 677.4 498.5 652.2 wheat 0
485.3 575.5 402.9 620.5 375.5 570.4 457.9 525.4 wheat 0
297.3 538.5 180.2 574.7 167.0 532.4 284.1 496.1 wheat 0
113.0 413.7 175.0 456.1 106.3 556.5 44.3 514.1 wheat 0
303.3 419.5 181.9 485.8 153.4 433.7 274.8 367.4 wheat 0
563.1 240.4 601.3 266.5 568.5 314.4 530.3 288.3 wheat 0
838.3 249.5 685.4 296.8 664.6 229.7 817.5 182.4 wheat 0
810.7 196.0 841.3 243.5 651.9 365.1 621.4 317.6 wheat 0
72.4 186.2 135.4 205.6 73.3 406.5 10.3 387.0 wheat 0
155.0 702.6 213.7 734.7 148.3 854.5 89.6 822.4 wheat 0
