556.1 929.4 600.2 938.4 582.3 1026.6 538.2 1017.6 wheat 0
284.0 18.8 331.0 33.3 290.7 163.6 243.7 149.1 wheat 0
502.7 140.6 473.3 170.9 426.3 125.2 455.7 94.9 wheat 0
591.7 101.6 554.9 113.0 530.4 34.1 567.3 22.7 wheat 0
739.8 248.4 724.7 292.6 619.8 256.8 634.9 212.6 wheat 0
945.4 222.5 962.7 256.6 897.3 289.9 879.9 255.8 wheat 0
440.4 234.1 421.1 271.9 343.5 232.4 362.7 194.6 wheat 0
89.7 552.2 124.2 555.7 118.7 610.6 84.2 607.1 wheat 0
53.3 487.4 90.6 491.1 84.7 549.6 47.5 545.9 wheat 0
522.6 329.6 517.7 350.6 430.6 330.3 435.5 309.3 wheat 0
773.2 512.5 746.0 535.3 695.6 475.5 722.7 452.6 wheat 0
757.5 321.8 785.5 357.1 715.0 413.0 687.0 377.8 wheat 0
527.7 454.6 506.2 476.8 462.3 434.2 483.9 412.0 wheat 0
621.8 601.1 591.8 631.9 500.8 543.5 530.7 512.6 wheat 0
676.7 566.6 652.3 597.5 585.0 544.1 609.5 513.2 wheat 0
905.1 767.1 932.5 782.1 914.7 814.6 887.3 799.6 wheat 0
826.5 756.8 850.4 787.0 801.7 825.6 777.8 795.5 wheat 0
982.9 649.8 944.8 688.9 875.7 621.8 913.7 582.6 wheat 0
894.1 706.9 851.1 736.3 831.7 708.0 874.7 678.6 wheat 0
148.7 488.6 334.9 488.6 334.9 537.6 148.7 537.6 wheat 0
499.4 597.3 506.4 638.0 446.7 648.2 439.7 607.6 wheat 0
426.6 642.1 411.7 685.6 299.1 647.1 313.9 603.6 wheat 0
264.2 685.5 240.7 731.6 113.9 667.1 137.3 621.0 wheat 0
629.6 664.0 590.8 703.9 432.9 550.6 471.7 510.6 wheat 0
860.5 122.9 904.7 141.6 877.2 206.8 833.0 188.1 wheat 0
13.4 125.7 81.7 154.6 68.3 186.3 -0.0 157.4 wheat 0
179.2 95.0 220.5 147.0 185.7 174.6 144.4 122.5 wheat 0
49.6 7.3 160.4 54.1 143.7 93.6 32.9 46.8 wheat 0
728.3 735.4 753.5 749.8 716.2 814.9 691.0 800.5 wheat 0
215.7 205.6 229.2 283.5 200.9 288.4 187.4 210.5 wheat 0
512.7 394.6 563.7 394.6 563.7 426.6 512.7 426.6 wheat 0
636.7 698.6 687.7 698.6 687.7 734.6 636.7 734.6 wheat 0
758.9 661.7 774.4 681.3 737.6 710.5 722.1 690.9 wheat 0
1007.0 602.1 1024.6 617.0 997.5 649.1 979.9 634.3 wheat 0
706.5 589.3 693.5 600.3 678.0 581.9 691.0 571.0 wheat 0
75.0 427.3 141.6 440.8 132.5 485.9 65.8 472.4 wheat 0
24.8 236.0 52.5 247.7 30.6 299.2 3.0 287.6 wheat 0
585.7 134.6 616.7 134.6 616.7 174.6 585.7 174.6 wheat 0
903.7 320.6 950.7 320.6 950.7 348.6 903.7 348.6 wheat 0
320.7 7.6 360.7 7.6 360.7 96.6 320.7 96.6 wheat 0
377.7 593.6 421.7 593.6 421.7 626.6 377.7 626.6 wheat 0
416.4 433.2 444.1 441.8 432.0 481.0 404.3 472.4 wheat 0
