711.7 520.6 477.3 544.1 469.8 469.7 704.3 446.2 wheat 0
446.7 550.6 614.7 550.6 614.7 598.6 446.7 598.6 wheat 0
517.5 580.7 775.3 606.6 768.7 671.6 511.0 645.8 wheat 0
843.7 563.6 702.5 592.2 690.6 533.9 831.9 505.2 wheat 0
425.7 411.6 371.2 422.7 352.7 331.4 407.2 320.4 wheat 0
494.7 809.6 266.6 880.2 250.8 829.4 479.0 758.8 wheat 0
162.9 816.9 267.7 888.6 238.2 931.8 133.4 860.1 wheat 0
291.0 998.9 257.7 1021.6 201.7 939.7 234.9 917.0 wheat 0
243.7 895.6 283.7 895.6 283.7 1021.6 243.7 1021.6 wheat 0
352.7 865.7 436.1 935.9 407.7 969.6 324.4 899.3 wheat 0
304.7 768.2 455.2 923.1 422.7 954.6 272.3 799.7 wheat 0
400.2 765.0 513.7 826.9 494.7 861.6 381.3 799.6 wheat 0
59.7 702.7 153.4 766.8 120.7 814.6 27.0 750.5 wheat 0
147.0 442.4 205.8 454.3 190.5 529.8 131.7 517.9 wheat 0
10.8 452.5 78.5 459.3 68.6 557.8 1.0 551.0 wheat 0
71.7 429.6 17.5 435.1 2.7 288.0 57.0 282.6 wheat 0
45.7 398.6 120.7 398.6 120.7 449.6 45.7 449.6 wheat 0
136.7 322.6 198.3 386.0 162.1 421.2 100.5 357.8 wheat 0
149.7 200.6 19.2 213.7 13.4 156.2 144.0 143.1 wheat 0
438.7 309.6 349.4 337.3 334.1 287.7 423.4 260.0 wheat 0
277.3 159.3 417.0 173.3 411.7 225.6 272.1 211.6 wheat 0
645.7 425.6 456.2 505.7 435.2 455.9 624.7 375.8 wheat 0
679.7 581.6 640.5 603.0 603.0 534.3 642.2 512.8 wheat 0
670.7 392.6 604.7 399.2 579.7 150.2 645.7 143.5 wheat 0
655.7 308.6 788.7 308.6 788.7 355.6 655.7 355.6 wheat 0
658.1 148.6 826.1 321.5 779.7 366.6 611.7 193.6 wheat 0
886.7 318.6 941.7 318.6 941.7 473.6 886.7 473.6 wheat 0
904.0 562.9 970.4 608.4 938.7 654.6 872.3 609.2 wheat 0
880.3 614.4 937.4 653.5 912.7 689.6 855.6 650.5 wheat 0
920.6 758.7 1022.1 790.0 1006.7 839.6 905.3 808.2 wheat 0
1021.7 867.6 870.6 882.8 865.9 836.2 1017.1 821.0 wheat 0
877.6 865.2 1011.2 921.7 992.9 965.0 859.3 908.5 wheat 0
521.7 109.6 330.1 168.9 316.2 123.9 507.8 64.7 wheat 0
435.6 113.8 532.3 143.7 518.7 187.6 422.0 157.7 wheat 0
517.4 160.7 612.4 179.9 600.7 237.6 505.7 218.3 wheat 0
603.7 82.6 515.6 142.9 495.5 113.5 583.6 53.2 wheat 0
234.0 2.3 368.1 59.0 343.7 116.6 209.7 59.9 wheat 0
461.7 45.6 346.3 69.0 337.1 23.5 452.5 0.1 wheat 0
872.4 224.6 685.7 326.6 663.9 286.7 850.6 184.8 wheat 0
720.2 204.0 804.3 230.0 799.3 246.2 715.2 220.2 wheat 0
887.9 157.0 999.3 204.1 980.6 248.3 869.2 201.2 wheat 0
982.9 960.6 1020.7 976.5 1001.6 1021.7 963.8 1005.7 wheat 0
941.2 636.2 1017.9 651.8 1010.6 687.7 933.9 672.1 wheat 0
410.7 575.6 369.4 598.2 299.1 469.7 340.5 447.1 wheat 0
591.7 690.2 506.1 698.8 501.8 656.0 587.4 647.4 wheat 0
