472.7 438.6 520.7 438.6 520.7 584.6 472.7 584.6 wheat 0
432.7 452.6 468.7 452.6 468.7 495.6 432.7 495.6 wheat 0
403.7 258.6 449.7 258.6 449.7 356.6 403.7 356.6 wheat 0
513.3 171.5 402.9 193.9 392.4 142.0 502.7 119.6 wheat 0
636.3 252.3 581.7 289.6 558.7 256.0 613.4 218.6 wheat 0
851.5 229.2 796.7 285.6 773.0 262.6 827.8 206.2 wheat 0
918.1 180.2 1005.3 197.9 996.4 242.0 909.2 224.3 wheat 0
860.4 13.7 917.8 31.4 905.0 72.5 847.7 54.8 wheat 0
757.9 6.5 798.4 23.7 783.6 58.7 743.1 41.5 wheat 0
791.9 741.3 735.1 752.8 723.6 696.0 780.4 684.4 wheat 0
694.7 684.7 583.7 731.6 567.2 692.5 678.2 645.6 wheat 0
666.9 728.4 587.7 771.6 572.0 742.8 651.1 699.6 wheat 0
603.7 615.6 651.7 615.6 651.7 648.6 603.7 648.6 wheat 0
506.7 633.6 544.7 633.6 544.7 670.6 506.7 670.6 wheat 0
369.7 604.6 407.7 604.6 407.7 675.6 369.7 675.6 wheat 0
247.8 445.5 288.3 458.0 271.7 511.6 231.2 499.1 wheat 0
254.7 516.6 284.7 516.6 284.7 559.6 254.7 559.6 wheat 0
326.5 587.5 277.5 628.8 253.0 599.7 302.0 558.5 wheat 0
68.7 565.6 113.7 565.6 113.7 645.6 68.7 645.6 wheat 0
209.0 691.0 106.7 722.6 95.5 686.3 197.7 654.7 wheat 0
72.5 635.2 110.4 655.9 65.7 737.6 27.9 716.9 wheat 0
131.1 761.1 59.2 791.5 46.4 761.1 118.2 730.7 wheat 0
82.7 857.4 42.9 861.4 34.7 779.8 74.5 775.8 wheat 0
489.1 821.3 390.7 888.6 366.0 852.5 464.4 785.2 wheat 0
381.0 880.9 450.1 910.1 436.7 941.6 367.7 912.4 wheat 0
845.7 978.5 814.7 1004.6 734.1 908.9 765.1 882.8 wheat 0
267.9 186.8 206.7 228.6 178.9 187.9 240.0 146.1 wheat 0
97.8 225.7 136.3 246.7 111.7 291.6 73.3 270.6 wheat 0
176.8 300.1 219.1 318.0 204.7 352.1 162.3 334.2 wheat 0
161.2 55.0 195.0 58.4 190.3 106.2 156.4 102.8 wheat 0
738.7 759.2 703.2 783.4 681.8 752.1 717.3 727.8 wheat 0
760.7 764.7 828.8 778.5 822.7 808.6 754.6 794.8 wheat 0
466.7 966.6 502.4 996.7 482.7 1020.1 447.0 990.1 wheat 0
420.2 802.4 390.7 814.9 371.3 768.8 400.7 756.4 wheat 0
247.7 677.6 278.7 677.6 278.7 744.6 247.7 744.6 wheat 0
293.4 639.3 336.1 647.9 302.7 812.6 260.0 804.0 wheat 0
667.9 231.1 711.2 249.4 704.6 265.1 661.3 246.8 wheat 0
