654.2 445.6 599.7 456.6 559.2 256.8 613.7 245.8 wheat 0
749.1 405.0 750.8 461.5 567.6 466.9 566.0 410.4 wheat 0
972.5 316.2 987.3 369.7 790.9 424.2 776.1 370.7 wheat 0
794.9 378.8 755.7 414.6 712.2 367.1 751.4 331.3 wheat 0
793.4 276.8 810.7 298.6 720.0 370.7 702.6 348.8 wheat 0
914.2 200.0 942.3 202.8 936.7 258.6 908.7 255.8 wheat 0
968.2 52.5 1010.5 75.6 936.7 210.6 894.4 187.5 wheat 0
687.7 229.6 722.7 244.4 688.6 324.9 653.7 310.1 wheat 0
716.7 45.6 764.4 94.7 588.7 265.4 541.0 216.3 wheat 0
543.6 18.6 551.7 65.6 441.7 84.6 433.6 37.6 wheat 0
177.4 353.7 134.7 397.6 30.3 296.2 73.0 252.3 wheat 0
248.8 230.5 294.4 249.8 235.7 388.6 190.1 369.3 wheat 0
492.0 468.5 470.7 501.6 335.7 414.9 357.0 381.8 wheat 0
478.9 595.4 509.7 623.6 461.9 675.8 431.1 647.6 wheat 0
476.6 694.8 449.7 728.6 382.4 675.2 409.2 641.4 wheat 0
273.7 139.9 234.9 172.6 117.1 32.7 155.9 -0.0 wheat 0
159.5 181.3 183.7 214.6 86.6 285.3 62.4 252.0 wheat 0
128.7 212.6 109.2 237.3 58.8 197.2 78.3 172.6 wheat 0
93.7 375.6 52.3 398.2 3.4 308.7 44.8 286.1 wheat 0
215.7 523.6 233.7 548.3 198.6 573.8 180.6 549.2 wheat 0
347.2 507.1 373.7 543.6 275.0 615.5 248.4 579.0 wheat 0
313.7 459.6 345.7 459.6 345.7 516.6 313.7 516.6 wheat 0
139.7 794.6 200.1 820.2 162.7 908.6 102.3 883.1 wheat 0
674.7 945.6 731.5 945.6 731.5 1015.6 674.7 1015.6 wheat 0
655.7 931.6 679.5 931.6 679.5 1014.9 655.7 1014.9 wheat 0
801.4 984.9 735.7 1012.6 661.5 837.1 727.2 809.4 wheat 0
921.0 1004.9 890.1 1021.8 853.9 955.5 884.7 938.6 wheat 0
847.2 789.7 862.1 833.4 774.7 863.3 759.7 819.6 wheat 0
964.7 738.3 973.0 774.0 887.8 793.9 879.4 758.2 wheat 0
804.7 692.2 800.7 748.6 634.2 736.8 638.2 680.4 wheat 0
773.1 572.6 814.2 603.3 746.7 693.6 705.6 662.9 wheat 0
845.2 527.4 913.7 527.4 913.7 691.6 845.2 691.6 wheat 0
879.0 397.8 913.6 416.7 836.7 557.6 802.1 538.7 wheat 0
802.0 395.6 857.6 403.5 832.9 576.9 777.3 569.0 wheat 0
555.7 517.6 560.7 556.1 472.8 567.6 467.8 529.0 wheat 0
123.7 985.6 124.7 1019.5 5.2 1023.0 4.2 989.1 wheat 0
156.3 940.5 135.1 973.6 -0.0 886.9 21.3 853.8 wheat 0
140.1 0.0 163.5 32.1 81.7 91.6 58.4 59.5 wheat 0
929.0 944.8 971.2 953.4 961.4 1001.4 919.3 992.9 wheat 0
201.0 12.9 237.8 16.6 231.4 80.3 194.6 76.6 wheat 0
623.7 597.6 662.7 597.6 662.7 640.6 623.7 640.6 wheat 0
