674.1 388.5 605.9 402.3 549.6 124.7 617.8 110.9 wheat 0
507.1 92.5 582.1 92.5 582.1 358.5 507.1 358.5 wheat 0
597.1 400.5 483.6 478.1 451.9 431.8 565.4 354.2 wheat 0
512.1 389.5 280.1 487.6 250.0 416.2 481.9 318.2 wheat 0
462.1 222.5 421.7 250.1 376.6 184.3 417.0 156.7 wheat 0
476.1 345.5 428.6 394.4 272.2 242.5 319.6 193.6 wheat 0
424.1 484.5 362.4 503.6 298.6 297.2 360.2 278.1 wheat 0
258.6 479.4 305.4 499.2 271.1 580.5 224.2 560.7 wheat 0
238.1 574.5 455.1 574.5 455.1 636.5 238.1 636.5 wheat 0
492.9 779.9 346.5 809.6 334.7 751.2 481.1 721.5 wheat 0
652.9 879.2 455.8 919.2 444.9 865.5 642.1 825.5 wheat 0
587.4 947.5 416.3 964.7 410.0 901.7 581.1 884.5 wheat 0
676.1 813.5 619.5 831.0 552.3 613.9 608.9 596.4 wheat 0
562.4 659.2 620.1 690.7 542.1 833.5 484.4 802.0 wheat 0
687.8 577.0 744.1 615.5 662.1 735.5 605.7 697.0 wheat 0
906.1 693.5 786.8 758.7 755.3 700.9 874.5 635.8 wheat 0
899.8 540.9 963.8 547.4 947.1 714.5 883.1 708.1 wheat 0
871.1 276.5 687.9 354.0 666.1 302.6 849.3 225.1 wheat 0
828.7 94.9 875.2 134.0 777.1 250.5 730.6 211.4 wheat 0
928.1 395.5 885.7 424.5 840.8 358.8 883.1 329.8 wheat 0
150.1 204.5 86.5 210.9 66.0 6.7 129.6 0.3 wheat 0
137.4 0.0 174.1 0.0 174.1 150.5 137.4 150.5 wheat 0
