244.3 339.0 324.3 339.0 324.3 409.0 244.3 409.0 wheat 0
291.8 150.8 388.3 180.6 369.3 242.0 272.8 212.2 wheat 0
537.2 277.5 478.2 302.4 447.5 229.6 506.4 204.7 wheat 0
760.9 -0.0 836.1 63.4 787.3 121.4 712.0 58.0 wheat 0
686.3 115.0 748.3 115.0 748.3 190.0 686.3 190.0 wheat 0
871.3 267.0 939.3 267.0 939.3 336.0 871.3 336.0 wheat 0
99.4 61.9 217.9 183.9 171.2 229.2 52.8 107.2 wheat 0
240.7 152.7 178.0 159.0 169.0 69.4 231.7 63.1 wheat 0
133.3 310.0 206.3 310.0 206.3 411.0 133.3 411.0 wheat 0
77.3 407.0 139.3 407.0 139.3 487.0 77.3 487.0 wheat 0
357.1 548.3 433.7 556.0 428.5 607.8 351.9 600.1 wheat 0
690.3 469.2 812.8 494.0 801.3 550.9 678.8 526.0 wheat 0
1016.4 620.3 967.6 625.2 957.3 521.7 1006.0 516.9 wheat 0
640.7 505.1 721.9 530.2 700.9 598.0 619.7 572.9 wheat 0
635.4 588.3 694.8 629.0 626.3 729.0 566.9 688.4 wheat 0
803.6 594.0 854.8 629.0 813.0 690.1 761.8 655.1 wheat 0
766.3 674.0 823.3 674.0 823.3 778.0 766.3 778.0 wheat 0
893.3 636.0 960.3 636.0 960.3 706.0 893.3 706.0 wheat 0
244.5 747.9 291.3 762.4 263.2 853.2 216.4 838.7 wheat 0
381.7 875.3 330.0 880.5 322.9 809.8 374.6 804.6 wheat 0
34.3 868.0 123.3 868.0 123.3 940.0 34.3 940.0 wheat 0
113.2 800.7 10.7 811.0 4.5 749.3 107.0 739.1 wheat 0
346.3 332.0 405.3 332.0 405.3 387.0 346.3 387.0 wheat 0
632.3 296.2 675.2 325.6 624.4 399.9 581.5 370.5 wheat 0
901.0 151.4 971.6 165.7 961.6 214.7 891.1 200.4 wheat 0
931.6 3.2 994.6 22.7 983.1 59.9 920.0 40.4 wheat 0
150.7 207.0 97.2 252.1 17.9 158.1 71.5 113.0 wheat 0
499.0 700.4 409.5 709.4 403.6 650.7 493.1 641.7 wheat 0
533.4 779.4 474.6 791.3 461.3 725.7 520.1 713.8 wheat 0
