582.1 443.5 450.1 456.7 445.5 411.1 577.5 397.9 wheat 0
638.1 454.5 711.1 454.5 711.1 498.5 638.1 498.5 wheat 0
984.1 198.5 859.7 283.6 825.5 233.6 949.9 148.5 wheat 0
879.0 266.8 912.0 289.4 866.1 356.5 833.1 333.9 wheat 0
632.1 686.5 566.0 707.0 556.6 676.7 622.7 656.2 wheat 0
745.1 671.5 693.1 687.6 683.7 657.3 735.7 641.2 wheat 0
734.7 734.5 640.2 744.0 636.6 708.0 731.1 698.5 wheat 0
729.1 764.5 657.7 779.0 650.3 742.6 721.7 728.1 wheat 0
645.1 800.5 583.9 826.4 566.6 785.4 627.7 759.6 wheat 0
572.1 739.5 483.3 767.0 474.0 736.9 562.8 709.4 wheat 0
445.1 729.5 416.2 759.2 369.4 713.7 398.2 684.0 wheat 0
109.1 698.0 11.2 707.9 8.1 677.3 106.1 667.5 wheat 0
297.1 643.5 238.4 661.7 227.4 626.3 286.1 608.1 wheat 0
249.3 366.5 352.4 387.4 344.1 428.5 240.9 407.6 wheat 0
379.7 414.3 457.2 430.0 452.1 455.5 374.5 439.8 wheat 0
421.0 330.6 524.1 362.5 510.2 407.3 407.2 375.4 wheat 0
501.8 317.9 648.1 347.5 640.1 386.7 493.8 357.1 wheat 0
794.1 454.5 741.4 459.8 738.0 426.3 790.7 421.0 wheat 0
643.9 221.3 692.3 226.1 686.1 288.5 637.7 283.7 wheat 0
823.4 128.0 866.5 157.5 822.1 222.5 779.0 193.0 wheat 0
783.6 86.0 829.1 90.6 820.1 180.5 774.6 176.0 wheat 0
623.3 106.9 664.7 129.5 634.1 185.5 592.7 162.9 wheat 0
595.1 126.5 524.7 156.3 507.4 115.3 577.7 85.6 wheat 0
294.1 308.5 252.9 350.9 224.6 323.4 265.8 281.0 wheat 0
163.1 250.5 48.3 329.0 21.3 289.5 136.0 211.0 wheat 0
129.1 172.5 85.2 196.5 35.8 106.1 79.7 82.1 wheat 0
171.1 136.5 124.2 141.2 114.5 44.2 161.3 39.5 wheat 0
378.1 91.5 411.1 91.5 411.1 148.5 378.1 148.5 wheat 0
463.3 104.6 491.4 128.3 443.0 185.7 414.9 162.1 wheat 0
524.2 95.2 485.1 135.5 455.1 106.4 494.3 66.1 wheat 0
453.1 239.5 410.4 252.7 395.8 205.4 438.4 192.2 wheat 0
319.2 183.0 359.0 210.2 332.1 249.5 292.3 222.3 wheat 0
519.9 250.1 604.1 258.5 600.4 295.2 516.2 286.8 wheat 0
430.5 243.2 542.2 290.5 526.1 328.5 414.4 281.3 wheat 0
294.8 688.9 357.1 701.5 349.5 738.7 287.3 726.1 wheat 0
343.7 658.7 309.5 665.7 304.0 638.4 338.2 631.5 wheat 0
479.1 792.5 540.1 792.5 540.1 828.5 479.1 828.5 wheat 0
902.6 799.5 1002.2 819.7 990.1 879.5 890.5 859.3 wheat 0
1017.7 603.9 948.1 651.5 916.4 605.2 986.0 557.6 wheat 0
823.1 694.5 755.6 701.3 751.1 657.0 818.6 650.2 wheat 0
65.4 829.6 106.6 847.1 70.1 933.5 28.8 916.1 wheat 0
167.1 843.5 118.0 848.4 112.9 797.1 161.9 792.2 wheat 0
157.3 683.0 207.6 704.3 188.1 750.5 137.8 729.2 wheat 0
364.8 386.8 277.3 404.5 269.5 366.3 357.1 348.5 wheat 0
294.1 300.5 342.1 300.5 342.1 341.5 294.1 341.5 wheat 0
