598.2 346.9 696.6 388.5 681.7 423.6 583.4 382.0 wheat 0
700.8 401.4 785.8 427.7 773.7 466.9 688.7 440.5 wheat 0
864.0 497.9 960.7 538.8 944.7 576.6 848.0 535.7 wheat 0
876.0 516.8 813.4 543.2 797.4 505.5 860.1 479.0 wheat 0
895.7 408.6 797.5 439.0 784.9 398.3 883.1 367.9 wheat 0
929.9 351.0 1010.2 394.8 991.7 428.6 911.5 384.8 wheat 0
905.7 368.9 968.3 411.8 941.7 450.6 879.1 407.8 wheat 0
772.7 315.4 841.3 373.2 820.7 397.6 752.1 339.8 wheat 0
737.6 235.9 784.7 275.6 766.1 297.8 718.9 258.1 wheat 0
561.3 253.8 657.7 294.6 644.2 326.7 547.7 285.9 wheat 0
587.5 150.5 696.5 225.1 679.7 249.6 570.7 175.0 wheat 0
457.0 136.6 538.0 180.8 521.7 210.6 440.7 166.4 wheat 0
513.5 127.9 569.2 133.5 565.9 166.3 510.2 160.7 wheat 0
563.7 126.6 651.7 126.6 651.7 164.6 563.7 164.6 wheat 0
739.6 206.7 704.7 230.6 637.9 133.0 672.8 109.1 wheat 0
662.3 75.9 638.7 105.6 561.5 44.3 585.1 14.6 wheat 0
589.8 55.5 646.8 114.2 622.7 137.6 565.7 78.9 wheat 0
589.1 52.0 571.5 66.8 537.4 26.3 555.0 11.4 wheat 0
657.3 8.6 689.4 41.6 668.7 61.6 636.7 28.6 wheat 0
745.3 43.9 789.7 89.6 764.5 114.1 720.1 68.4 wheat 0
820.7 151.6 784.3 162.9 767.9 110.1 804.4 98.8 wheat 0
949.7 111.6 1020.7 111.6 1020.7 151.6 949.7 151.6 wheat 0
594.4 714.8 663.9 736.4 652.7 772.6 583.1 751.1 wheat 0
708.3 790.7 760.3 801.2 754.1 831.6 702.2 821.0 wheat 0
786.7 789.6 814.7 789.6 814.7 813.6 786.7 813.6 wheat 0
899.3 757.6 977.4 800.3 959.7 832.6 881.7 790.0 wheat 0
893.7 934.6 782.4 957.2 775.6 923.7 886.9 901.1 wheat 0
1010.7 921.6 931.6 964.8 916.1 936.4 995.2 893.2 wheat 0
816.5 901.3 776.3 909.5 772.0 887.9 812.1 879.8 wheat 0
789.7 991.2 766.5 1015.1 716.5 966.6 739.7 942.6 wheat 0
380.3 737.1 468.2 755.0 461.7 786.6 373.9 768.8 wheat 0
300.0 732.0 389.6 759.7 379.7 791.6 290.2 763.9 wheat 0
223.0 758.3 320.1 768.0 315.7 811.6 218.6 801.9 wheat 0
401.7 828.6 272.5 868.6 259.2 825.6 388.4 785.6 wheat 0
318.7 820.3 384.3 833.6 377.8 865.9 312.1 852.6 wheat 0
508.1 939.4 552.6 985.2 533.7 1003.6 489.2 957.8 wheat 0
276.1 892.9 359.2 909.8 352.7 941.6 269.7 924.8 wheat 0
195.3 889.5 278.9 897.9 276.2 924.7 192.6 916.4 wheat 0
111.2 827.1 182.9 834.3 180.3 860.1 108.6 853.0 wheat 0
100.5 772.7 231.7 813.3 221.7 845.6 90.5 805.0 wheat 0
145.7 846.5 217.5 876.8 202.7 911.6 131.0 881.3 wheat 0
55.7 870.6 121.7 870.6 121.7 896.6 55.7 896.6 wheat 0
120.2 946.6 167.7 995.6 143.2 1019.4 95.7 970.4 wheat 0
4.7 765.6 81.7 765.6 81.7 812.6 4.7 812.6 wheat 0
158.8 670.8 130.7 699.6 44.3 615.7 72.3 586.8 wheat 0
98.3 664.8 181.8 721.9 160.7 752.6 77.3 695.5 wheat 0
153.1 582.6 263.0 657.8 248.7 678.6 138.8 603.4 wheat 0
167.0 637.9 218.1 643.0 215.7 666.6 164.6 661.5 wheat 0
173.2 662.0 279.2 694.8 268.7 728.6 162.7 695.8 wheat 0
64.4 549.8 131.4 556.6 128.7 582.6 61.8 575.9 wheat 0
193.3 481.5 271.2 497.3 263.1 537.2 185.2 521.4 wheat 0
212.8 437.4 273.2 456.0 263.7 486.6 203.4 467.9 wheat 0
151.6 440.6 218.3 454.1 212.4 483.1 145.7 469.6 wheat 0
115.2 415.9 191.3 423.6 188.7 449.6 112.6 442.0 wheat 0
147.6 397.0 210.8 431.5 197.9 455.2 134.7 420.7 wheat 0
24.4 361.6 87.1 404.5 65.1 436.7 2.4 393.8 wheat 0
9.5 406.0 58.5 415.9 52.0 448.3 3.0 438.3 wheat 0
317.6 446.7 467.2 477.0 458.7 518.6 309.1 488.3 wheat 0
284.7 410.6 332.7 450.9 312.7 474.6 264.8 434.2 wheat 0
571.0 571.6 615.3 609.0 600.5 626.6 556.1 589.2 wheat 0
738.3 585.6 819.7 602.1 814.1 629.6 732.8 613.1 wheat 0
581.7 381.9 648.6 402.6 639.7 431.3 572.9 410.6 wheat 0
593.1 404.3 689.7 470.3 673.7 493.6 577.2 427.6 wheat 0
445.0 364.9 515.0 423.9 485.7 458.6 415.7 399.6 wheat 0
580.2 488.2 526.7 517.4 512.3 491.1 565.8 461.8 wheat 0
523.7 520.6 566.7 520.6 566.7 542.6 523.7 542.6 wheat 0
419.0 311.8 494.5 353.0 476.7 385.6 401.2 344.4 wheat 0
210.6 273.1 301.4 282.2 298.7 308.6 208.0 299.5 wheat 0
192.3 218.6 255.0 261.5 239.2 284.6 176.5 241.7 wheat 0
208.7 200.6 269.7 200.6 269.7 232.6 208.7 232.6 wheat 0
4.9 204.1 139.3 217.6 135.7 252.6 1.3 239.1 wheat 0
73.4 137.6 216.9 166.7 211.3 194.7 67.7 165.6 wheat 0
106.8 162.3 166.0 223.3 141.7 246.9 82.4 186.0 wheat 0
21.8 25.9 85.7 69.6 70.2 92.4 6.3 48.6 wheat 0
291.5 141.7 353.6 160.9 345.0 188.6 282.9 169.4 wheat 0
354.8 65.0 434.0 98.5 422.7 125.2 343.5 91.7 wheat 0
377.0 103.4 357.7 119.6 325.5 81.4 344.8 65.1 wheat 0
93.7 934.6 28.1 941.2 25.9 919.3 91.5 912.7 wheat 0
367.8 171.1 418.7 198.9 407.7 219.1 356.8 191.3 wheat 0
133.1 114.1 203.3 152.4 190.4 176.1 120.2 137.8 wheat 0
