824.7 527.6 743.2 535.8 738.4 487.9 819.9 479.7 wheat 0
894.7 349.6 866.3 373.6 817.0 315.0 845.4 291.1 wheat 0
861.5 169.0 937.9 201.3 913.0 260.3 836.6 227.9 wheat 0
519.9 427.8 590.5 442.1 583.5 476.4 513.0 462.1 wheat 0
632.2 171.9 666.7 182.6 653.4 225.8 618.9 215.2 wheat 0
589.7 219.7 631.9 228.2 624.7 263.5 582.6 255.0 wheat 0
510.7 861.6 547.7 861.6 547.7 930.6 510.7 930.6 wheat 0
205.0 922.8 269.2 957.9 243.7 1004.6 179.5 969.5 wheat 0
129.7 887.6 161.7 887.6 161.7 952.6 129.7 952.6 wheat 0
241.1 764.8 220.9 785.6 171.4 737.5 191.6 716.7 wheat 0
30.7 479.0 123.5 529.6 96.7 578.6 4.0 527.9 wheat 0
43.4 424.4 82.7 436.6 73.7 465.6 34.4 453.4 wheat 0
188.8 377.2 139.3 411.1 116.7 378.0 166.2 344.2 wheat 0
57.7 309.6 12.1 314.2 7.7 270.7 53.4 266.1 wheat 0
549.5 973.7 582.9 980.4 573.9 1024.5 540.6 1017.8 wheat 0
740.6 571.2 767.0 589.2 730.9 642.1 704.5 624.0 wheat 0
733.4 888.7 760.7 894.2 740.7 992.6 713.4 987.1 wheat 0
