412.1 201.1 490.1 201.1 490.1 379.1 412.1 379.1 wheat 0
507.1 591.1 621.1 591.1 621.1 640.1 507.1 640.1 wheat 0
494.0 662.5 362.2 703.3 346.2 651.7 478.1 610.9 wheat 0
284.1 770.1 147.9 910.4 99.1 863.1 235.4 722.8 wheat 0
370.1 709.1 445.1 709.1 445.1 771.1 370.1 771.1 wheat 0
591.5 76.9 655.5 96.7 605.8 257.2 541.8 237.4 wheat 0
867.7 184.7 919.3 206.5 874.5 312.4 823.0 290.6 wheat 0
366.1 570.1 248.4 634.4 217.3 577.4 335.0 513.0 wheat 0
956.1 435.1 1002.1 435.1 1002.1 600.1 956.1 600.1 wheat 0
761.5 614.5 679.0 670.9 650.8 629.7 733.3 573.2 wheat 0
802.8 703.2 717.8 761.4 680.5 706.9 765.5 648.8 wheat 0
449.1 821.1 323.7 874.1 303.5 826.4 429.0 773.4 wheat 0
100.1 466.1 158.1 466.1 158.1 590.1 100.1 590.1 wheat 0
135.3 622.6 66.3 651.8 48.0 608.5 117.0 579.3 wheat 0
8.1 719.1 166.1 719.1 166.1 769.1 8.1 769.1 wheat 0
729.5 470.6 580.3 552.1 558.8 512.6 708.0 431.1 wheat 0
623.1 956.1 753.1 956.1 753.1 993.1 623.1 993.1 wheat 0
