68.2 439.6 148.7 439.6 148.7 492.3 68.2 492.3 wheat 0
251.7 792.6 141.0 803.7 135.1 745.5 245.9 734.4 wheat 0
18.7 788.6 110.7 788.6 110.7 826.6 18.7 826.6 wheat 0
101.2 871.5 184.9 906.9 156.7 973.6 73.0 938.2 wheat 0
68.0 939.3 146.4 963.6 135.4 998.9 57.1 974.7 wheat 0
333.7 943.6 431.2 973.8 416.3 1021.9 318.8 991.8 wheat 0
520.1 732.7 487.3 736.0 478.4 647.5 511.2 644.2 wheat 0
224.7 518.6 104.2 569.6 88.0 531.3 208.6 480.3 wheat 0
23.7 122.6 81.7 122.6 81.7 166.6 23.7 166.6 wheat 0
54.0 12.1 107.1 56.8 72.7 97.6 19.7 52.9 wheat 0
655.3 658.2 725.0 665.2 720.2 713.0 650.5 706.0 wheat 0
655.3 685.6 758.5 729.2 736.7 780.6 633.6 737.0 wheat 0
349.7 823.6 282.1 852.2 262.6 806.1 330.2 777.5 wheat 0
540.7 988.6 490.6 1022.9 440.3 949.3 490.4 915.0 wheat 0
645.7 866.6 680.7 866.6 680.7 916.6 645.7 916.6 wheat 0
785.5 809.2 876.7 871.6 850.7 909.6 759.5 847.2 wheat 0
854.7 686.5 978.4 790.7 939.7 836.6 816.0 732.4 wheat 0
822.4 647.1 908.3 664.6 900.0 705.6 814.1 688.2 wheat 0
736.5 538.5 777.0 555.6 763.0 588.8 722.5 571.6 wheat 0
803.5 460.6 868.7 515.5 835.1 555.4 769.9 500.5 wheat 0
667.7 476.9 711.7 490.5 697.8 535.4 653.8 521.8 wheat 0
751.7 612.6 853.7 612.6 853.7 652.6 751.7 652.6 wheat 0
780.5 595.0 750.7 620.1 733.9 600.2 763.8 575.1 wheat 0
884.3 261.4 741.0 305.7 727.1 260.8 870.4 216.5 wheat 0
705.7 141.6 759.7 141.6 759.7 178.6 705.7 178.6 wheat 0
876.5 68.0 786.9 77.0 783.0 38.2 872.6 29.2 wheat 0
