620.7 588.6 584.5 603.9 539.8 498.2 576.0 482.9 wheat 0
692.6 530.8 668.1 551.4 626.9 502.4 651.4 481.8 wheat 0
731.5 665.5 706.2 686.7 665.0 637.8 690.2 616.5 wheat 0
791.2 679.8 848.8 691.5 841.7 726.6 784.1 714.9 wheat 0
629.6 799.6 704.0 850.5 682.7 881.6 608.3 830.7 wheat 0
565.4 915.5 528.2 923.1 522.0 892.7 559.3 885.1 wheat 0
520.7 852.6 486.7 867.0 454.0 789.7 488.1 775.3 wheat 0
379.7 807.6 456.2 872.0 435.2 897.0 358.7 832.6 wheat 0
479.7 941.6 451.3 953.7 428.1 898.9 456.6 886.8 wheat 0
301.7 827.6 267.0 851.4 222.9 787.0 257.7 763.3 wheat 0
177.8 720.8 250.7 760.6 236.1 787.3 163.2 747.5 wheat 0
245.4 631.4 317.1 670.6 301.7 698.6 230.1 659.5 wheat 0
265.3 537.6 318.7 582.6 300.1 604.8 246.6 559.7 wheat 0
228.7 480.6 273.1 526.3 248.5 550.2 204.1 504.6 wheat 0
217.7 442.6 266.7 483.9 250.5 503.2 201.5 461.9 wheat 0
104.4 470.1 147.4 493.6 130.1 525.2 87.1 501.7 wheat 0
168.7 599.6 142.0 614.2 108.7 553.3 135.5 538.7 wheat 0
71.7 776.6 43.8 795.7 2.6 735.5 30.5 716.4 wheat 0
3.7 754.6 84.7 754.6 84.7 787.6 3.7 787.6 wheat 0
57.2 818.6 95.5 858.0 73.3 879.6 35.0 840.2 wheat 0
132.9 862.3 194.7 904.6 177.1 930.4 115.3 888.1 wheat 0
46.9 872.7 86.8 880.8 79.7 915.6 39.9 907.5 wheat 0
9.2 803.4 44.7 810.6 37.0 848.6 1.6 841.4 wheat 0
6.7 960.6 87.7 960.6 87.7 997.6 6.7 997.6 wheat 0
248.7 965.6 216.0 983.5 179.3 916.3 212.0 898.4 wheat 0
258.7 936.6 315.3 948.1 308.8 980.2 252.2 968.8 wheat 0
646.7 941.6 687.7 941.6 687.7 986.6 646.7 986.6 wheat 0
928.7 917.6 957.7 917.6 957.7 977.6 928.7 977.6 wheat 0
913.7 842.6 940.7 842.6 940.7 882.6 913.7 882.6 wheat 0
826.7 519.6 862.7 519.6 862.7 589.6 826.7 589.6 wheat 0
892.4 580.5 863.7 589.4 855.1 561.7 883.8 552.8 wheat 0
509.1 195.9 587.9 262.3 563.4 291.3 484.6 225.0 wheat 0
481.7 234.6 449.2 248.4 416.0 169.7 448.5 156.0 wheat 0
284.7 190.1 347.6 233.2 326.7 263.6 263.8 220.6 wheat 0
271.7 187.6 238.4 210.4 200.1 154.5 233.5 131.7 wheat 0
127.7 263.6 87.6 285.5 53.2 222.5 93.3 200.6 wheat 0
90.7 173.6 51.4 185.8 25.7 102.7 65.0 90.5 wheat 0
185.7 165.6 155.3 191.2 108.7 135.9 139.1 110.3 wheat 0
328.7 353.6 289.5 357.6 284.2 304.5 323.4 300.6 wheat 0
307.7 459.6 344.7 459.6 344.7 523.6 307.7 523.6 wheat 0
367.4 480.9 336.8 490.4 324.1 449.3 354.7 439.8 wheat 0
401.9 484.1 480.9 508.5 469.7 544.6 390.7 520.2 wheat 0
424.7 545.6 398.1 563.8 357.3 504.2 383.9 486.0 wheat 0
375.9 592.3 350.0 594.9 347.6 571.0 373.5 568.4 wheat 0
438.1 494.9 407.3 498.0 402.4 449.3 433.2 446.2 wheat 0
458.7 615.6 487.7 615.6 487.7 662.6 458.7 662.6 wheat 0
541.7 603.6 514.7 622.1 482.2 574.6 509.2 556.1 wheat 0
909.9 447.9 941.9 510.7 910.7 526.6 878.7 463.7 wheat 0
991.3 538.5 1022.5 541.6 1014.7 618.6 983.6 615.5 wheat 0
723.9 256.3 700.0 258.7 695.6 213.9 719.4 211.5 wheat 0
758.8 252.9 801.0 288.4 785.7 306.6 743.5 271.0 wheat 0
625.7 89.6 590.8 96.7 573.1 9.7 608.1 2.6 wheat 0
387.8 125.5 470.4 195.0 443.7 226.6 361.2 157.1 wheat 0
964.5 103.2 1004.7 144.6 980.2 168.5 939.9 127.0 wheat 0
955.9 183.1 989.7 186.5 983.6 248.2 949.7 244.8 wheat 0
945.7 45.0 916.1 54.2 902.8 11.2 932.4 2.0 wheat 0
235.2 5.3 280.1 19.2 271.3 47.9 226.4 34.0 wheat 0
57.3 530.0 23.3 544.4 -0.9 487.3 33.2 472.9 wheat 0
1023.7 364.6 997.5 379.0 976.5 340.6 1002.8 326.2 wheat 0
