273.7 642.6 457.7 642.6 457.7 698.6 273.7 698.6 wheat 0
406.6 518.0 217.7 677.2 193.8 648.8 382.7 489.6 wheat 0
339.1 653.3 115.2 675.7 111.4 636.9 335.2 614.5 wheat 0
112.9 651.0 67.8 660.1 46.6 555.3 91.6 546.1 wheat 0
87.1 643.0 169.7 712.6 144.3 742.9 61.6 673.2 wheat 0
2.7 587.6 55.7 587.6 55.7 660.6 2.7 660.6 wheat 0
64.9 704.6 25.7 737.6 2.1 709.5 41.3 676.6 wheat 0
217.1 703.6 252.7 733.6 172.5 828.9 136.8 798.8 wheat 0
197.7 796.6 245.7 796.6 245.7 818.6 197.7 818.6 wheat 0
182.7 819.6 239.7 819.6 239.7 864.6 182.7 864.6 wheat 0
538.8 669.1 614.7 692.6 606.2 720.3 530.2 696.8 wheat 0
333.4 912.3 210.2 950.4 193.0 895.0 316.3 856.8 wheat 0
108.9 855.8 156.9 905.2 119.6 941.5 71.5 892.0 wheat 0
599.7 817.6 681.7 817.6 681.7 872.6 599.7 872.6 wheat 0
791.2 836.1 957.5 859.6 950.3 911.1 783.9 887.6 wheat 0
890.3 890.7 1022.0 962.7 1005.7 992.5 874.0 920.6 wheat 0
648.4 926.9 751.0 947.7 742.3 990.4 639.7 969.6 wheat 0
870.3 575.9 738.9 589.1 735.2 552.3 866.6 539.1 wheat 0
722.3 545.7 688.6 574.0 635.2 510.5 668.8 482.2 wheat 0
694.7 780.6 662.2 802.9 633.2 760.6 665.8 738.3 wheat 0
855.7 387.6 698.1 454.3 679.0 408.9 836.6 342.3 wheat 0
1024.2 379.1 894.8 405.3 887.3 368.1 1016.6 341.9 wheat 0
843.5 219.3 1011.7 236.2 1007.0 282.9 838.8 266.1 wheat 0
718.7 362.2 651.9 407.9 641.7 393.1 708.6 347.3 wheat 0
729.2 200.8 770.0 204.9 759.2 312.4 718.4 308.3 wheat 0
238.1 344.6 454.5 366.3 450.7 403.6 234.4 381.9 wheat 0
358.4 439.6 273.3 465.9 262.1 429.6 347.1 403.3 wheat 0
171.9 427.6 73.5 458.0 62.6 422.7 161.0 392.2 wheat 0
221.7 290.8 369.7 305.6 366.9 333.5 218.9 318.7 wheat 0
268.6 212.4 384.2 235.8 374.9 281.9 259.2 258.4 wheat 0
269.8 42.9 316.4 47.6 299.4 217.3 252.7 212.6 wheat 0
288.7 74.6 166.9 200.0 136.0 170.0 257.8 44.6 wheat 0
306.7 103.6 415.7 103.6 415.7 143.6 306.7 143.6 wheat 0
309.8 140.9 463.5 156.3 459.7 193.6 306.1 178.2 wheat 0
649.7 110.0 685.5 113.6 679.8 170.3 644.0 166.7 wheat 0
1023.7 106.6 796.3 177.0 785.4 141.9 1012.9 71.5 wheat 0
926.2 41.4 1023.7 123.6 991.4 162.0 893.9 79.8 wheat 0
952.7 215.4 837.2 221.1 835.3 182.4 950.7 176.6 wheat 0
823.8 479.8 759.1 492.9 753.7 466.4 818.4 453.3 wheat 0
867.0 591.5 1010.3 635.8 996.4 680.7 853.1 636.4 wheat 0
886.1 644.9 1023.4 703.0 1003.7 749.6 866.4 691.5 wheat 0
171.5 1.9 225.4 12.8 210.9 84.4 157.0 73.4 wheat 0
139.7 728.6 86.0 773.9 61.1 744.3 114.8 699.0 wheat 0
886.4 373.5 828.6 385.2 824.0 362.7 881.9 351.0 wheat 0
321.7 322.6 442.7 322.6 442.7 363.6 321.7 363.6 wheat 0
275.7 254.9 394.3 278.9 388.7 306.4 270.2 282.3 wheat 0
435.7 33.6 343.1 97.0 320.4 63.7 413.0 0.4 wheat 0
499.0 24.1 443.9 80.8 419.5 57.1 474.6 0.4 wheat 0
