354.2 843.1 411.1 854.6 379.1 1012.5 322.2 1001.0 wheat 0
527.1 835.5 416.9 928.3 379.3 883.7 489.5 790.9 wheat 0
307.1 665.5 352.1 665.5 352.1 831.5 307.1 831.5 wheat 0
370.4 587.1 417.1 596.6 382.1 769.5 335.4 760.0 wheat 0
469.2 664.3 612.5 693.3 599.1 759.5 455.8 730.5 wheat 0
705.1 722.5 598.2 755.6 578.7 692.5 685.5 659.4 wheat 0
722.1 773.5 679.1 777.8 656.8 556.2 699.8 551.9 wheat 0
875.1 941.5 792.7 958.2 782.5 907.6 864.8 890.9 wheat 0
990.1 993.5 940.4 1008.9 914.4 924.9 964.1 909.5 wheat 0
952.4 800.5 1018.7 814.0 1008.1 866.5 941.7 853.1 wheat 0
977.1 698.5 922.5 709.6 909.4 644.9 964.0 633.8 wheat 0
793.9 649.2 873.8 665.4 839.1 836.5 759.2 820.3 wheat 0
990.1 543.5 889.6 574.6 876.0 530.6 976.5 499.5 wheat 0
885.0 454.9 929.1 463.8 912.2 547.1 868.1 538.2 wheat 0
777.1 395.5 827.1 395.5 827.1 533.5 777.1 533.5 wheat 0
870.1 357.5 751.3 438.8 718.1 390.3 836.9 309.0 wheat 0
746.1 198.5 820.1 198.5 820.1 358.5 746.1 358.5 wheat 0
638.3 262.4 700.8 268.7 686.1 415.5 623.5 409.2 wheat 0
626.1 302.5 490.5 316.1 484.4 255.7 620.0 242.1 wheat 0
638.1 305.5 466.5 450.0 418.9 393.5 590.5 249.0 wheat 0
425.1 568.5 377.8 600.8 270.7 444.2 317.9 411.9 wheat 0
459.1 492.8 571.1 515.5 556.3 588.5 444.3 565.8 wheat 0
559.1 542.5 605.1 542.5 605.1 626.5 559.1 626.5 wheat 0
480.9 414.1 544.8 433.9 457.1 717.5 393.1 697.7 wheat 0
253.0 407.8 311.0 413.6 282.1 701.5 224.1 695.7 wheat 0
327.1 535.5 177.2 617.4 148.7 565.2 298.6 483.4 wheat 0
131.9 0.2 187.1 23.5 71.9 295.9 16.7 272.5 wheat 0
235.1 233.5 194.4 250.7 146.5 137.3 187.1 120.1 wheat 0
206.1 269.5 164.3 292.3 107.6 188.5 149.4 165.7 wheat 0
310.5 39.4 375.7 45.9 354.1 261.5 288.9 255.0 wheat 0
303.9 46.8 359.1 84.5 275.4 206.9 220.2 169.1 wheat 0
817.6 -0.0 882.7 20.1 825.1 206.5 759.9 186.4 wheat 0
671.1 677.5 626.9 701.6 577.0 610.4 621.2 586.2 wheat 0
765.1 827.5 731.5 850.5 694.8 796.9 728.4 773.9 wheat 0
624.8 768.6 681.9 774.4 668.1 912.5 610.9 906.8 wheat 0
692.1 1002.5 636.1 1013.9 605.6 863.5 661.6 852.1 wheat 0
119.1 951.5 63.7 981.7 26.8 914.1 82.1 883.9 wheat 0
190.1 817.5 132.1 877.2 0.4 749.2 58.3 689.6 wheat 0
337.1 322.7 378.8 326.8 367.1 443.5 325.4 439.3 wheat 0
177.9 378.8 288.7 425.6 268.1 474.5 157.2 427.6 wheat 0
