666.7 701.6 727.7 701.6 727.7 738.6 666.7 738.6 wheat 0
563.7 698.6 660.7 698.6 660.7 744.6 563.7 744.6 wheat 0
856.4 846.8 817.7 886.6 794.8 864.4 833.5 824.6 wheat 0
989.7 921.6 951.9 953.5 902.9 895.4 940.8 863.5 wheat 0
486.1 729.1 393.5 779.7 377.9 751.0 470.4 700.5 wheat 0
360.1 710.8 392.3 724.5 362.4 795.4 330.1 781.8 wheat 0
666.0 535.8 629.1 551.4 599.5 481.4 636.4 465.8 wheat 0
766.2 499.4 716.4 520.4 699.3 479.9 749.0 458.8 wheat 0
870.5 371.2 789.7 415.3 771.0 381.1 851.8 336.9 wheat 0
815.7 131.3 885.7 169.6 863.1 211.0 793.1 172.7 wheat 0
543.8 216.6 625.2 233.1 616.7 274.6 535.4 258.1 wheat 0
610.9 346.5 514.9 365.9 506.5 324.8 602.6 305.3 wheat 0
475.4 345.6 421.9 362.2 412.1 330.6 465.6 314.1 wheat 0
472.7 184.6 382.3 193.7 379.1 162.6 469.6 153.6 wheat 0
474.2 207.7 399.9 258.5 377.3 225.5 451.6 174.7 wheat 0
784.2 116.4 857.7 131.3 852.3 157.8 778.8 142.9 wheat 0
1004.8 79.4 977.5 98.1 939.7 42.8 966.9 24.2 wheat 0
773.2 7.8 797.7 12.7 785.2 74.5 760.7 69.5 wheat 0
68.3 168.6 162.9 220.3 144.7 253.6 50.1 201.9 wheat 0
209.1 325.9 280.7 386.2 256.7 414.6 185.1 354.3 wheat 0
245.4 424.2 318.2 485.4 287.7 521.6 215.0 460.3 wheat 0
6.7 381.6 85.7 381.6 85.7 411.6 6.7 411.6 wheat 0
56.8 389.6 110.3 418.9 89.7 456.6 36.2 427.4 wheat 0
419.7 531.6 505.7 531.6 505.7 561.6 419.7 561.6 wheat 0
508.4 479.9 465.5 534.0 442.0 515.3 484.9 461.3 wheat 0
188.7 623.1 247.9 641.5 238.8 671.1 179.5 652.8 wheat 0
175.7 697.6 270.7 697.6 270.7 717.6 175.7 717.6 wheat 0
126.7 633.6 22.4 654.8 16.6 626.4 121.0 605.2 wheat 0
190.2 797.9 230.5 831.9 209.7 856.6 169.4 822.6 wheat 0
644.7 872.6 689.7 872.6 689.7 909.6 644.7 909.6 wheat 0
679.7 955.6 732.7 955.6 732.7 987.6 679.7 987.6 wheat 0
784.2 248.9 816.5 262.5 796.2 310.4 764.0 296.7 wheat 0
195.4 130.6 267.9 145.3 262.1 173.7 189.6 159.0 wheat 0
72.3 83.0 41.9 95.8 20.1 44.3 50.5 31.4 wheat 0
