644.1 579.5 439.6 642.8 424.0 592.4 628.5 529.1 wheat 0
793.1 431.5 574.7 550.8 548.0 501.8 766.3 382.5 wheat 0
1019.1 312.2 926.1 351.5 907.6 307.9 1000.7 268.6 wheat 0
664.5 99.8 605.1 216.5 573.9 200.6 633.3 83.9 wheat 0
590.8 87.7 621.1 100.5 578.7 200.7 548.4 187.9 wheat 0
380.9 317.3 315.5 345.0 302.2 313.7 367.6 286.0 wheat 0
627.1 992.5 568.2 1017.4 525.5 916.4 584.3 891.5 wheat 0
569.1 985.5 522.0 1017.7 453.4 917.5 500.5 885.3 wheat 0
842.1 851.5 651.6 870.6 646.6 820.6 837.0 801.5 wheat 0
851.3 883.0 881.2 892.3 869.1 931.5 839.2 922.3 wheat 0
896.1 872.3 938.1 876.5 935.2 905.5 893.2 901.3 wheat 0
131.1 133.5 21.5 179.8 6.1 143.5 115.7 97.1 wheat 0
366.1 843.5 336.8 859.5 289.9 773.7 319.2 757.7 wheat 0
