707.7 315.6 820.7 315.6 820.7 355.6 707.7 355.6 wheat 0
695.5 303.7 782.7 393.6 754.5 421.1 667.2 331.2 wheat 0
870.4 600.3 966.9 641.1 949.7 681.6 853.2 640.8 wheat 0
982.7 715.6 948.0 734.6 914.2 672.7 949.0 653.8 wheat 0
1020.0 795.4 941.2 849.3 914.0 809.5 992.7 755.6 wheat 0
920.6 820.6 971.8 873.3 947.7 896.6 896.6 843.9 wheat 0
796.0 666.2 879.7 771.6 847.9 796.9 764.2 691.4 wheat 0
797.8 770.7 896.8 801.3 883.7 843.6 784.7 813.0 wheat 0
731.1 839.2 807.5 854.7 800.4 890.0 723.9 874.5 wheat 0
760.7 871.6 671.7 880.5 667.7 840.5 756.7 831.5 wheat 0
730.9 831.1 703.2 839.7 687.6 789.1 715.3 780.5 wheat 0
660.7 758.6 687.7 758.6 687.7 786.6 660.7 786.6 wheat 0
662.5 827.2 615.7 831.9 612.0 795.1 658.8 790.4 wheat 0
1017.7 994.6 984.9 1022.2 938.6 967.3 971.4 939.6 wheat 0
546.7 878.6 448.6 898.5 440.3 857.7 538.5 837.8 wheat 0
400.0 686.6 493.7 765.6 461.6 803.8 367.9 724.8 wheat 0
306.3 679.7 374.7 708.6 364.0 733.9 295.6 705.0 wheat 0
261.0 656.2 350.7 748.6 319.8 778.7 230.0 686.2 wheat 0
370.7 830.6 347.0 843.6 325.3 803.9 349.1 790.9 wheat 0
328.7 654.6 303.7 686.2 196.4 601.1 221.5 569.5 wheat 0
349.7 623.6 324.8 655.0 214.6 567.5 239.5 536.1 wheat 0
189.7 530.6 150.6 542.7 110.1 411.8 149.2 399.7 wheat 0
73.9 347.7 151.7 380.6 141.5 404.9 63.6 372.0 wheat 0
6.0 364.1 78.7 371.4 74.5 413.2 1.8 405.9 wheat 0
44.3 633.0 232.4 751.0 211.4 784.5 23.3 666.5 wheat 0
165.4 762.7 93.7 784.9 83.1 750.5 154.7 728.3 wheat 0
255.7 869.6 151.2 902.0 137.2 856.9 241.8 824.5 wheat 0
96.2 885.7 17.9 909.9 7.2 875.5 85.6 851.3 wheat 0
254.8 936.1 333.2 989.8 311.7 1021.1 233.3 967.5 wheat 0
316.7 962.6 349.7 962.6 349.7 1014.6 316.7 1014.6 wheat 0
19.7 943.4 86.5 989.2 62.8 1023.8 -4.0 978.1 wheat 0
432.9 353.7 505.6 414.9 485.6 438.6 412.9 377.4 wheat 0
323.9 198.0 423.7 266.4 400.6 300.2 300.7 231.9 wheat 0
693.2 193.5 573.8 205.5 570.2 169.7 689.6 157.7 wheat 0
565.7 206.6 534.4 219.9 499.5 137.2 530.8 124.0 wheat 0
292.1 60.9 383.7 123.6 363.5 153.2 271.8 90.5 wheat 0
440.7 84.4 408.3 111.7 337.2 27.3 369.7 -0.0 wheat 0
205.6 141.6 110.6 160.9 102.8 122.6 197.9 103.4 wheat 0
648.7 561.6 610.4 569.4 592.4 480.2 630.7 472.4 wheat 0
640.7 499.6 552.7 508.4 550.2 483.3 638.2 474.5 wheat 0
687.3 421.2 755.7 458.6 744.7 478.8 676.2 441.4 wheat 0
430.5 617.3 501.2 639.2 492.9 665.9 422.3 644.1 wheat 0
522.7 676.6 569.7 676.6 569.7 712.6 522.7 712.6 wheat 0
596.7 612.6 622.7 612.6 622.7 659.6 596.7 659.6 wheat 0
