225.1 568.5 165.1 574.5 149.6 419.8 209.5 413.8 wheat 0
136.1 348.5 198.1 348.5 198.1 411.5 136.1 411.5 wheat 0
132.1 407.5 31.7 449.9 8.6 395.1 108.9 352.7 wheat 0
308.3 487.1 368.1 512.3 343.1 571.5 283.3 546.2 wheat 0
302.1 602.5 199.4 634.3 182.0 578.0 284.6 546.2 wheat 0
593.8 565.1 540.1 594.5 484.9 493.6 538.7 464.2 wheat 0
560.8 528.3 619.3 553.0 575.1 657.5 516.6 632.8 wheat 0
671.8 455.7 736.6 468.8 719.1 555.5 654.2 542.4 wheat 0
659.1 307.5 599.7 319.5 586.9 256.5 646.3 244.4 wheat 0
300.7 29.1 360.2 35.1 353.1 106.5 293.5 100.5 wheat 0
773.7 304.6 920.1 366.5 894.0 428.2 747.6 366.3 wheat 0
730.0 254.7 829.1 322.5 797.8 368.3 698.6 300.5 wheat 0
738.1 359.7 865.6 399.1 849.1 452.5 721.6 413.1 wheat 0
612.8 925.1 675.4 937.8 658.1 1023.5 595.5 1010.8 wheat 0
292.1 820.5 353.1 820.5 353.1 877.5 292.1 877.5 wheat 0
194.1 877.5 259.1 877.5 259.1 966.5 194.1 966.5 wheat 0
97.1 850.5 171.1 850.5 171.1 948.5 97.1 948.5 wheat 0
80.1 799.5 164.1 799.5 164.1 861.5 80.1 861.5 wheat 0
4.1 714.5 71.1 714.5 71.1 800.5 4.1 800.5 wheat 0
