603.1 649.5 677.1 649.5 677.1 769.5 603.1 769.5 wheat 0
794.1 922.5 717.4 930.2 710.1 856.6 786.7 848.9 wheat 0
862.7 870.7 970.5 904.0 952.1 963.5 844.3 930.2 wheat 0
908.1 649.5 844.6 669.2 813.7 569.3 877.2 549.7 wheat 0
918.1 436.5 842.6 451.8 817.5 327.6 892.9 312.3 wheat 0
959.1 334.5 896.3 340.8 885.2 230.5 948.0 224.2 wheat 0
751.1 225.5 678.4 232.8 661.9 67.5 734.5 60.2 wheat 0
667.9 384.9 586.1 419.5 558.5 354.3 640.3 319.7 wheat 0
584.1 850.5 491.6 913.7 451.4 854.9 543.8 791.7 wheat 0
394.1 821.5 347.9 869.1 316.4 838.6 362.6 791.0 wheat 0
489.1 797.5 412.6 829.8 383.8 761.5 460.2 729.2 wheat 0
409.0 833.7 465.7 881.5 394.1 966.5 337.4 918.8 wheat 0
188.1 786.5 45.1 884.3 6.5 827.9 149.5 730.1 wheat 0
214.1 560.5 130.6 606.1 88.5 529.1 172.0 483.4 wheat 0
372.8 246.6 429.8 294.5 316.1 429.5 259.1 381.6 wheat 0
343.1 260.5 260.5 277.2 239.4 173.0 321.9 156.3 wheat 0
278.5 237.0 322.1 291.9 247.1 351.5 203.4 296.5 wheat 0
627.2 170.5 698.9 209.7 670.1 262.5 598.3 223.3 wheat 0
962.1 575.5 899.8 594.8 862.0 472.8 924.3 453.5 wheat 0
86.2 133.9 166.3 158.6 149.1 214.5 68.9 189.7 wheat 0
91.1 19.5 188.1 19.5 188.1 93.5 91.1 93.5 wheat 0
530.3 323.8 405.1 409.5 362.9 347.9 488.2 262.2 wheat 0
410.3 381.4 476.1 409.2 423.1 534.5 357.3 506.7 wheat 0
551.1 167.5 485.5 195.3 460.3 135.7 525.9 107.9 wheat 0
