706.1 478.3 562.9 507.4 557.5 480.7 700.7 451.6 wheat 0
416.4 390.1 251.3 406.6 248.0 374.3 413.1 357.8 wheat 0
522.7 212.6 574.2 212.6 574.2 237.6 522.7 237.6 wheat 0
474.7 206.6 501.1 258.5 483.4 267.5 457.0 215.7 wheat 0
250.8 343.2 352.3 343.2 352.3 369.7 250.8 369.7 wheat 0
90.4 825.7 184.7 844.8 178.1 877.7 83.7 858.6 wheat 0
355.8 825.8 165.7 884.6 156.2 853.9 346.3 795.1 wheat 0
459.3 939.1 377.0 984.0 363.7 959.6 446.0 914.7 wheat 0
600.3 871.6 526.7 933.6 509.6 913.3 583.2 851.3 wheat 0
418.3 849.2 319.9 879.6 312.7 856.6 411.1 826.2 wheat 0
523.7 846.6 421.6 867.3 415.7 838.6 517.9 817.9 wheat 0
339.7 802.6 209.3 829.1 203.7 801.6 334.2 775.2 wheat 0
66.7 756.6 151.9 756.6 151.9 780.4 66.7 780.4 wheat 0
216.7 682.6 106.3 705.0 101.7 682.6 212.2 660.2 wheat 0
215.7 12.0 311.2 12.0 311.2 33.6 215.7 33.6 wheat 0
389.7 132.6 268.3 157.2 263.7 134.6 385.2 110.0 wheat 0
307.7 130.6 419.2 130.6 419.2 156.4 307.7 156.4 wheat 0
761.7 130.6 842.2 130.6 842.2 152.6 761.7 152.6 wheat 0
886.4 347.1 781.5 357.6 779.7 339.6 884.6 329.1 wheat 0
907.4 376.1 797.2 387.1 794.7 362.6 904.9 351.6 wheat 0
925.7 478.6 1023.0 478.6 1023.0 507.4 925.7 507.4 wheat 0
1023.0 355.6 930.5 364.9 927.7 337.6 1020.3 328.3 wheat 0
565.7 339.6 640.2 339.6 640.2 366.6 565.7 366.6 wheat 0
210.7 464.6 97.4 499.7 92.7 484.6 206.1 449.6 wheat 0
538.4 731.1 448.9 740.0 446.7 718.6 536.2 709.6 wheat 0
614.1 430.7 574.7 434.6 572.7 414.7 612.1 410.8 wheat 0
612.9 404.1 567.7 408.6 565.0 381.3 610.1 376.8 wheat 0
745.6 374.1 670.7 381.6 668.9 363.1 743.7 355.6 wheat 0
757.2 400.4 652.7 444.6 644.2 424.4 748.7 380.2 wheat 0
700.7 1003.6 671.4 1023.7 658.1 1004.3 687.4 984.2 wheat 0
438.8 1002.8 391.1 1023.0 385.1 1008.8 432.7 988.6 wheat 0
353.9 990.5 248.7 1023.0 243.5 1006.2 348.7 973.6 wheat 0
166.0 945.1 116.0 1023.0 99.7 1012.5 149.7 934.6 wheat 0
806.0 761.0 776.7 785.6 756.0 761.0 785.2 736.3 wheat 0
863.2 939.3 830.7 966.6 808.3 940.0 840.7 912.6 wheat 0
768.7 937.9 699.7 975.6 689.7 957.3 758.7 919.6 wheat 0
608.7 69.5 558.7 111.6 542.8 92.7 592.7 50.6 wheat 0
641.7 160.6 718.2 160.6 718.2 185.4 641.7 185.4 wheat 0
111.1 296.1 79.5 313.3 72.3 300.2 103.9 282.9 wheat 0
68.4 833.2 7.6 845.5 3.1 823.0 63.8 810.7 wheat 0
