693.5 584.9 810.3 608.5 798.7 665.6 682.0 641.9 wheat 0
1021.9 366.3 948.7 373.6 944.0 326.6 1017.2 319.3 wheat 0
102.7 983.6 175.7 983.6 175.7 1023.0 102.7 1023.0 wheat 0
12.8 527.3 58.1 531.9 52.7 585.6 7.4 581.1 wheat 0
963.7 735.1 1020.4 735.1 1020.4 782.6 963.7 782.6 wheat 0
479.5 181.0 565.0 253.0 541.7 280.6 456.3 208.6 wheat 0
322.7 141.6 356.3 176.2 311.5 219.7 277.9 185.1 wheat 0
416.7 366.6 345.2 405.7 320.9 361.2 392.4 322.1 wheat 0
496.7 86.5 384.9 121.0 372.7 81.6 484.5 47.1 wheat 0
661.4 84.4 556.3 172.9 512.7 121.1 617.7 32.6 wheat 0
889.5 96.7 688.8 206.4 668.0 168.3 868.7 58.6 wheat 0
821.1 217.6 611.8 332.0 582.1 277.7 791.4 163.4 wheat 0
430.8 804.1 535.4 861.2 507.5 912.4 402.9 855.2 wheat 0
447.7 677.7 545.7 697.6 539.0 730.8 441.0 710.9 wheat 0
152.6 377.4 108.1 407.9 88.9 379.8 133.4 349.3 wheat 0
