587.6 394.5 542.9 413.4 505.1 324.0 549.8 305.1 wheat 0
693.6 330.5 739.6 330.5 739.6 401.5 693.6 401.5 wheat 0
423.6 346.3 557.5 437.9 527.6 481.5 393.7 389.9 wheat 0
506.6 526.5 421.8 597.9 394.1 564.9 478.8 493.5 wheat 0
717.2 496.0 756.9 508.3 721.6 622.5 681.8 610.2 wheat 0
916.6 552.5 803.5 587.5 789.5 542.1 902.6 507.1 wheat 0
882.6 440.8 929.3 460.5 894.6 542.5 847.9 522.8 wheat 0
994.6 582.5 899.5 622.7 884.7 587.7 979.8 547.5 wheat 0
821.6 644.5 704.2 668.3 694.7 621.6 812.2 597.8 wheat 0
737.6 871.5 693.1 880.5 669.6 764.5 714.1 755.4 wheat 0
926.6 819.5 803.8 844.4 797.3 812.1 920.1 787.2 wheat 0
711.6 733.5 836.6 733.5 836.6 772.5 711.6 772.5 wheat 0
485.8 788.9 642.0 855.0 623.6 898.5 467.4 832.5 wheat 0
400.2 780.9 451.3 786.0 442.6 872.5 391.5 867.4 wheat 0
216.4 716.2 272.9 721.9 266.6 784.5 210.1 778.8 wheat 0
259.2 628.5 307.7 633.4 297.6 733.5 249.2 728.7 wheat 0
96.7 793.0 196.1 803.0 191.6 847.5 92.3 837.5 wheat 0
282.0 897.1 457.9 932.8 449.6 973.5 273.7 937.9 wheat 0
617.6 904.5 497.5 916.6 493.5 876.5 613.6 864.4 wheat 0
947.1 763.6 1003.5 769.3 992.0 884.2 935.6 878.5 wheat 0
353.8 742.6 399.6 756.7 378.6 824.5 332.9 810.4 wheat 0
307.1 638.2 348.8 655.9 331.6 696.5 289.9 678.9 wheat 0
225.6 347.5 189.3 367.3 173.6 338.6 209.9 318.8 wheat 0
287.7 252.5 327.4 256.5 323.6 294.5 283.9 290.5 wheat 0
173.6 116.5 210.6 116.5 210.6 200.5 173.6 200.5 wheat 0
270.8 40.0 306.6 64.5 255.1 139.8 219.3 115.3 wheat 0
327.5 39.1 365.4 71.0 297.6 151.5 259.7 119.6 wheat 0
391.6 184.5 350.3 197.3 320.9 102.1 362.2 89.4 wheat 0
483.2 129.9 556.9 144.9 546.6 195.5 472.9 180.6 wheat 0
556.6 151.5 726.0 168.5 721.6 212.5 552.2 195.5 wheat 0
737.6 227.5 659.4 235.4 655.5 196.1 733.7 188.3 wheat 0
723.6 148.5 876.6 148.5 876.6 189.5 723.6 189.5 wheat 0
850.5 248.2 912.8 267.5 889.6 342.5 827.2 323.2 wheat 0
551.2 39.6 600.1 60.3 577.6 113.5 528.7 92.8 wheat 0
832.6 157.5 933.6 157.5 933.6 210.5 832.6 210.5 wheat 0
968.6 13.5 1024.0 13.5 1024.0 58.0 968.6 58.0 wheat 0
137.6 351.5 65.9 390.7 51.4 364.3 123.2 325.1 wheat 0
