141.2 206.2 242.1 291.2 196.5 345.3 95.6 260.4 wheat 0
3.5 423.3 140.5 423.3 140.5 499.3 3.5 499.3 wheat 0
479.8 556.8 380.0 587.7 364.7 538.2 464.5 507.3 wheat 0
956.5 274.3 1017.6 325.8 937.8 420.5 876.7 369.0 wheat 0
893.5 406.3 976.7 463.2 943.1 512.2 859.9 455.3 wheat 0
643.5 819.3 696.5 819.3 696.5 924.3 643.5 924.3 wheat 0
292.3 796.0 407.1 819.2 395.5 876.3 280.8 853.1 wheat 0
276.9 640.9 168.8 686.6 142.3 624.0 250.5 578.3 wheat 0
281.8 545.2 362.5 579.3 331.9 651.6 251.3 617.5 wheat 0
230.5 873.3 288.6 963.9 226.5 1003.8 168.3 913.2 wheat 0
305.7 916.2 367.5 942.3 337.3 1013.6 275.5 987.5 wheat 0
581.1 305.9 619.5 345.3 585.3 378.5 547.0 339.0 wheat 0
653.9 400.7 712.3 432.6 677.5 496.3 619.1 464.4 wheat 0
727.7 435.3 812.5 493.3 779.6 541.4 694.8 483.4 wheat 0
1023.6 709.9 903.0 760.9 871.9 687.3 992.5 636.3 wheat 0
917.7 96.0 957.4 129.4 882.5 218.3 842.8 184.9 wheat 0
705.5 -0.0 747.5 -0.0 747.5 76.3 705.5 76.3 wheat 0
428.7 63.7 495.5 84.3 450.6 229.3 383.9 208.7 wheat 0
490.9 160.3 581.5 188.3 562.0 251.3 471.4 223.3 wheat 0
664.1 229.9 600.4 236.3 590.9 141.8 654.6 135.4 wheat 0
939.5 920.3 1023.0 920.3 1023.0 1003.4 939.5 1003.4 wheat 0
530.5 94.3 472.4 106.1 453.9 14.7 511.9 2.9 wheat 0
