825.0 686.1 926.9 696.3 922.7 737.6 820.8 727.4 wheat 0
828.6 731.4 875.3 736.0 871.9 769.9 825.2 765.2 wheat 0
780.8 782.0 699.4 798.5 691.7 760.2 773.0 743.8 wheat 0
714.2 646.0 774.0 658.2 764.3 706.2 704.5 694.1 wheat 0
904.1 627.7 829.6 642.8 821.4 602.6 895.9 587.5 wheat 0
876.3 570.1 853.1 585.9 823.2 542.1 846.3 526.3 wheat 0
981.3 569.4 947.1 588.1 909.2 518.8 943.4 500.1 wheat 0
762.1 958.7 830.9 980.0 821.4 1010.5 752.6 989.3 wheat 0
587.7 892.6 647.7 892.6 647.7 926.6 587.7 926.6 wheat 0
245.5 861.2 349.9 871.7 346.7 903.6 242.3 893.1 wheat 0
326.9 768.7 278.2 802.0 263.5 780.5 312.2 747.2 wheat 0
240.4 691.7 290.7 726.1 276.1 747.6 225.7 713.1 wheat 0
344.9 584.4 375.5 610.1 344.6 646.9 314.0 621.1 wheat 0
366.7 567.6 442.7 567.6 442.7 608.6 366.7 608.6 wheat 0
471.7 648.6 446.7 674.4 394.8 624.0 419.8 598.2 wheat 0
422.7 432.6 493.7 432.6 493.7 465.6 422.7 465.6 wheat 0
478.7 400.6 449.3 425.4 389.5 354.4 418.9 329.6 wheat 0
340.6 285.7 410.7 333.6 393.7 358.6 323.6 310.6 wheat 0
188.4 319.3 289.8 339.9 283.7 369.6 182.4 349.1 wheat 0
147.7 553.4 116.2 563.2 98.8 506.8 130.3 497.1 wheat 0
88.7 549.6 61.2 568.4 13.8 499.0 41.2 480.2 wheat 0
114.0 501.3 90.9 511.0 76.5 476.9 99.5 467.2 wheat 0
59.7 973.1 10.9 993.7 -1.2 965.2 47.6 944.5 wheat 0
90.7 262.6 17.4 285.3 2.4 236.7 75.7 214.0 wheat 0
273.1 156.8 296.9 164.2 285.4 201.4 261.5 194.1 wheat 0
343.2 124.9 407.7 152.2 392.7 187.6 328.2 160.3 wheat 0
501.7 273.6 551.7 273.6 551.7 309.6 501.7 309.6 wheat 0
641.5 373.7 682.3 377.8 677.0 430.5 636.2 426.4 wheat 0
645.1 247.6 601.0 256.5 589.3 198.7 633.4 189.7 wheat 0
900.7 281.5 919.8 297.6 881.8 342.7 862.7 326.6 wheat 0
475.0 354.5 510.9 374.2 497.5 398.7 461.5 379.1 wheat 0
