602.5 587.5 644.9 605.4 597.0 718.7 554.6 700.8 wheat 0
626.7 496.6 585.4 509.4 563.7 439.3 605.0 426.5 wheat 0
749.2 567.3 801.7 621.3 777.7 644.6 725.3 590.6 wheat 0
919.3 553.2 952.7 587.6 865.4 672.5 831.9 638.0 wheat 0
772.0 451.7 834.2 478.0 818.7 514.6 756.6 488.3 wheat 0
882.8 478.2 923.2 500.2 902.7 537.6 862.4 515.6 wheat 0
736.9 344.8 769.8 362.8 732.7 430.6 699.9 412.7 wheat 0
835.7 216.6 877.7 216.6 877.7 328.6 835.7 328.6 wheat 0
613.3 259.4 651.7 267.1 634.7 350.6 596.4 342.8 wheat 0
536.1 353.7 596.9 366.1 591.3 393.5 530.6 381.2 wheat 0
586.8 220.1 619.5 247.6 580.7 293.6 548.1 266.1 wheat 0
451.5 138.8 499.3 153.6 471.7 242.6 424.0 227.9 wheat 0
366.6 135.5 279.7 208.6 248.4 171.4 335.2 98.2 wheat 0
248.9 174.8 291.9 204.2 230.7 293.6 187.7 264.2 wheat 0
333.5 368.4 282.6 378.7 261.9 276.8 312.9 266.5 wheat 0
385.7 384.6 308.0 400.4 298.4 353.1 376.1 337.3 wheat 0
364.8 439.4 305.2 472.0 282.6 430.8 342.3 398.2 wheat 0
388.1 480.4 423.5 491.4 406.3 546.8 371.0 535.9 wheat 0
340.5 601.4 278.8 607.6 274.9 568.8 336.6 562.6 wheat 0
331.0 582.7 408.0 606.5 393.7 652.6 316.8 628.8 wheat 0
333.0 696.3 411.0 762.0 387.7 789.6 309.7 723.9 wheat 0
255.6 738.6 297.7 751.6 277.9 815.6 235.8 802.6 wheat 0
385.7 931.6 300.4 948.9 293.6 915.1 378.9 897.8 wheat 0
212.9 824.0 162.0 851.8 148.6 827.2 199.5 799.4 wheat 0
163.7 504.6 217.7 504.6 217.7 567.6 163.7 567.6 wheat 0
167.7 576.6 206.7 576.6 206.7 600.6 167.7 600.6 wheat 0
137.5 339.9 84.8 345.2 81.0 307.4 133.7 302.1 wheat 0
80.4 406.9 110.1 427.2 75.1 478.4 45.4 458.0 wheat 0
121.7 417.6 79.7 426.1 66.4 360.4 108.4 351.9 wheat 0
142.5 485.3 105.3 492.9 94.9 441.9 132.2 434.4 wheat 0
9.6 839.0 63.3 844.4 59.9 879.2 6.1 873.8 wheat 0
446.6 933.1 500.0 955.6 482.9 996.2 429.5 973.6 wheat 0
674.7 953.6 726.7 953.6 726.7 997.6 674.7 997.6 wheat 0
883.7 806.6 847.1 826.6 828.5 792.6 865.2 772.6 wheat 0
822.4 929.3 857.4 944.1 826.7 1016.6 791.7 1001.8 wheat 0
879.1 862.2 918.5 878.9 879.7 970.6 840.3 953.9 wheat 0
987.3 918.7 1022.0 937.6 995.7 985.6 961.1 966.7 wheat 0
962.7 998.6 932.4 1019.4 906.8 982.0 937.2 961.3 wheat 0
992.7 809.6 1022.7 809.6 1022.7 858.6 992.7 858.6 wheat 0
971.8 709.1 1022.2 751.6 1002.7 774.6 952.4 732.2 wheat 0
649.7 86.6 732.7 86.6 732.7 130.6 649.7 130.6 wheat 0
774.4 36.0 798.7 66.7 778.7 82.6 754.3 51.9 wheat 0
587.7 4.6 662.7 4.6 662.7 42.6 587.7 42.6 wheat 0
982.7 53.6 1017.7 53.6 1017.7 151.6 982.7 151.6 wheat 0
1023.7 291.6 990.0 302.0 977.8 262.6 1011.5 252.1 wheat 0
969.2 412.4 995.7 430.6 967.2 472.3 940.7 454.1 wheat 0
93.9 49.8 181.4 86.8 164.6 126.4 77.1 89.4 wheat 0
250.7 55.6 214.8 70.8 192.1 17.3 228.1 2.1 wheat 0
528.0 609.3 553.5 614.5 547.5 643.9 522.0 638.7 wheat 0
