490.9 394.2 539.7 420.9 495.1 502.5 446.3 475.9 wheat 0
792.8 396.5 642.1 523.5 600.7 474.4 751.5 347.4 wheat 0
825.1 130.5 618.1 194.5 595.1 120.1 802.0 56.1 wheat 0
942.1 213.5 819.8 297.1 782.6 242.8 904.9 159.1 wheat 0
968.1 376.5 850.5 400.3 836.0 328.7 953.5 304.8 wheat 0
988.1 493.5 815.3 528.5 799.0 447.9 971.7 412.8 wheat 0
861.1 588.5 1007.1 588.5 1007.1 658.5 861.1 658.5 wheat 0
491.1 706.5 625.1 706.5 625.1 780.5 491.1 780.5 wheat 0
686.7 781.1 788.2 866.6 736.1 928.5 634.6 843.0 wheat 0
297.5 436.5 358.2 455.3 333.1 536.5 272.4 517.7 wheat 0
215.1 611.5 111.4 643.6 95.7 592.9 199.4 560.9 wheat 0
130.2 354.9 192.7 407.6 106.1 510.5 43.5 457.8 wheat 0
185.1 268.5 129.7 274.1 121.0 186.7 176.3 181.1 wheat 0
142.1 301.5 56.4 360.1 13.2 297.0 98.9 238.4 wheat 0
404.3 526.6 443.2 559.4 374.1 641.5 335.1 608.7 wheat 0
