626.8 50.7 667.0 63.1 635.1 166.5 594.8 154.1 wheat 0
509.1 141.5 460.7 146.4 456.5 104.6 504.9 99.8 wheat 0
352.1 95.5 300.4 106.0 286.8 39.3 338.5 28.8 wheat 0
337.1 272.5 465.1 272.5 465.1 324.5 337.1 324.5 wheat 0
399.1 336.5 457.1 336.5 457.1 367.5 399.1 367.5 wheat 0
60.1 113.5 104.1 113.5 104.1 244.5 60.1 244.5 wheat 0
163.2 302.1 210.1 316.6 176.1 426.5 129.2 412.0 wheat 0
214.8 386.8 254.3 403.5 225.1 472.5 185.7 455.8 wheat 0
319.1 408.5 290.1 428.3 252.7 373.7 281.7 353.9 wheat 0
286.6 368.8 376.1 396.5 368.4 421.3 279.0 393.6 wheat 0
428.1 588.5 401.6 621.9 340.0 573.0 366.5 539.6 wheat 0
223.6 473.9 274.1 484.2 265.1 528.5 214.6 518.3 wheat 0
192.1 567.5 137.2 578.6 118.6 486.5 173.4 475.4 wheat 0
285.1 756.5 237.7 771.2 202.0 655.8 249.4 641.1 wheat 0
201.8 669.8 243.9 705.3 199.1 758.5 156.9 723.0 wheat 0
155.1 756.5 112.3 760.8 108.0 717.8 150.8 713.5 wheat 0
62.1 597.5 98.1 597.5 98.1 667.5 62.1 667.5 wheat 0
391.1 750.5 519.1 750.5 519.1 794.5 391.1 794.5 wheat 0
317.1 761.5 394.1 761.5 394.1 815.5 317.1 815.5 wheat 0
432.1 862.5 502.1 862.5 502.1 917.5 432.1 917.5 wheat 0
393.1 921.5 428.1 921.5 428.1 963.5 393.1 963.5 wheat 0
206.1 966.5 323.1 966.5 323.1 1013.5 206.1 1013.5 wheat 0
751.1 768.5 883.1 768.5 883.1 822.5 751.1 822.5 wheat 0
850.9 708.9 935.1 766.5 904.7 810.8 820.5 753.2 wheat 0
647.1 716.5 688.1 716.5 688.1 775.5 647.1 775.5 wheat 0
825.7 581.1 868.1 599.0 815.1 724.5 772.7 706.6 wheat 0
726.0 578.1 779.1 600.5 768.6 625.3 715.5 602.8 wheat 0
626.8 527.5 685.1 545.5 674.8 578.7 616.5 560.7 wheat 0
533.4 521.3 583.1 531.4 570.1 595.5 520.4 585.4 wheat 0
547.7 569.6 606.1 609.5 589.4 633.9 531.0 594.0 wheat 0
650.3 140.0 709.2 152.0 691.1 241.5 632.2 229.6 wheat 0
761.1 166.5 646.3 202.0 634.0 162.3 748.8 126.8 wheat 0
788.1 30.5 850.1 30.5 850.1 71.5 788.1 71.5 wheat 0
971.1 315.5 866.0 326.1 860.7 273.0 965.7 262.4 wheat 0
944.5 446.9 986.0 464.4 964.6 515.1 923.1 497.6 wheat 0
722.1 521.5 678.4 540.0 643.6 457.8 687.3 439.3 wheat 0
775.1 506.5 716.2 531.4 696.0 483.7 754.9 458.8 wheat 0
702.1 376.5 762.1 376.5 762.1 426.5 702.1 426.5 wheat 0
771.1 781.5 714.7 792.9 704.2 741.4 760.6 730.0 wheat 0
699.1 805.5 764.1 805.5 764.1 852.5 699.1 852.5 wheat 0
687.1 845.5 732.1 845.5 732.1 904.5 687.1 904.5 wheat 0
861.1 893.5 939.1 893.5 939.1 940.5 861.1 940.5 wheat 0
948.1 854.5 1024.0 854.5 1024.0 895.5 948.1 895.5 wheat 0
259.4 825.4 331.1 864.5 312.3 898.9 240.6 859.8 wheat 0
179.1 833.5 153.7 847.4 122.6 790.5 148.0 776.7 wheat 0
261.1 298.5 197.4 342.1 175.5 310.0 239.1 266.4 wheat 0
543.1 515.5 509.7 538.3 483.8 500.4 517.1 477.6 wheat 0
348.1 601.5 306.4 636.6 288.5 615.3 330.2 580.3 wheat 0
