388.5 477.1 429.0 504.7 391.1 560.0 350.7 532.4 wheat 0
332.4 581.8 438.9 592.5 433.2 649.2 326.7 638.6 wheat 0
735.7 405.4 768.0 446.1 703.0 497.7 670.6 457.0 wheat 0
697.3 85.0 760.3 85.0 760.3 255.0 697.3 255.0 wheat 0
987.0 135.5 858.6 161.6 848.7 112.6 977.0 86.5 wheat 0
706.3 494.0 757.3 494.0 757.3 647.0 706.3 647.0 wheat 0
912.6 616.8 846.0 630.3 836.0 581.3 902.7 567.8 wheat 0
916.8 587.7 969.1 653.5 933.8 681.4 881.6 615.6 wheat 0
857.8 793.5 749.4 804.3 743.8 748.6 852.3 737.7 wheat 0
558.8 830.0 606.5 870.2 480.2 1020.0 432.5 979.9 wheat 0
460.0 637.4 511.6 653.4 480.6 753.7 429.0 737.7 wheat 0
360.9 774.1 469.6 820.0 449.7 867.0 341.0 821.1 wheat 0
140.3 464.0 216.3 464.0 216.3 692.0 140.3 692.0 wheat 0
296.5 100.2 252.6 145.4 185.2 79.9 229.0 34.7 wheat 0
815.0 1006.4 664.8 1021.4 658.6 959.7 808.8 944.7 wheat 0
979.7 933.2 897.4 949.9 886.9 897.9 969.2 881.2 wheat 0
977.3 866.0 1024.0 866.0 1024.0 928.3 977.3 928.3 wheat 0
427.8 124.9 370.0 136.6 343.8 7.2 401.6 -4.5 wheat 0
