485.7 903.6 536.7 903.6 536.7 1014.6 485.7 1014.6 wheat 0
715.7 741.6 668.0 761.8 628.3 667.9 676.0 647.7 wheat 0
551.8 393.3 581.7 424.1 538.7 465.9 508.7 435.1 wheat 0
269.7 160.7 307.9 172.6 267.7 302.5 229.5 290.7 wheat 0
200.9 217.7 227.3 223.1 211.6 300.5 185.2 295.1 wheat 0
133.1 128.7 165.2 142.2 130.7 223.6 98.7 210.1 wheat 0
452.4 735.3 505.4 764.2 487.7 796.6 434.7 767.6 wheat 0
614.3 703.4 637.3 722.8 587.7 781.6 564.7 762.2 wheat 0
517.7 720.6 555.7 720.6 555.7 780.6 517.7 780.6 wheat 0
757.1 831.1 822.6 913.8 778.7 948.6 713.2 866.0 wheat 0
980.4 761.3 1021.5 774.0 994.0 862.9 953.0 850.2 wheat 0
882.7 935.6 898.6 955.7 844.3 998.8 828.4 978.7 wheat 0
802.6 989.1 767.1 1013.4 751.9 991.1 787.4 966.8 wheat 0
930.5 815.3 907.8 850.7 891.0 839.9 913.7 804.5 wheat 0
929.1 831.3 946.5 843.1 923.3 877.0 906.0 865.1 wheat 0
561.7 918.6 583.7 918.6 583.7 967.6 561.7 967.6 wheat 0
569.4 882.2 539.7 891.4 529.1 857.0 558.7 847.8 wheat 0
139.7 855.7 119.8 872.4 83.8 829.6 103.6 812.8 wheat 0
680.7 370.9 659.7 388.6 625.9 348.5 646.9 330.8 wheat 0
701.0 467.2 668.8 480.9 643.5 421.0 675.7 407.4 wheat 0
681.7 520.6 658.8 536.3 641.0 510.2 663.9 494.5 wheat 0
681.7 491.0 715.5 494.4 711.8 531.2 678.0 527.8 wheat 0
764.2 474.9 732.3 478.1 729.3 448.3 761.2 445.1 wheat 0
831.7 452.6 883.7 452.6 883.7 481.6 831.7 481.6 wheat 0
847.7 491.6 888.7 491.6 888.7 532.6 847.7 532.6 wheat 0
728.7 315.6 755.7 315.6 755.7 352.6 728.7 352.6 wheat 0
772.8 313.8 800.0 341.8 775.6 365.4 748.5 337.5 wheat 0
745.3 267.5 765.5 278.5 739.1 326.8 719.0 315.7 wheat 0
867.7 151.5 894.9 166.4 860.8 228.7 833.6 213.8 wheat 0
986.6 224.0 1018.1 245.6 951.7 342.6 920.2 321.0 wheat 0
930.8 98.4 954.4 118.2 923.7 154.6 900.2 134.8 wheat 0
741.8 206.4 704.4 214.0 699.4 189.2 736.7 181.6 wheat 0
627.3 24.7 648.2 26.8 643.2 76.5 622.3 74.4 wheat 0
724.7 80.6 767.7 80.6 767.7 115.6 724.7 115.6 wheat 0
1015.8 36.3 962.3 81.4 941.7 56.9 995.2 11.8 wheat 0
