437.6 240.7 496.3 314.6 440.3 359.0 381.6 285.1 wheat 0
271.8 408.4 232.2 425.1 199.9 348.7 239.5 331.9 wheat 0
265.6 589.3 192.0 612.0 160.1 508.8 233.6 486.1 wheat 0
304.3 85.0 390.8 144.2 355.3 196.0 268.8 136.9 wheat 0
496.9 155.3 418.6 179.5 383.7 66.8 462.1 42.6 wheat 0
639.3 15.0 724.3 15.0 724.3 96.0 639.3 96.0 wheat 0
860.1 67.8 942.4 84.5 920.6 192.3 838.2 175.6 wheat 0
724.3 207.0 791.3 207.0 791.3 276.0 724.3 276.0 wheat 0
629.3 218.0 695.3 218.0 695.3 299.0 629.3 299.0 wheat 0
652.4 466.9 573.8 474.8 565.3 390.2 643.9 382.3 wheat 0
427.3 448.0 501.3 448.0 501.3 508.0 427.3 508.0 wheat 0
853.3 627.0 807.8 673.9 712.9 581.8 758.5 534.9 wheat 0
507.3 654.0 578.3 654.0 578.3 746.0 507.3 746.0 wheat 0
640.6 914.0 584.0 961.7 506.0 869.1 562.6 821.4 wheat 0
705.3 824.0 765.3 824.0 765.3 951.0 705.3 951.0 wheat 0
889.3 805.0 944.3 805.0 944.3 873.0 889.3 873.0 wheat 0
943.3 746.0 996.3 746.0 996.3 801.0 943.3 801.0 wheat 0
923.6 304.0 973.3 308.9 964.3 398.0 914.7 393.1 wheat 0
75.1 11.5 175.1 31.8 163.5 88.6 63.6 68.3 wheat 0
