327.3 152.0 161.9 291.4 101.8 220.0 267.2 80.7 wheat 0
418.3 113.0 490.3 113.0 490.3 253.0 418.3 253.0 wheat 0
556.9 17.1 620.0 36.6 595.7 115.0 532.7 95.5 wheat 0
805.3 181.0 602.6 351.8 533.1 269.2 735.8 98.5 wheat 0
410.0 339.5 485.6 347.1 474.6 456.6 399.0 449.0 wheat 0
179.3 267.0 253.3 267.0 253.3 412.0 179.3 412.0 wheat 0
364.3 652.0 138.3 722.0 113.6 642.3 339.7 572.4 wheat 0
420.7 621.1 327.7 671.9 299.9 621.0 392.9 570.2 wheat 0
863.2 601.5 638.7 647.0 622.5 566.6 846.9 521.1 wheat 0
926.3 347.0 1010.3 347.0 1010.3 527.0 926.3 527.0 wheat 0
935.2 327.8 830.3 349.1 818.4 290.3 923.3 269.0 wheat 0
989.3 145.0 886.4 231.8 845.8 183.6 948.7 96.9 wheat 0
924.4 117.4 854.7 124.4 848.2 59.7 917.9 52.7 wheat 0
620.2 740.8 658.6 780.2 585.4 851.3 547.1 811.8 wheat 0
375.2 819.8 623.3 955.3 586.3 1023.0 338.2 887.5 wheat 0
243.1 983.0 163.7 999.1 124.6 806.1 203.9 790.0 wheat 0
1009.9 971.5 893.3 995.2 879.8 928.5 996.4 904.9 wheat 0
539.3 881.0 399.2 957.6 366.9 898.5 507.0 822.0 wheat 0
273.3 865.4 333.5 884.0 298.3 997.7 238.1 979.1 wheat 0
53.7 111.8 132.1 136.0 80.9 301.3 2.6 277.1 wheat 0
942.4 577.9 1004.2 604.0 957.8 713.7 896.1 687.6 wheat 0
875.4 379.8 925.3 390.0 901.3 508.6 851.3 498.4 wheat 0
