916.0 602.5 1021.0 623.7 1011.0 672.8 906.1 651.5 wheat 0
903.6 689.8 963.6 695.8 959.1 741.5 899.0 735.5 wheat 0
854.4 744.7 954.1 775.5 940.2 820.2 840.6 789.4 wheat 0
685.1 886.5 741.1 886.5 741.1 958.5 685.1 958.5 wheat 0
686.1 764.5 634.0 775.1 624.4 727.8 676.5 717.2 wheat 0
671.4 781.9 707.6 789.3 699.1 831.5 662.9 824.2 wheat 0
378.1 668.5 427.1 668.5 427.1 743.5 378.1 743.5 wheat 0
451.1 828.4 504.4 850.9 474.1 922.5 420.8 900.0 wheat 0
530.5 941.0 448.1 966.5 431.7 913.7 514.2 888.3 wheat 0
376.1 944.5 331.1 953.6 321.9 908.1 366.8 899.0 wheat 0
258.1 761.5 210.0 766.3 205.1 717.6 253.2 712.8 wheat 0
225.1 864.5 155.5 912.1 120.4 860.7 189.9 813.1 wheat 0
382.3 835.9 336.1 867.5 311.4 831.4 357.6 799.8 wheat 0
139.1 675.5 95.2 684.4 85.8 638.3 129.7 629.4 wheat 0
104.1 678.5 60.5 682.9 54.0 617.8 97.5 613.4 wheat 0
617.1 747.5 586.7 750.6 582.0 704.0 612.4 701.0 wheat 0
843.1 213.5 757.0 231.0 746.1 177.4 832.2 160.0 wheat 0
759.2 88.1 840.0 113.1 824.1 164.5 743.3 139.5 wheat 0
353.1 187.5 450.1 187.5 450.1 235.5 353.1 235.5 wheat 0
345.1 233.5 308.5 253.5 284.3 209.1 320.8 189.1 wheat 0
268.1 151.5 209.9 183.3 188.6 144.3 246.8 112.5 wheat 0
280.4 60.9 236.1 106.5 193.5 65.2 237.8 19.5 wheat 0
82.7 57.6 142.1 63.5 137.4 110.1 78.0 104.1 wheat 0
101.7 115.2 145.1 124.0 135.1 173.5 91.7 164.7 wheat 0
545.1 173.5 516.7 209.2 486.7 185.4 515.1 149.7 wheat 0
577.6 10.8 623.6 30.3 604.1 76.5 558.0 57.1 wheat 0
