704.5 484.2 671.7 506.6 628.6 443.6 661.4 421.2 wheat 0
637.3 293.4 679.7 311.3 662.2 352.8 619.8 334.9 wheat 0
901.6 461.7 863.0 478.1 845.8 437.5 884.5 421.2 wheat 0
560.2 450.0 613.6 472.6 597.3 511.3 543.8 488.7 wheat 0
552.7 470.6 475.1 494.6 464.2 459.3 541.8 435.3 wheat 0
421.9 443.0 462.4 455.5 439.7 528.6 399.2 516.1 wheat 0
469.1 579.2 405.7 632.6 375.0 596.1 438.3 542.7 wheat 0
696.4 587.2 640.9 604.3 629.1 566.1 684.5 548.9 wheat 0
805.7 633.8 744.7 659.6 729.1 622.6 790.0 596.8 wheat 0
838.8 563.2 861.7 582.6 832.7 617.0 809.8 597.7 wheat 0
1020.7 664.1 982.3 712.5 954.7 690.6 993.1 642.2 wheat 0
967.4 373.8 993.5 395.7 955.7 440.6 929.6 418.6 wheat 0
924.5 354.9 893.7 393.6 873.5 377.6 904.2 338.8 wheat 0
987.4 179.2 1023.7 199.0 998.7 244.6 962.5 224.8 wheat 0
485.2 10.2 530.3 29.3 509.3 79.0 464.2 59.9 wheat 0
522.9 119.1 493.9 134.9 465.6 83.1 494.6 67.3 wheat 0
244.1 43.8 311.0 89.6 287.7 123.6 220.8 77.8 wheat 0
102.7 82.6 148.7 82.6 148.7 128.6 102.7 128.6 wheat 0
178.3 243.4 125.7 287.6 101.2 258.4 153.7 214.2 wheat 0
279.6 264.5 243.3 289.3 225.8 263.7 262.1 238.9 wheat 0
227.3 302.4 265.2 310.0 256.7 351.6 218.8 343.9 wheat 0
278.0 320.0 340.0 372.2 312.7 404.6 250.8 352.4 wheat 0
292.6 493.8 327.6 517.7 290.7 571.6 255.7 547.6 wheat 0
405.0 709.4 442.3 734.9 385.7 817.6 348.4 792.1 wheat 0
508.9 885.5 542.5 903.9 507.7 967.6 474.1 949.2 wheat 0
661.0 985.0 610.1 1012.8 588.5 973.3 639.4 945.5 wheat 0
656.7 931.6 694.7 931.6 694.7 980.6 656.7 980.6 wheat 0
561.2 882.6 591.9 903.7 570.7 934.6 540.0 913.6 wheat 0
180.4 918.0 219.6 930.1 200.1 993.2 160.9 981.1 wheat 0
132.5 908.9 166.9 919.6 145.0 990.3 110.6 979.6 wheat 0
107.4 929.2 38.7 950.5 28.0 916.1 96.8 894.8 wheat 0
114.7 839.6 24.0 867.7 11.7 827.7 102.4 799.6 wheat 0
347.7 673.6 395.7 673.6 395.7 717.6 347.7 717.6 wheat 0
291.7 742.6 365.7 742.6 365.7 767.6 291.7 767.6 wheat 0
173.8 490.5 245.4 512.7 232.7 553.7 161.1 531.6 wheat 0
321.7 605.4 229.7 655.6 210.7 620.7 302.6 570.5 wheat 0
258.2 714.2 225.3 728.1 212.3 697.6 245.3 683.6 wheat 0
202.6 577.3 123.7 610.6 105.2 566.7 184.0 533.3 wheat 0
132.6 636.8 170.4 640.6 166.8 676.4 129.0 672.6 wheat 0
4.7 418.6 76.7 418.6 76.7 461.6 4.7 461.6 wheat 0
120.0 382.8 154.2 401.5 134.5 437.5 100.3 418.8 wheat 0
65.9 383.3 35.1 400.1 12.6 358.9 43.3 342.1 wheat 0
710.7 532.6 743.7 532.6 743.7 561.6 710.7 561.6 wheat 0
721.7 671.6 758.7 671.6 758.7 708.6 721.7 708.6 wheat 0
665.7 683.6 705.7 683.6 705.7 733.6 665.7 733.6 wheat 0
581.5 688.4 640.7 706.7 628.0 747.8 568.8 729.5 wheat 0
857.7 911.6 828.7 917.5 816.7 858.2 845.7 852.3 wheat 0
1026.6 816.2 1000.1 843.5 972.9 817.0 999.3 789.7 wheat 0
846.2 980.4 820.2 1002.3 791.2 967.9 817.2 946.0 wheat 0
17.5 520.6 92.1 552.1 75.0 592.7 0.4 561.1 wheat 0
513.6 749.7 493.7 766.4 465.9 733.3 485.7 716.6 wheat 0
429.0 967.3 456.7 975.9 443.4 1018.9 415.7 1010.3 wheat 0
