482.0 342.0 519.3 349.6 495.4 467.2 458.2 459.6 wheat 0
427.7 373.6 543.7 373.6 543.7 430.6 427.7 430.6 wheat 0
485.3 458.8 541.8 506.5 514.7 538.6 458.2 491.0 wheat 0
565.1 526.5 601.3 533.9 589.4 592.7 553.1 585.3 wheat 0
503.7 606.6 556.7 606.6 556.7 649.6 503.7 649.6 wheat 0
526.4 630.1 558.6 643.7 536.1 697.1 503.8 683.5 wheat 0
386.9 538.6 424.7 554.5 405.6 599.7 367.8 583.7 wheat 0
460.6 610.2 492.2 619.9 481.7 653.6 450.2 643.9 wheat 0
433.5 676.2 394.9 697.3 380.0 670.1 418.6 649.0 wheat 0
173.7 564.6 215.7 564.6 215.7 605.6 173.7 605.6 wheat 0
153.9 604.9 185.9 637.9 153.6 669.3 121.6 636.3 wheat 0
178.5 669.3 235.3 680.8 227.0 722.0 170.1 710.4 wheat 0
252.4 707.5 304.0 787.9 268.7 810.6 217.1 730.2 wheat 0
351.7 856.6 312.7 873.1 272.0 776.7 311.0 760.2 wheat 0
378.2 804.4 354.3 820.8 328.3 782.8 352.2 766.4 wheat 0
373.5 813.8 419.8 818.4 411.7 898.6 365.4 894.0 wheat 0
641.9 724.2 689.3 744.2 652.7 830.6 605.4 810.6 wheat 0
789.7 678.6 705.2 714.3 686.0 668.9 770.5 633.1 wheat 0
810.7 663.4 914.0 734.1 889.7 769.6 786.4 698.9 wheat 0
837.3 792.4 876.5 800.3 862.2 870.9 823.0 862.9 wheat 0
854.8 633.0 891.6 636.7 883.7 715.3 846.9 711.6 wheat 0
758.7 606.6 715.7 610.9 708.7 541.6 751.8 537.2 wheat 0
643.8 370.4 714.6 418.9 684.7 462.6 613.9 414.1 wheat 0
795.7 370.6 725.9 429.4 691.0 388.0 760.8 329.2 wheat 0
275.2 382.1 221.7 398.6 202.7 337.3 256.2 320.8 wheat 0
203.5 366.9 133.3 414.9 109.0 379.4 179.2 331.4 wheat 0
48.9 732.6 75.4 759.9 34.5 799.6 8.1 772.3 wheat 0
21.9 791.5 68.7 796.2 60.5 877.8 13.8 873.1 wheat 0
23.7 883.1 79.4 888.7 69.8 984.2 14.1 978.6 wheat 0
720.3 259.0 770.3 269.1 762.2 309.3 712.2 299.1 wheat 0
771.5 254.5 868.8 264.3 863.7 314.6 766.4 304.9 wheat 0
794.9 151.1 853.2 169.1 830.7 241.6 772.5 223.6 wheat 0
339.7 159.6 263.8 175.0 254.7 130.3 330.7 114.9 wheat 0
491.7 80.6 426.4 108.2 408.9 66.8 474.2 39.2 wheat 0
365.1 43.9 400.1 63.0 358.7 138.6 323.8 119.5 wheat 0
597.5 123.4 674.9 147.4 654.7 212.6 577.3 188.7 wheat 0
354.7 217.6 409.7 217.6 409.7 267.6 354.7 267.6 wheat 0
463.4 307.5 413.7 334.6 395.9 301.9 445.5 274.8 wheat 0
841.7 84.4 868.6 112.1 820.7 158.6 793.8 130.9 wheat 0
897.6 39.9 782.5 88.6 768.9 56.3 884.0 7.7 wheat 0
913.2 79.1 844.6 86.0 841.3 53.1 909.9 46.3 wheat 0
1013.2 129.4 941.7 189.6 911.8 154.1 983.3 93.9 wheat 0
446.7 151.6 420.4 169.6 396.6 134.7 422.9 116.7 wheat 0
176.8 44.8 205.7 64.6 172.7 112.9 143.7 93.1 wheat 0
264.6 17.2 315.4 22.2 311.9 57.1 261.1 52.0 wheat 0
