627.1 256.5 592.5 285.6 526.4 207.1 561.0 178.0 wheat 0
726.1 354.5 692.5 372.9 637.8 272.8 671.4 254.5 wheat 0
724.4 279.3 816.1 288.5 812.2 327.2 720.5 318.0 wheat 0
720.1 241.5 691.8 265.3 647.3 212.5 675.6 188.7 wheat 0
697.1 135.5 659.0 143.2 635.7 28.2 673.7 20.5 wheat 0
819.1 131.8 861.7 136.0 849.1 261.5 806.5 257.2 wheat 0
790.7 118.7 830.5 122.7 821.4 213.3 781.6 209.3 wheat 0
941.1 28.5 978.1 28.5 978.1 143.5 941.1 143.5 wheat 0
962.6 147.7 1002.6 160.1 968.0 271.9 928.1 259.5 wheat 0
925.5 367.5 960.4 373.2 944.1 474.5 909.2 468.9 wheat 0
997.1 473.5 955.7 486.3 926.7 392.6 968.1 379.8 wheat 0
926.3 472.3 969.6 476.7 956.1 611.5 912.7 607.2 wheat 0
792.1 450.5 834.1 450.5 834.1 519.5 792.1 519.5 wheat 0
736.1 490.5 710.0 512.5 646.2 436.7 672.2 414.7 wheat 0
851.1 618.5 822.1 642.9 748.2 555.1 777.1 530.7 wheat 0
893.1 716.5 801.0 735.2 793.9 699.9 885.9 681.2 wheat 0
764.5 648.1 803.6 664.6 785.1 708.5 745.9 692.0 wheat 0
833.1 800.5 799.6 828.7 725.0 740.1 758.4 711.9 wheat 0
993.8 946.1 962.1 952.5 939.2 839.8 970.9 833.4 wheat 0
978.1 750.5 1024.0 750.5 1024.0 826.8 978.1 826.8 wheat 0
748.1 659.5 721.8 664.8 699.8 556.3 726.1 550.9 wheat 0
564.1 817.5 532.8 834.6 486.2 749.4 517.5 732.3 wheat 0
557.3 831.6 655.1 898.5 629.7 935.6 531.9 868.7 wheat 0
783.1 881.5 748.8 892.1 732.5 839.4 766.8 828.9 wheat 0
832.1 907.5 799.7 917.5 785.5 871.8 817.9 861.7 wheat 0
614.1 678.5 497.9 714.4 485.0 672.8 601.2 636.9 wheat 0
654.3 557.1 690.5 568.3 661.1 663.5 624.8 652.3 wheat 0
644.1 627.5 616.4 656.0 541.5 583.3 569.1 554.8 wheat 0
514.1 675.5 469.8 689.2 444.5 607.5 488.8 593.8 wheat 0
529.1 528.5 505.2 553.0 426.0 476.1 449.8 451.5 wheat 0
581.1 494.5 548.1 517.1 473.6 408.3 506.6 385.7 wheat 0
514.8 850.7 550.6 861.8 533.1 918.5 497.2 907.4 wheat 0
517.1 996.5 467.5 1006.5 449.2 916.0 498.7 906.0 wheat 0
487.1 971.5 462.6 1002.4 389.1 944.1 413.6 913.2 wheat 0
352.1 931.5 327.5 956.8 270.8 901.8 295.4 876.4 wheat 0
409.1 815.5 375.3 838.6 326.7 767.6 360.5 744.5 wheat 0
202.1 661.5 191.2 689.5 114.9 659.9 125.8 631.9 wheat 0
387.1 654.5 346.0 677.0 309.5 610.3 350.6 587.8 wheat 0
191.1 902.5 164.3 913.8 134.2 842.5 160.9 831.2 wheat 0
192.1 990.5 153.2 1017.1 114.8 960.9 153.6 934.3 wheat 0
6.6 690.6 115.1 701.5 110.6 746.4 2.1 735.6 wheat 0
58.1 673.5 19.7 685.4 5.5 639.5 43.9 627.6 wheat 0
111.1 565.5 80.2 578.6 44.1 493.2 75.0 480.1 wheat 0
174.1 595.5 137.0 615.8 93.9 537.0 131.0 516.7 wheat 0
97.3 433.5 205.1 544.5 170.4 578.1 62.6 467.2 wheat 0
171.1 404.5 139.4 417.9 101.5 328.2 133.2 314.8 wheat 0
269.1 388.5 239.8 391.4 231.7 311.2 261.0 308.3 wheat 0
401.1 377.5 361.0 385.6 336.4 264.3 376.5 256.2 wheat 0
428.1 110.5 328.3 178.7 305.3 145.1 405.0 76.9 wheat 0
262.1 218.5 231.2 235.4 175.3 132.9 206.1 116.1 wheat 0
254.1 125.5 219.3 136.3 190.9 44.5 225.7 33.8 wheat 0
149.1 219.5 104.5 233.3 78.6 149.4 123.1 135.6 wheat 0
260.1 100.5 227.3 107.2 209.2 18.0 242.0 11.4 wheat 0
381.1 557.5 354.4 568.8 322.9 494.4 349.6 483.1 wheat 0
