521.2 224.1 390.6 313.5 354.5 260.8 485.1 171.4 wheat 0
268.0 132.2 324.0 170.6 199.6 352.5 143.6 314.2 wheat 0
45.7 0.8 112.6 21.5 66.9 169.1 0.0 148.4 wheat 0
280.8 72.9 330.2 99.9 267.6 214.5 218.2 187.5 wheat 0
634.6 69.5 502.5 125.3 481.3 75.1 613.3 19.3 wheat 0
792.6 307.5 700.4 316.8 693.4 246.8 785.5 237.5 wheat 0
865.6 63.5 654.6 207.8 623.6 162.5 834.5 18.2 wheat 0
340.0 311.6 480.1 325.7 474.6 380.5 334.5 366.5 wheat 0
383.6 390.5 229.3 474.8 202.2 425.1 356.4 340.8 wheat 0
532.5 552.2 593.7 571.1 503.6 862.5 442.4 843.6 wheat 0
840.1 329.6 900.6 380.5 703.5 614.4 643.1 563.6 wheat 0
796.6 366.5 736.8 372.5 729.1 296.1 788.9 290.1 wheat 0
736.8 368.6 775.3 395.0 730.6 460.5 692.0 434.1 wheat 0
933.8 548.2 981.3 580.7 922.6 666.5 875.1 634.0 wheat 0
946.2 324.6 1023.0 348.4 976.3 499.3 899.6 475.5 wheat 0
881.6 724.5 829.8 759.9 781.2 688.9 833.0 653.5 wheat 0
863.6 811.5 772.4 820.7 765.6 752.7 856.7 743.6 wheat 0
913.6 898.5 722.4 917.7 714.3 837.0 905.5 817.8 wheat 0
352.6 678.5 271.7 722.7 243.1 670.3 323.9 626.1 wheat 0
92.7 728.5 264.9 801.3 232.7 877.5 60.5 804.7 wheat 0
205.6 912.5 97.3 934.5 84.4 870.7 192.6 848.7 wheat 0
733.6 949.5 663.1 963.8 651.0 903.7 721.4 889.4 wheat 0
