812.5 966.3 744.7 1012.6 667.4 899.6 735.2 853.2 wheat 0
411.2 934.2 465.6 964.0 438.3 1014.0 383.9 984.3 wheat 0
362.7 981.6 322.1 1023.5 269.0 971.8 309.6 930.0 wheat 0
259.7 825.7 204.0 831.3 199.7 788.5 255.5 782.9 wheat 0
356.1 638.7 402.9 687.0 349.7 738.6 302.9 690.4 wheat 0
626.7 554.6 559.6 583.0 540.5 537.7 607.6 509.3 wheat 0
112.3 829.5 18.3 848.6 7.1 793.7 101.2 774.6 wheat 0
138.7 676.6 98.3 710.7 72.9 680.5 113.3 646.5 wheat 0
136.4 521.9 89.7 570.0 58.1 539.3 104.8 491.3 wheat 0
340.7 295.6 178.3 311.9 172.4 252.8 334.8 236.5 wheat 0
246.4 412.7 296.8 417.7 286.2 523.7 235.7 518.6 wheat 0
406.0 463.0 449.3 481.3 434.5 516.3 391.2 498.0 wheat 0
563.7 476.6 509.4 499.6 474.7 417.6 529.1 394.6 wheat 0
224.7 130.4 292.4 176.7 260.8 222.9 193.1 176.6 wheat 0
144.9 174.2 83.7 207.6 56.4 157.6 117.6 124.1 wheat 0
91.1 54.7 131.9 58.8 127.4 103.5 86.6 99.5 wheat 0
500.5 63.2 431.5 92.4 413.9 51.0 483.0 21.8 wheat 0
732.7 122.6 628.2 210.7 596.9 173.6 701.5 85.5 wheat 0
551.4 179.7 605.8 216.9 582.1 251.6 527.6 214.3 wheat 0
734.7 301.5 778.0 310.3 765.7 370.6 722.4 361.8 wheat 0
824.9 189.6 759.3 202.9 751.5 164.7 817.2 151.3 wheat 0
943.1 102.6 1023.6 170.4 978.7 223.6 898.3 155.8 wheat 0
941.7 326.6 1024.0 326.6 1024.0 382.9 941.7 382.9 wheat 0
969.1 528.2 1026.1 567.2 993.3 615.0 936.4 576.1 wheat 0
88.7 965.6 148.0 965.6 148.0 1024.0 88.7 1024.0 wheat 0
