186.7 210.2 248.4 216.3 239.9 300.9 178.2 294.7 wheat 0
441.3 229.0 310.9 300.3 283.5 250.0 413.9 178.8 wheat 0
666.7 108.1 605.3 150.0 545.9 63.2 607.3 21.2 wheat 0
938.4 188.9 863.3 240.3 815.3 170.2 890.4 118.8 wheat 0
724.9 237.8 865.8 314.8 826.3 387.0 685.4 310.1 wheat 0
720.7 454.5 635.4 471.8 616.9 380.6 702.2 363.3 wheat 0
440.6 560.4 524.1 568.8 502.1 788.7 418.5 780.3 wheat 0
525.4 643.0 668.5 672.0 659.2 718.1 516.1 689.1 wheat 0
275.6 592.9 361.2 601.5 355.0 663.2 269.4 654.6 wheat 0
304.2 714.4 377.5 737.1 337.3 867.0 264.0 844.4 wheat 0
480.1 832.0 571.9 860.4 556.5 910.1 464.8 881.7 wheat 0
833.2 932.2 770.2 951.7 729.4 819.9 792.5 800.4 wheat 0
755.1 721.3 853.6 763.0 832.6 812.7 734.0 771.1 wheat 0
886.4 735.7 838.6 768.4 748.2 636.4 796.1 603.6 wheat 0
918.7 695.3 992.1 710.1 962.3 857.0 889.0 842.2 wheat 0
809.3 515.0 939.3 515.0 939.3 573.0 809.3 573.0 wheat 0
928.3 525.0 1001.3 525.0 1001.3 581.0 928.3 581.0 wheat 0
934.0 897.1 870.8 931.6 802.7 807.0 865.9 772.5 wheat 0
197.1 645.3 110.2 692.7 78.6 634.8 165.4 587.4 wheat 0
322.8 490.7 192.8 545.7 164.2 478.1 294.2 423.1 wheat 0
310.3 306.0 361.3 306.0 361.3 389.0 310.3 389.0 wheat 0
387.3 315.0 440.3 315.0 440.3 376.0 387.3 376.0 wheat 0
199.9 299.6 163.8 345.1 98.8 293.5 134.8 248.0 wheat 0
46.8 164.6 137.3 173.7 132.8 218.5 42.3 209.4 wheat 0
432.3 126.3 387.3 157.0 309.5 43.3 354.5 12.5 wheat 0
342.3 957.0 411.2 957.0 411.2 1024.0 342.3 1024.0 wheat 0
