604.5 909.6 568.7 913.2 558.9 815.7 594.8 812.1 wheat 0
595.7 839.6 634.7 839.6 634.7 1023.6 595.7 1023.6 wheat 0
720.5 759.5 690.1 765.7 670.0 666.7 700.4 660.5 wheat 0
771.5 797.2 726.7 801.7 719.0 725.1 763.8 720.6 wheat 0
728.0 779.1 756.1 794.5 693.7 908.6 665.6 893.2 wheat 0
725.7 825.6 762.7 825.6 762.7 1016.6 725.7 1016.6 wheat 0
815.9 674.7 950.8 825.2 915.7 856.6 780.9 706.2 wheat 0
846.9 776.1 908.6 853.9 876.5 879.4 814.7 801.6 wheat 0
918.6 749.9 883.6 764.7 850.9 687.3 885.9 672.5 wheat 0
938.6 611.2 982.7 620.1 961.9 723.0 917.8 714.1 wheat 0
984.7 647.6 1019.7 647.6 1019.7 813.6 984.7 813.6 wheat 0
852.1 483.2 894.9 491.9 880.7 561.6 838.0 552.9 wheat 0
816.8 451.1 939.2 605.4 915.7 624.1 793.3 469.8 wheat 0
735.8 392.7 858.4 547.2 832.7 567.6 710.1 413.1 wheat 0
913.9 298.6 976.2 395.8 943.7 416.6 881.4 319.5 wheat 0
989.7 301.1 960.7 316.9 924.8 251.1 953.7 235.3 wheat 0
988.7 291.6 1021.7 291.6 1021.7 373.6 988.7 373.6 wheat 0
766.7 292.6 741.5 303.3 708.1 224.3 733.3 213.6 wheat 0
807.2 84.1 840.9 94.5 812.7 185.6 779.0 175.2 wheat 0
712.2 81.4 718.7 173.6 691.0 175.6 684.5 83.4 wheat 0
836.7 200.6 888.7 200.6 888.7 230.6 836.7 230.6 wheat 0
872.1 177.9 948.7 185.6 944.3 229.3 867.7 221.7 wheat 0
920.9 66.1 989.0 123.5 971.6 144.1 903.5 86.8 wheat 0
839.3 59.8 887.8 120.9 872.1 133.4 823.7 72.3 wheat 0
636.7 223.6 553.6 232.0 550.5 201.1 633.6 192.8 wheat 0
467.2 288.1 502.0 291.6 491.3 399.1 456.4 395.6 wheat 0
572.7 393.4 606.5 407.7 558.7 520.6 525.0 506.3 wheat 0
493.8 498.3 522.5 507.1 481.7 639.0 453.0 630.1 wheat 0
348.3 635.8 393.9 693.3 365.7 715.6 320.1 658.2 wheat 0
458.9 717.8 325.2 809.2 298.6 770.5 432.3 679.0 wheat 0
134.9 803.9 161.6 826.3 73.7 930.6 47.1 908.1 wheat 0
162.2 898.2 173.6 907.9 116.3 976.0 104.8 966.3 wheat 0
82.2 625.9 118.4 663.1 45.7 733.6 9.6 696.4 wheat 0
101.0 475.4 135.7 490.1 92.7 591.6 58.1 577.0 wheat 0
210.8 521.8 178.3 531.9 154.7 455.4 187.2 445.4 wheat 0
238.8 334.3 277.0 342.1 265.7 397.9 227.5 390.2 wheat 0
86.2 427.5 20.6 440.9 12.2 399.7 77.9 386.4 wheat 0
222.7 244.5 119.2 301.1 104.8 274.7 208.3 218.2 wheat 0
315.8 227.9 196.2 252.1 183.7 190.4 303.3 166.1 wheat 0
202.7 239.6 241.7 239.6 241.7 289.6 202.7 289.6 wheat 0
197.0 83.8 232.3 91.0 216.4 169.4 181.1 162.2 wheat 0
350.2 131.6 288.1 150.8 282.2 131.7 344.3 112.5 wheat 0
291.9 106.7 271.2 120.8 252.6 93.6 273.2 79.4 wheat 0
336.6 66.0 307.2 72.0 294.9 11.2 324.3 5.3 wheat 0
54.6 653.5 35.7 655.4 29.8 596.7 48.7 594.8 wheat 0
763.4 194.9 817.9 211.7 809.0 240.4 754.6 223.5 wheat 0
135.6 562.2 185.4 567.2 181.9 602.0 132.1 597.0 wheat 0
83.6 486.7 93.6 506.3 57.9 524.5 47.9 504.9 wheat 0
882.7 1014.6 841.6 1023.0 824.9 940.8 866.1 932.5 wheat 0
694.8 336.4 759.5 342.9 757.7 360.8 693.0 354.3 wheat 0
