269.1 485.5 219.8 512.4 123.1 335.5 172.4 308.5 wheat 0
132.0 423.5 198.8 430.2 190.1 517.5 123.3 510.8 wheat 0
59.1 423.5 127.1 423.5 127.1 529.5 59.1 529.5 wheat 0
301.6 568.3 359.4 627.9 323.5 662.7 265.7 603.2 wheat 0
445.1 615.5 390.0 672.2 309.4 593.9 364.4 537.2 wheat 0
375.1 557.5 299.1 565.1 286.9 443.3 362.8 435.7 wheat 0
460.1 461.5 357.9 482.2 346.5 426.0 448.7 405.3 wheat 0
270.9 326.7 338.5 347.7 310.1 439.5 242.4 418.6 wheat 0
435.0 212.9 493.6 224.8 461.1 385.5 402.4 373.6 wheat 0
441.1 340.5 387.1 363.3 331.0 230.6 385.0 207.8 wheat 0
495.3 178.2 552.1 266.5 501.7 298.8 445.0 210.5 wheat 0
659.1 506.5 587.7 521.0 566.6 416.8 637.9 402.3 wheat 0
871.2 464.0 937.9 520.1 903.1 561.5 836.4 505.3 wheat 0
816.2 520.8 902.8 538.4 891.1 596.5 804.4 578.9 wheat 0
894.1 708.5 840.3 737.9 790.3 646.4 844.1 617.0 wheat 0
774.7 580.3 816.6 633.1 700.1 725.5 658.2 672.8 wheat 0
907.7 671.3 972.2 698.5 929.1 800.5 864.6 773.3 wheat 0
893.1 810.5 844.3 820.4 830.8 753.6 879.5 743.7 wheat 0
698.1 998.5 617.5 1023.4 560.2 838.2 640.8 813.3 wheat 0
463.8 782.9 520.6 821.8 477.1 885.5 420.2 846.6 wheat 0
337.5 729.3 416.5 745.3 401.1 821.5 322.0 805.5 wheat 0
416.9 629.3 467.1 650.5 406.3 794.2 356.2 773.0 wheat 0
262.3 1000.7 175.4 1018.3 163.7 960.6 250.6 943.0 wheat 0
439.1 974.5 392.2 1006.6 351.4 946.9 398.2 914.8 wheat 0
892.1 139.5 841.0 149.9 815.9 26.1 867.0 15.7 wheat 0
907.1 224.5 878.1 233.5 858.9 171.4 887.9 162.5 wheat 0
752.0 94.2 784.9 112.2 759.1 159.5 726.1 141.5 wheat 0
