512.5 466.8 607.1 531.5 582.5 567.5 487.9 502.8 wheat 0
643.5 561.2 741.1 602.5 726.0 638.1 628.4 596.8 wheat 0
819.1 514.5 787.1 541.4 738.9 484.1 770.8 457.2 wheat 0
951.1 529.5 914.2 554.8 871.3 492.0 908.1 466.8 wheat 0
877.7 556.0 953.1 607.5 932.3 637.8 857.0 586.3 wheat 0
936.4 607.0 985.4 617.0 975.7 665.0 926.7 655.1 wheat 0
905.1 769.5 873.6 801.9 804.2 734.6 835.7 702.2 wheat 0
784.5 769.0 920.1 796.5 912.6 833.2 777.0 805.7 wheat 0
931.1 782.9 968.2 790.4 956.1 850.5 919.0 843.0 wheat 0
827.1 956.5 789.4 968.2 763.5 884.6 801.2 873.0 wheat 0
723.5 939.8 816.1 958.5 808.4 996.5 715.9 977.7 wheat 0
608.5 877.7 667.1 902.5 651.1 940.2 592.6 915.4 wheat 0
637.4 902.8 528.1 913.8 523.8 870.5 633.1 859.5 wheat 0
390.5 796.8 468.1 812.5 460.3 850.9 382.7 835.1 wheat 0
411.1 763.5 339.5 770.7 334.8 723.7 406.3 716.5 wheat 0
398.6 556.7 508.1 616.5 490.7 648.2 381.3 588.4 wheat 0
370.7 519.7 460.1 557.5 445.4 592.1 356.0 554.3 wheat 0
619.1 629.5 581.7 655.1 535.0 586.9 572.4 561.3 wheat 0
584.0 619.2 654.1 657.5 640.2 682.9 570.1 644.7 wheat 0
676.1 440.4 744.6 477.8 724.0 515.6 655.5 478.2 wheat 0
720.1 536.5 691.5 565.9 647.0 522.7 675.6 493.3 wheat 0
534.1 438.5 485.4 448.4 464.6 345.7 513.2 335.8 wheat 0
455.6 253.3 564.1 327.5 541.8 360.0 433.4 285.8 wheat 0
529.1 199.5 577.1 199.5 577.1 279.5 529.1 279.5 wheat 0
505.9 128.1 606.1 212.5 582.3 240.8 482.1 156.4 wheat 0
527.9 45.2 503.1 76.5 447.4 32.3 472.2 1.1 wheat 0
407.1 245.5 376.4 277.1 308.6 211.2 339.3 179.7 wheat 0
276.5 199.5 371.1 239.5 354.3 279.2 259.7 239.2 wheat 0
254.2 240.4 344.3 258.7 336.1 299.5 245.9 281.2 wheat 0
98.3 82.3 178.9 150.2 150.1 184.5 69.4 116.6 wheat 0
235.1 37.4 173.5 79.5 147.9 42.1 209.5 -0.0 wheat 0
124.1 262.5 92.6 289.0 52.0 240.7 83.4 214.2 wheat 0
17.6 165.4 128.1 199.5 118.4 230.8 8.0 196.6 wheat 0
222.5 423.2 332.1 469.5 317.3 504.4 207.8 458.1 wheat 0
279.4 456.5 369.1 465.5 364.4 511.7 274.8 502.7 wheat 0
399.5 377.8 481.1 446.5 452.8 480.1 371.2 411.3 wheat 0
279.5 834.9 366.5 861.9 352.1 908.5 265.1 881.6 wheat 0
294.6 899.8 384.1 927.5 372.7 964.4 283.2 936.7 wheat 0
470.8 892.9 555.1 928.5 538.7 967.2 454.4 931.5 wheat 0
523.4 891.4 600.2 923.9 583.1 964.5 506.2 932.0 wheat 0
185.3 768.4 288.1 824.5 269.3 858.8 166.6 802.6 wheat 0
86.4 878.9 182.1 888.5 177.9 930.0 82.3 920.4 wheat 0
42.7 743.5 107.1 756.5 100.8 787.5 36.5 774.4 wheat 0
107.1 763.5 56.8 779.1 37.5 716.7 87.8 701.2 wheat 0
169.1 998.5 112.4 1004.2 108.5 965.1 165.1 959.5 wheat 0
30.1 901.0 137.7 959.8 117.1 997.5 9.5 938.8 wheat 0
245.6 547.9 393.1 593.5 381.1 632.2 233.6 586.6 wheat 0
290.1 566.5 246.6 580.0 225.9 513.0 269.4 499.5 wheat 0
231.1 634.5 189.7 657.1 132.8 553.1 174.2 530.5 wheat 0
33.2 536.3 159.1 589.5 141.4 631.3 15.5 578.1 wheat 0
126.1 474.5 76.3 501.7 20.3 399.3 70.1 372.1 wheat 0
121.4 517.2 196.3 524.7 192.1 566.5 117.2 559.0 wheat 0
