484.9 510.0 601.7 521.7 595.6 582.5 478.8 570.8 wheat 0
611.6 693.5 559.6 709.6 543.5 657.3 595.4 641.2 wheat 0
663.6 681.5 620.5 699.7 597.3 644.8 640.3 626.6 wheat 0
642.5 572.4 707.6 592.6 691.6 644.5 626.4 624.4 wheat 0
671.2 554.0 736.3 560.5 731.6 607.5 666.5 601.0 wheat 0
616.6 500.5 664.6 500.5 664.6 539.5 616.6 539.5 wheat 0
922.6 419.5 856.4 426.1 845.6 318.0 911.7 311.4 wheat 0
825.6 285.5 867.6 285.5 867.6 335.5 825.6 335.5 wheat 0
706.1 161.9 752.4 209.6 685.6 274.5 639.3 226.8 wheat 0
610.6 185.5 578.1 218.9 524.7 167.0 557.1 133.6 wheat 0
460.6 176.5 535.6 176.5 535.6 226.5 460.6 226.5 wheat 0
412.6 439.5 334.0 447.4 327.8 386.0 406.4 378.1 wheat 0
399.6 454.5 451.6 454.5 451.6 504.5 399.6 504.5 wheat 0
327.6 472.5 366.6 472.5 366.6 521.5 327.6 521.5 wheat 0
204.0 493.6 272.8 500.5 266.6 562.5 197.7 555.6 wheat 0
405.5 633.8 445.0 650.5 414.6 722.5 375.1 705.8 wheat 0
472.6 801.5 431.8 814.1 409.6 742.2 450.3 729.6 wheat 0
457.6 818.5 408.5 839.3 381.0 774.2 430.1 753.5 wheat 0
401.6 964.5 354.3 984.5 285.0 820.6 332.3 800.6 wheat 0
924.0 606.3 970.8 620.7 953.6 676.5 906.7 662.0 wheat 0
829.6 544.5 917.6 544.5 917.6 591.5 829.6 591.5 wheat 0
788.6 418.5 706.5 435.1 697.5 390.7 779.5 374.0 wheat 0
918.6 168.5 981.6 168.5 981.6 224.5 918.6 224.5 wheat 0
930.8 22.2 986.0 45.5 944.6 143.5 889.4 120.2 wheat 0
785.0 13.8 844.5 25.9 829.6 99.5 770.1 87.5 wheat 0
655.6 104.9 722.6 118.5 710.5 177.9 643.6 164.3 wheat 0
573.7 60.2 500.6 67.5 494.7 9.3 567.8 1.9 wheat 0
137.5 126.4 213.7 141.8 201.6 201.5 125.4 186.1 wheat 0
40.6 185.5 81.6 185.5 81.6 258.5 40.6 258.5 wheat 0
556.6 807.5 519.7 815.0 511.2 772.8 548.0 765.3 wheat 0
626.6 721.5 583.6 750.9 562.5 720.0 605.4 690.6 wheat 0
