44.6 762.0 200.1 793.5 191.4 836.2 35.9 804.6 wheat 0
99.0 604.5 252.1 635.5 244.2 674.1 91.2 643.1 wheat 0
28.9 580.5 133.1 624.5 114.7 668.0 10.5 624.0 wheat 0
366.1 600.5 251.5 663.1 235.7 634.2 350.3 571.6 wheat 0
456.1 565.5 346.8 611.7 327.6 566.3 436.9 520.1 wheat 0
439.7 443.3 504.1 478.5 488.1 507.8 423.7 472.6 wheat 0
496.3 482.1 553.1 540.5 531.3 561.7 474.5 503.2 wheat 0
483.1 551.5 514.1 551.5 514.1 621.5 483.1 621.5 wheat 0
667.1 643.5 631.2 658.7 603.9 594.0 639.7 578.8 wheat 0
668.0 579.4 751.1 614.5 730.0 664.2 647.0 629.1 wheat 0
921.1 628.5 878.3 646.6 844.0 565.4 886.7 547.3 wheat 0
1022.9 729.3 909.6 777.2 892.8 737.4 1006.1 689.5 wheat 0
651.6 667.3 801.1 713.5 789.3 751.5 639.8 705.2 wheat 0
691.9 705.4 789.1 758.5 766.5 799.9 669.3 746.8 wheat 0
634.3 725.9 769.1 799.5 750.7 833.1 615.9 759.5 wheat 0
202.5 475.4 292.1 493.5 285.2 527.3 195.7 509.1 wheat 0
58.2 467.0 189.1 507.5 174.3 555.4 43.4 514.9 wheat 0
158.1 433.8 194.3 437.4 187.1 509.5 150.8 505.9 wheat 0
204.1 413.5 175.4 449.7 10.8 319.0 39.4 282.9 wheat 0
206.2 353.0 258.7 358.2 253.1 414.5 200.6 409.2 wheat 0
277.5 240.5 395.1 339.5 365.9 374.2 248.3 275.1 wheat 0
369.1 262.4 495.1 368.5 458.3 412.2 332.3 306.0 wheat 0
363.9 282.0 538.1 299.5 534.3 336.9 360.2 319.5 wheat 0
545.7 369.2 615.1 398.5 601.0 431.9 531.6 402.5 wheat 0
838.1 425.5 756.4 442.1 746.6 393.6 828.2 377.0 wheat 0
838.9 167.6 955.1 265.5 925.1 301.1 808.9 203.3 wheat 0
893.8 99.2 932.4 120.3 894.1 190.5 855.4 169.4 wheat 0
563.1 92.1 694.1 147.5 674.6 193.5 543.7 138.2 wheat 0
468.1 95.5 547.1 95.5 547.1 131.5 468.1 131.5 wheat 0
451.1 154.5 336.6 217.0 318.6 184.0 433.0 121.4 wheat 0
351.1 230.5 311.0 257.9 254.7 175.6 294.7 148.2 wheat 0
239.1 167.5 209.9 192.1 128.1 95.0 157.3 70.4 wheat 0
44.3 128.8 161.1 140.5 158.4 166.7 41.7 154.9 wheat 0
102.6 165.3 128.1 191.5 28.7 288.0 3.3 261.8 wheat 0
223.1 235.5 340.1 235.5 340.1 272.5 223.1 272.5 wheat 0
686.5 345.6 775.1 363.5 766.4 406.3 677.9 388.4 wheat 0
671.0 308.1 750.1 341.5 741.5 361.8 662.4 328.3 wheat 0
399.1 679.9 526.1 733.5 508.9 774.1 382.0 720.4 wheat 0
653.1 881.5 612.6 915.6 523.4 809.6 563.8 775.5 wheat 0
897.1 939.5 861.5 958.9 807.1 859.3 842.6 839.8 wheat 0
270.4 747.0 204.1 830.5 175.8 808.1 242.1 724.5 wheat 0
405.1 817.5 196.9 838.4 192.5 794.7 400.7 773.9 wheat 0
312.1 908.5 282.3 933.6 240.6 884.0 270.3 859.0 wheat 0
166.1 869.5 234.1 869.5 234.1 912.5 166.1 912.5 wheat 0
307.1 832.5 358.1 832.5 358.1 890.5 307.1 890.5 wheat 0
446.6 917.9 578.1 958.5 566.0 997.6 434.6 956.9 wheat 0
517.1 858.5 462.7 869.5 438.0 747.6 492.4 736.6 wheat 0
448.9 736.5 562.1 771.5 551.2 806.8 438.0 771.8 wheat 0
622.9 832.0 511.1 866.6 498.3 825.1 610.1 790.5 wheat 0
836.1 908.5 759.8 940.7 740.1 894.1 816.3 861.9 wheat 0
971.1 435.5 931.6 468.8 867.8 393.1 907.3 359.8 wheat 0
899.6 498.7 929.1 518.9 891.1 574.5 861.6 554.3 wheat 0
639.1 514.5 542.7 524.2 538.1 478.1 634.4 468.4 wheat 0
673.0 15.7 757.1 86.5 730.3 118.3 646.3 47.5 wheat 0
684.8 48.9 784.1 132.5 753.9 168.3 654.7 84.7 wheat 0
214.1 711.5 191.2 747.1 103.6 690.8 126.5 655.3 wheat 0
347.1 930.5 228.5 995.3 211.0 963.2 329.5 898.4 wheat 0
