423.1 718.3 531.1 792.1 515.7 814.6 407.7 740.7 wheat 0
676.4 668.9 570.7 726.6 553.3 694.7 659.0 636.9 wheat 0
681.7 693.6 712.7 693.6 712.7 732.6 681.7 732.6 wheat 0
797.2 933.8 768.6 942.7 750.2 883.4 778.9 874.6 wheat 0
522.2 954.7 486.9 961.8 479.3 924.6 514.6 917.4 wheat 0
503.2 970.4 530.1 973.1 525.2 1021.2 498.4 1018.5 wheat 0
306.7 938.6 328.7 938.6 328.7 990.6 306.7 990.6 wheat 0
266.5 797.1 294.9 802.8 288.0 837.1 259.5 831.4 wheat 0
190.7 954.6 235.7 954.6 235.7 978.6 190.7 978.6 wheat 0
195.0 739.2 129.3 745.8 126.5 717.0 192.1 710.4 wheat 0
774.0 590.6 817.3 608.9 806.4 634.7 763.1 616.4 wheat 0
100.5 606.7 24.9 614.3 21.0 575.5 96.6 567.9 wheat 0
215.0 391.7 286.9 422.1 274.4 451.5 202.6 421.2 wheat 0
188.8 468.9 253.2 481.9 245.7 518.6 181.4 505.6 wheat 0
325.1 330.1 374.1 340.1 364.4 388.1 315.4 378.2 wheat 0
186.0 309.2 241.9 320.5 236.5 347.0 180.6 335.7 wheat 0
221.7 295.6 188.3 309.7 169.2 264.6 202.7 250.5 wheat 0
262.0 188.3 235.6 202.7 203.5 143.9 229.8 129.5 wheat 0
177.4 89.0 139.2 100.8 130.0 71.2 168.3 59.4 wheat 0
366.8 558.5 392.7 585.2 342.9 633.6 317.0 606.9 wheat 0
615.7 452.3 646.1 465.2 634.8 491.9 604.4 479.0 wheat 0
673.3 292.6 722.2 326.0 706.7 348.6 657.8 315.2 wheat 0
796.6 300.0 824.7 308.6 806.7 366.6 778.7 357.9 wheat 0
958.7 525.6 1010.7 525.6 1010.7 552.6 958.7 552.6 wheat 0
840.2 221.6 802.5 237.5 782.2 189.7 820.0 173.7 wheat 0
863.7 224.1 900.0 239.5 884.7 275.6 848.5 260.3 wheat 0
754.7 207.6 726.7 210.4 723.0 173.9 751.1 171.0 wheat 0
669.7 156.6 623.5 181.9 597.5 134.3 643.7 109.0 wheat 0
551.5 244.5 595.6 253.4 589.0 285.8 544.9 276.8 wheat 0
503.0 195.7 569.8 216.4 564.5 233.6 497.6 212.9 wheat 0
1024.1 200.8 981.1 214.1 952.4 121.4 995.4 108.1 wheat 0
625.3 53.1 598.9 71.2 570.1 29.1 596.5 11.0 wheat 0
674.7 94.6 698.7 94.6 698.7 155.6 674.7 155.6 wheat 0
868.5 17.9 890.5 24.7 881.9 52.4 860.0 45.6 wheat 0
809.7 662.6 824.7 662.6 824.7 681.6 809.7 681.6 wheat 0
