576.7 552.6 453.1 577.7 445.3 538.9 568.9 513.8 wheat 0
541.3 572.5 642.4 593.0 634.8 630.1 533.7 609.6 wheat 0
676.4 545.6 575.3 566.1 567.7 529.0 668.8 508.5 wheat 0
652.7 458.6 718.5 503.6 696.9 535.1 631.2 490.1 wheat 0
882.3 472.8 960.3 480.6 956.7 516.4 878.7 508.6 wheat 0
836.2 380.6 921.3 438.8 899.9 470.1 814.8 411.8 wheat 0
634.7 410.6 650.9 504.0 614.2 510.4 598.1 416.9 wheat 0
112.7 297.6 177.8 310.8 170.8 345.1 105.8 331.9 wheat 0
229.7 300.6 311.7 335.2 296.2 371.8 214.3 337.2 wheat 0
776.2 258.3 726.7 273.6 714.3 233.3 763.7 218.0 wheat 0
365.7 245.6 436.4 275.5 423.2 306.8 352.5 276.9 wheat 0
367.4 312.8 489.7 337.6 483.0 370.7 360.7 345.9 wheat 0
500.7 152.6 614.2 200.6 597.2 240.8 483.7 192.9 wheat 0
562.8 107.2 626.9 188.0 597.3 211.5 533.2 130.7 wheat 0
576.7 159.6 633.0 207.0 610.3 234.0 554.0 186.6 wheat 0
786.1 72.7 841.8 159.5 810.0 179.9 754.3 93.1 wheat 0
768.1 142.6 859.4 192.5 844.1 220.5 752.7 170.6 wheat 0
856.7 101.6 906.2 135.4 885.9 165.1 836.5 131.2 wheat 0
690.3 33.5 746.7 45.0 740.7 74.6 684.2 63.2 wheat 0
571.8 18.6 615.7 55.6 593.7 81.6 549.9 44.7 wheat 0
727.6 210.9 666.7 236.6 655.3 209.6 716.2 183.8 wheat 0
511.7 295.6 604.0 304.9 601.5 330.3 509.2 321.0 wheat 0
418.8 38.6 492.3 100.6 473.7 122.6 400.2 60.7 wheat 0
251.3 20.5 311.8 32.8 305.7 62.6 245.2 50.3 wheat 0
214.5 96.8 265.7 176.6 235.5 196.0 184.3 116.1 wheat 0
52.4 42.0 128.2 65.5 120.7 89.6 44.9 66.2 wheat 0
86.5 24.4 177.7 24.4 177.7 53.6 86.5 53.6 wheat 0
338.6 433.4 409.7 506.6 376.7 538.7 305.5 465.5 wheat 0
963.1 839.6 996.7 905.6 960.5 924.0 926.9 858.0 wheat 0
676.6 690.0 747.7 690.0 747.7 717.6 676.6 717.6 wheat 0
912.0 747.1 958.3 838.1 917.2 859.0 870.9 768.0 wheat 0
928.2 638.8 1020.5 648.1 1016.7 685.6 924.5 676.4 wheat 0
704.7 582.6 750.7 591.9 746.1 614.8 700.1 605.5 wheat 0
734.7 622.0 802.7 622.0 802.7 643.6 734.7 643.6 wheat 0
735.8 584.9 808.7 592.2 805.6 622.9 732.7 615.6 wheat 0
789.2 524.8 787.7 575.6 737.6 574.2 739.1 523.4 wheat 0
756.7 552.6 842.7 570.0 835.1 607.8 749.1 590.4 wheat 0
821.7 516.6 886.1 560.6 866.8 588.9 802.4 544.9 wheat 0
620.7 708.6 538.9 716.8 535.7 685.8 617.6 677.6 wheat 0
304.4 652.2 352.7 672.6 336.7 710.6 288.3 690.1 wheat 0
74.7 656.0 150.7 656.0 150.7 685.6 74.7 685.6 wheat 0
95.8 570.9 218.7 583.2 214.6 623.9 91.7 611.6 wheat 0
158.7 568.0 257.7 568.0 257.7 611.6 158.7 611.6 wheat 0
277.7 521.6 269.4 585.9 229.2 580.7 237.6 516.4 wheat 0
856.7 260.6 896.6 264.6 894.1 289.1 854.3 285.1 wheat 0
822.7 991.6 877.7 991.6 877.7 1023.0 822.7 1023.0 wheat 0
170.7 571.9 70.0 582.0 67.7 559.6 168.5 549.5 wheat 0
5.6 651.0 72.7 651.0 72.7 682.6 5.6 682.6 wheat 0
399.0 564.5 434.2 571.6 427.9 602.7 392.7 595.6 wheat 0
568.3 999.1 491.7 1014.6 485.0 981.2 561.5 965.7 wheat 0
144.5 938.2 250.4 938.2 250.4 978.4 144.5 978.4 wheat 0
288.7 918.6 349.3 930.9 343.1 961.8 282.5 949.5 wheat 0
580.6 923.4 508.3 954.0 496.7 926.6 569.1 896.0 wheat 0
416.9 818.0 437.6 871.3 397.5 886.9 376.7 833.6 wheat 0
438.7 828.6 519.9 845.1 513.1 878.8 431.9 862.3 wheat 0
424.7 783.6 491.7 783.6 491.7 807.1 424.7 807.1 wheat 0
530.7 820.6 581.4 872.8 553.7 899.7 503.0 847.6 wheat 0
59.0 805.5 66.2 907.3 20.3 910.6 13.0 808.8 wheat 0
210.6 871.4 115.9 911.5 100.7 875.6 195.5 835.6 wheat 0
348.7 869.9 240.3 880.8 237.7 855.6 346.2 844.7 wheat 0
352.7 846.9 258.2 856.4 255.7 831.6 350.2 822.1 wheat 0
840.7 928.6 930.4 946.8 923.1 982.8 833.4 964.6 wheat 0
792.7 836.6 780.2 890.2 747.7 882.6 760.2 829.0 wheat 0
825.9 810.2 807.7 949.6 775.3 945.4 793.4 806.0 wheat 0
