976.3 611.2 1022.4 620.5 998.1 740.1 952.1 730.7 wheat 0
879.7 647.6 943.1 727.5 893.8 766.6 830.4 686.7 wheat 0
853.1 593.4 813.5 610.1 775.4 519.9 815.0 503.1 wheat 0
855.4 610.9 898.6 655.3 882.1 671.4 838.9 626.9 wheat 0
855.0 486.3 890.7 523.1 874.7 538.6 839.0 501.8 wheat 0
867.5 494.4 842.1 499.6 829.9 439.8 855.4 434.6 wheat 0
984.3 334.1 1022.2 360.0 965.7 442.6 927.8 416.7 wheat 0
624.4 941.5 651.7 969.6 603.8 1016.1 576.5 988.0 wheat 0
554.7 772.6 426.5 860.3 405.0 828.9 533.2 741.2 wheat 0
376.7 767.6 416.7 767.6 416.7 805.6 376.7 805.6 wheat 0
364.5 792.3 395.8 805.5 383.0 835.9 351.7 822.7 wheat 0
345.3 459.3 421.7 511.6 400.4 542.8 324.0 490.5 wheat 0
402.7 596.6 445.7 596.6 445.7 627.6 402.7 627.6 wheat 0
626.0 667.7 579.0 677.2 575.4 659.6 622.5 650.0 wheat 0
621.7 688.2 595.5 709.9 575.8 686.0 602.0 664.3 wheat 0
120.6 29.1 213.9 92.9 184.6 135.7 91.3 71.9 wheat 0
171.6 1.5 296.9 69.9 274.4 111.0 149.2 42.6 wheat 0
176.9 181.9 240.9 181.9 240.9 231.9 176.9 231.9 wheat 0
279.8 212.5 324.4 221.5 307.9 302.9 263.3 293.8 wheat 0
262.5 192.4 295.3 195.7 288.3 266.4 255.4 263.1 wheat 0
361.9 346.9 318.2 351.3 314.0 309.6 357.7 305.2 wheat 0
431.8 269.0 460.9 288.9 439.0 320.8 410.0 300.9 wheat 0
506.9 315.9 461.6 329.9 440.9 263.1 486.2 249.1 wheat 0
593.9 256.9 493.4 277.3 482.4 223.3 582.9 202.9 wheat 0
615.2 169.5 671.0 226.9 636.5 260.3 580.8 202.9 wheat 0
638.2 145.5 590.8 171.4 571.6 136.3 619.0 110.4 wheat 0
479.2 29.8 513.7 40.4 487.9 123.9 453.4 113.2 wheat 0
706.9 313.9 601.5 324.5 595.8 267.4 701.2 256.8 wheat 0
639.9 402.9 592.4 412.5 584.2 372.0 631.7 362.3 wheat 0
726.9 331.9 764.9 331.9 764.9 362.9 726.9 362.9 wheat 0
790.8 224.4 826.9 228.1 820.9 287.9 784.8 284.3 wheat 0
199.9 503.9 152.2 513.6 128.3 395.9 176.0 386.2 wheat 0
115.9 554.9 81.3 561.9 65.0 481.6 99.6 474.6 wheat 0
131.9 336.9 179.9 336.9 179.9 370.9 131.9 370.9 wheat 0
70.9 122.9 111.9 122.9 111.9 211.9 70.9 211.9 wheat 0
78.4 210.2 121.8 233.9 92.9 286.9 49.5 263.2 wheat 0
151.5 509.1 191.3 513.1 184.2 583.7 144.4 579.7 wheat 0
273.9 611.9 244.3 617.9 226.6 530.5 256.2 524.5 wheat 0
310.1 547.1 382.9 586.9 364.9 619.9 292.1 580.1 wheat 0
304.4 657.5 269.1 668.4 256.4 627.3 291.7 616.4 wheat 0
288.9 688.9 270.0 696.9 253.0 656.7 271.9 648.7 wheat 0
346.9 663.9 297.3 705.6 279.8 684.8 329.4 643.1 wheat 0
299.9 675.9 339.9 675.9 339.9 726.9 299.9 726.9 wheat 0
313.9 767.9 201.6 779.2 197.3 736.5 309.6 725.2 wheat 0
71.2 686.9 179.6 697.8 175.9 734.9 67.5 724.0 wheat 0
144.9 642.9 98.3 647.6 92.2 586.8 138.8 582.1 wheat 0
35.8 608.4 87.9 636.9 74.7 661.0 22.6 632.5 wheat 0
264.9 1000.9 241.2 1005.7 227.7 939.2 251.4 934.4 wheat 0
299.0 991.0 327.6 999.8 320.8 1021.8 292.2 1012.9 wheat 0
387.9 978.9 436.9 978.9 436.9 1022.9 387.9 1022.9 wheat 0
112.9 1016.9 60.4 1022.2 46.5 884.1 99.0 878.8 wheat 0
57.2 911.3 39.9 925.9 0.3 878.9 17.6 864.3 wheat 0
828.9 972.9 880.8 972.9 880.8 1023.0 828.9 1023.0 wheat 0
975.6 304.8 919.7 316.1 911.2 274.0 967.0 262.7 wheat 0
929.6 180.4 970.9 197.9 940.9 268.7 899.6 251.3 wheat 0
870.9 177.9 828.7 190.9 799.1 95.2 841.3 82.1 wheat 0
