990.7 901.5 944.7 926.6 823.1 703.9 869.1 678.8 wheat 0
783.9 776.1 705.7 856.6 669.8 821.8 748.0 741.2 wheat 0
828.7 815.8 794.9 819.2 788.8 758.5 822.6 755.1 wheat 0
846.7 614.6 878.7 614.6 878.7 645.6 846.7 645.6 wheat 0
893.9 599.9 949.2 630.1 930.5 664.3 875.2 634.1 wheat 0
1033.3 495.1 993.0 517.2 942.1 424.1 982.5 402.1 wheat 0
832.9 407.0 804.1 409.9 797.6 345.2 826.4 342.3 wheat 0
611.7 317.6 729.7 317.6 729.7 361.6 611.7 361.6 wheat 0
495.0 185.5 643.0 248.1 623.7 293.6 475.7 231.0 wheat 0
667.7 149.6 642.3 163.5 614.1 111.7 639.5 97.9 wheat 0
704.6 98.6 823.2 179.7 802.7 209.6 684.1 128.5 wheat 0
882.3 127.7 958.7 151.3 947.2 188.6 870.8 164.9 wheat 0
881.1 56.2 957.5 71.7 950.4 107.0 873.9 91.5 wheat 0
873.7 61.6 785.7 109.7 768.2 77.7 856.2 29.6 wheat 0
984.3 75.4 1025.6 103.7 1013.2 121.8 971.9 93.6 wheat 0
714.8 222.1 802.0 230.9 798.7 263.6 711.5 254.9 wheat 0
809.7 208.6 889.0 275.4 867.7 300.6 788.4 233.8 wheat 0
765.0 576.7 737.7 591.6 701.7 525.6 728.9 510.7 wheat 0
660.1 622.9 700.3 631.1 692.4 670.3 652.2 662.1 wheat 0
582.1 575.6 628.1 585.0 614.4 652.6 568.4 643.3 wheat 0
713.6 953.4 674.7 974.6 571.0 784.7 609.8 763.5 wheat 0
824.3 1001.7 788.0 1013.0 771.2 958.5 807.5 947.3 wheat 0
659.7 791.6 681.7 791.6 681.7 874.6 659.7 874.6 wheat 0
690.1 874.8 743.6 942.2 719.3 961.4 665.9 894.1 wheat 0
791.5 847.8 860.0 894.7 843.0 919.4 774.5 872.6 wheat 0
504.5 641.5 541.0 652.8 506.7 763.6 470.2 752.3 wheat 0
503.1 581.1 533.5 597.8 481.7 692.6 451.3 676.0 wheat 0
451.0 471.1 484.4 489.3 448.4 555.1 415.1 536.9 wheat 0
455.7 567.6 488.7 567.6 488.7 606.6 455.7 606.6 wheat 0
354.6 656.7 394.9 656.7 394.9 697.7 354.6 697.7 wheat 0
329.6 452.6 366.8 460.1 351.9 533.6 314.7 526.1 wheat 0
326.2 469.3 214.6 545.7 190.1 510.0 301.7 433.6 wheat 0
233.2 365.7 275.7 383.6 234.7 480.6 192.2 462.6 wheat 0
208.9 436.8 185.3 441.6 176.6 398.4 200.1 393.7 wheat 0
147.0 378.6 173.8 386.9 158.4 436.6 131.7 428.3 wheat 0
187.2 337.5 29.6 386.2 19.2 352.8 176.9 304.0 wheat 0
96.4 280.5 67.7 292.6 43.1 234.3 71.7 222.2 wheat 0
263.2 267.9 287.7 272.8 273.2 344.4 248.7 339.4 wheat 0
402.4 152.8 433.0 173.7 390.0 236.4 359.5 215.5 wheat 0
391.5 223.4 350.3 251.6 329.9 221.9 371.2 193.6 wheat 0
243.9 113.0 282.3 145.3 251.7 181.6 213.3 149.3 wheat 0
485.2 921.4 544.8 996.6 514.3 1020.8 454.6 945.6 wheat 0
294.7 985.6 256.8 989.4 240.6 827.6 278.5 823.8 wheat 0
257.2 1018.7 225.4 1021.9 214.2 910.5 246.1 907.3 wheat 0
213.3 809.6 176.5 813.3 169.2 740.6 206.0 737.0 wheat 0
96.7 820.6 137.7 820.6 137.7 899.6 96.7 899.6 wheat 0
36.2 472.7 135.7 556.6 108.3 589.1 8.8 505.3 wheat 0
610.6 449.7 672.5 492.1 657.8 513.5 595.9 471.2 wheat 0
114.7 1014.6 93.8 1023.5 63.8 952.5 84.7 943.7 wheat 0
76.7 610.6 17.9 642.7 4.2 617.5 63.0 585.4 wheat 0
619.0 404.1 671.5 420.3 663.5 446.1 611.0 429.9 wheat 0
772.7 861.6 750.2 877.0 725.8 841.4 748.4 826.0 wheat 0
121.0 957.6 147.8 965.9 132.4 1015.6 105.7 1007.3 wheat 0
211.5 985.6 185.7 996.5 160.0 935.7 185.8 924.8 wheat 0
566.2 1007.0 536.8 1012.9 523.3 946.3 552.7 940.3 wheat 0
622.7 48.0 553.1 55.0 548.8 12.2 618.4 5.2 wheat 0
59.1 4.1 124.6 48.9 107.7 73.6 42.2 28.8 wheat 0
704.9 397.0 755.8 412.8 744.7 448.6 693.8 432.9 wheat 0
1021.5 759.0 991.1 765.2 981.0 715.2 1011.4 709.0 wheat 0
465.2 266.4 396.6 280.3 392.2 258.8 460.9 244.9 wheat 0
602.1 650.3 645.3 673.9 618.7 722.6 575.5 699.0 wheat 0
