154.2 260.2 111.3 327.0 12.5 263.6 55.4 196.8 wheat 0
67.0 454.5 133.7 468.0 109.6 586.6 43.0 573.1 wheat 0
143.3 677.0 242.3 677.0 242.3 731.0 143.3 731.0 wheat 0
243.3 450.0 313.3 450.0 313.3 518.0 243.3 518.0 wheat 0
791.3 227.4 829.4 286.8 673.3 387.0 635.2 327.6 wheat 0
967.1 125.6 1005.6 185.6 824.3 302.0 785.8 242.0 wheat 0
917.4 255.0 967.0 270.4 905.3 470.1 855.6 454.7 wheat 0
803.7 447.1 985.8 465.3 979.9 524.0 797.8 505.8 wheat 0
830.6 55.4 888.3 61.1 880.0 143.7 822.3 137.9 wheat 0
976.5 39.0 1009.0 89.5 902.1 158.1 869.7 107.6 wheat 0
992.8 198.8 1023.4 230.3 935.9 315.3 905.2 283.8 wheat 0
517.2 753.5 576.9 759.5 559.5 932.6 499.8 926.6 wheat 0
320.2 698.0 383.7 724.8 286.3 955.0 222.8 928.2 wheat 0
156.9 859.8 112.3 916.0 17.2 840.6 61.9 784.4 wheat 0
759.9 859.5 695.4 886.7 646.7 771.6 711.2 744.3 wheat 0
754.8 766.9 900.0 866.3 863.9 919.1 718.6 819.8 wheat 0
929.5 802.0 850.2 818.1 830.1 719.1 909.5 703.0 wheat 0
