258.6 368.5 202.7 379.8 185.1 292.7 241.0 281.4 wheat 0
323.6 259.5 374.1 275.7 341.7 376.6 291.2 360.5 wheat 0
472.1 372.1 548.1 372.1 548.1 450.1 472.1 450.1 wheat 0
546.1 225.5 612.0 245.9 577.2 358.6 511.3 338.2 wheat 0
458.2 146.0 512.7 162.9 472.6 292.5 418.1 275.6 wheat 0
193.1 531.1 246.6 531.1 246.6 616.5 193.1 616.5 wheat 0
286.0 589.2 336.9 617.0 258.3 760.9 207.4 733.1 wheat 0
392.0 712.1 425.5 746.7 319.6 849.5 286.1 815.0 wheat 0
701.4 382.5 748.5 387.2 741.6 455.5 694.6 450.8 wheat 0
701.1 52.1 780.1 52.1 780.1 95.1 701.1 95.1 wheat 0
778.6 33.1 890.3 80.3 863.6 143.5 751.9 96.3 wheat 0
799.6 314.9 842.8 344.5 784.6 429.5 741.4 400.0 wheat 0
877.9 350.6 905.6 385.5 862.0 420.2 834.2 385.2 wheat 0
181.1 108.1 239.1 108.1 239.1 180.1 181.1 180.1 wheat 0
647.6 747.5 587.9 797.8 561.2 766.1 620.9 715.8 wheat 0
104.9 947.6 19.4 956.2 13.4 896.5 98.9 887.9 wheat 0
706.6 875.6 746.4 892.5 717.6 960.5 677.8 943.7 wheat 0
318.6 911.5 265.7 916.8 259.5 855.7 312.5 850.3 wheat 0
49.1 732.5 106.6 732.5 106.6 781.1 49.1 781.1 wheat 0
966.6 941.5 873.2 950.9 867.8 896.3 961.1 886.9 wheat 0
171.6 891.7 212.5 914.1 186.6 961.5 145.7 939.1 wheat 0
395.8 521.4 442.3 535.7 425.6 589.5 379.1 575.1 wheat 0
827.6 134.5 861.6 134.5 861.6 176.5 827.6 176.5 wheat 0
102.6 667.5 58.4 691.7 41.2 660.2 85.4 636.1 wheat 0
398.7 892.6 434.7 907.8 411.6 962.5 375.6 947.3 wheat 0
461.5 888.4 523.2 900.9 515.6 938.5 453.9 926.0 wheat 0
468.6 891.5 429.9 912.6 403.4 864.0 442.1 842.9 wheat 0
362.6 851.5 403.6 851.5 403.6 896.5 362.6 896.5 wheat 0
536.6 857.5 487.6 878.3 472.6 842.9 521.7 822.2 wheat 0
