447.0 768.0 548.4 810.8 530.4 853.2 429.1 810.4 wheat 0
709.0 676.6 757.8 726.8 738.4 745.6 689.7 695.4 wheat 0
708.6 872.7 677.0 889.9 658.8 856.6 690.4 839.3 wheat 0
895.7 728.6 965.7 728.6 965.7 766.6 895.7 766.6 wheat 0
750.7 860.6 793.7 860.6 793.7 885.6 750.7 885.6 wheat 0
526.0 917.4 498.6 922.9 489.4 877.9 516.9 872.3 wheat 0
332.7 859.6 298.6 874.0 256.0 773.3 290.1 758.9 wheat 0
210.1 838.2 173.7 853.6 126.0 740.6 162.4 725.2 wheat 0
173.7 618.6 207.7 618.6 207.7 699.6 173.7 699.6 wheat 0
119.5 582.6 44.1 597.9 36.9 562.6 112.4 547.3 wheat 0
256.7 411.6 330.7 411.6 330.7 449.6 256.7 449.6 wheat 0
463.7 398.8 356.4 472.2 329.8 433.4 437.1 360.0 wheat 0
473.5 226.9 524.5 237.2 515.9 279.4 465.0 269.0 wheat 0
578.1 279.3 550.7 284.8 539.4 229.0 566.8 223.4 wheat 0
410.7 199.7 478.9 228.5 462.7 266.6 394.6 237.8 wheat 0
275.2 216.1 359.9 251.9 346.3 284.1 261.6 248.3 wheat 0
257.9 139.8 290.6 173.4 267.7 195.6 235.1 162.0 wheat 0
266.9 355.8 232.5 366.5 226.6 347.4 261.0 336.7 wheat 0
76.7 341.6 54.3 343.9 52.0 320.4 74.4 318.1 wheat 0
66.7 381.6 94.7 381.6 94.7 408.6 66.7 408.6 wheat 0
758.5 479.8 700.7 552.6 678.3 534.8 736.1 461.9 wheat 0
736.7 486.6 694.6 509.6 677.3 477.9 719.4 454.9 wheat 0
972.7 422.6 903.5 470.0 883.1 440.2 952.4 392.9 wheat 0
924.7 605.6 963.7 605.6 963.7 636.6 924.7 636.6 wheat 0
920.7 198.6 995.2 230.2 985.7 252.6 911.2 221.1 wheat 0
784.7 66.6 700.7 102.1 692.9 83.7 776.9 48.1 wheat 0
668.1 155.5 622.7 212.6 598.6 193.5 644.0 136.4 wheat 0
529.7 100.6 584.7 100.6 584.7 137.6 529.7 137.6 wheat 0
538.0 42.2 602.4 62.1 591.7 96.6 527.3 76.7 wheat 0
373.7 4.6 441.7 4.6 441.7 49.6 373.7 49.6 wheat 0
358.7 642.6 384.7 642.6 384.7 678.6 358.7 678.6 wheat 0
793.9 346.9 759.6 365.6 748.6 345.4 782.8 326.7 wheat 0
841.7 99.6 893.7 99.6 893.7 128.6 841.7 128.6 wheat 0
955.7 18.6 900.2 105.1 878.2 90.9 933.7 4.5 wheat 0
41.0 788.8 68.7 797.4 49.5 859.4 21.8 850.9 wheat 0
11.7 897.6 79.7 897.6 79.7 939.6 11.7 939.6 wheat 0
252.3 718.5 175.0 760.7 159.2 731.7 236.4 689.5 wheat 0
873.7 1004.5 845.9 1019.7 815.5 964.1 843.3 948.9 wheat 0
381.9 872.2 361.3 876.4 354.6 843.0 375.1 838.9 wheat 0
499.3 450.0 468.9 462.8 447.1 411.3 477.5 398.4 wheat 0
