814.5 526.5 863.3 541.6 827.7 656.6 778.9 641.5 wheat 0
927.2 578.1 892.9 585.0 871.3 478.2 905.6 471.2 wheat 0
956.4 541.8 1023.9 562.7 1013.7 595.6 946.2 574.7 wheat 0
934.8 761.9 1022.0 779.6 1017.7 800.6 930.6 782.9 wheat 0
936.7 885.6 908.8 891.3 890.6 801.8 918.6 796.2 wheat 0
947.7 964.6 923.8 974.7 890.0 894.7 913.9 884.6 wheat 0
854.2 454.7 877.1 457.0 868.2 545.5 845.4 543.2 wheat 0
918.7 267.6 772.3 347.6 753.6 313.3 900.0 233.3 wheat 0
842.5 321.8 889.0 326.4 885.7 358.6 839.3 354.0 wheat 0
949.9 367.1 1024.0 382.1 1014.7 427.6 940.7 412.6 wheat 0
761.7 410.6 595.2 422.3 592.8 388.5 759.4 376.8 wheat 0
700.3 211.9 735.3 226.7 672.7 374.6 637.8 359.8 wheat 0
537.7 303.6 511.6 317.9 434.2 176.0 460.2 161.8 wheat 0
487.3 270.3 559.0 284.9 551.5 322.2 479.7 307.6 wheat 0
536.7 291.5 620.0 308.4 613.8 338.7 530.5 321.9 wheat 0
622.1 19.0 654.3 32.7 622.4 108.2 590.2 94.6 wheat 0
693.1 98.3 670.3 110.8 646.3 66.9 669.2 54.4 wheat 0
703.6 64.5 753.4 74.6 746.7 107.6 696.9 97.5 wheat 0
796.0 113.3 816.1 119.5 792.4 195.9 772.4 189.7 wheat 0
495.1 36.8 580.6 63.3 568.7 101.6 483.2 75.2 wheat 0
346.5 205.9 210.9 219.6 206.1 172.2 341.7 158.6 wheat 0
285.9 78.5 310.9 104.2 243.2 170.0 218.2 144.3 wheat 0
408.4 185.3 432.9 205.9 389.1 257.9 364.6 237.3 wheat 0
536.5 590.1 668.1 661.9 644.7 704.6 513.2 632.7 wheat 0
402.7 637.6 535.7 637.6 535.7 688.6 402.7 688.6 wheat 0
484.2 678.8 556.9 740.0 536.3 764.5 463.6 703.3 wheat 0
361.9 555.2 472.8 631.0 447.7 667.6 336.9 591.8 wheat 0
348.3 621.0 421.9 628.4 419.2 656.2 345.5 648.9 wheat 0
455.7 598.6 396.8 604.5 377.5 412.1 436.4 406.2 wheat 0
410.9 535.0 241.8 552.0 236.6 500.2 405.7 483.3 wheat 0
299.2 513.2 340.7 535.9 244.7 711.6 203.2 688.9 wheat 0
351.7 696.6 221.3 737.0 207.6 692.7 338.0 652.3 wheat 0
121.7 843.6 68.4 866.2 36.3 790.3 89.6 767.7 wheat 0
209.7 839.6 61.1 941.3 37.8 907.3 186.5 805.6 wheat 0
278.3 794.7 295.7 812.7 154.7 949.6 137.3 931.6 wheat 0
315.7 867.6 270.4 892.4 254.2 862.7 299.5 838.0 wheat 0
428.2 839.4 337.7 915.6 313.3 886.6 403.8 810.4 wheat 0
411.7 911.6 380.6 932.9 361.1 904.6 392.3 883.2 wheat 0
402.7 921.5 427.6 924.0 423.7 962.8 398.9 960.3 wheat 0
371.8 1018.3 347.9 1020.7 341.7 958.0 365.5 955.6 wheat 0
504.1 473.3 527.7 497.6 461.4 562.0 437.8 537.7 wheat 0
322.7 420.6 294.4 436.1 220.5 300.8 248.8 285.3 wheat 0
283.7 480.6 248.9 499.7 196.2 403.3 231.1 384.3 wheat 0
348.7 220.6 368.6 245.7 320.8 283.6 300.9 258.5 wheat 0
375.6 304.9 323.1 321.1 314.8 294.4 367.4 278.1 wheat 0
363.1 260.2 418.4 290.4 405.4 314.1 350.1 283.9 wheat 0
110.9 314.8 130.7 345.6 37.3 405.6 17.5 374.8 wheat 0
143.7 255.6 43.2 340.3 5.7 295.7 106.2 211.0 wheat 0
90.7 42.6 225.7 42.6 225.7 75.6 90.7 75.6 wheat 0
592.8 179.3 654.2 212.9 642.7 233.9 581.3 200.4 wheat 0
356.0 5.6 379.9 8.0 373.5 71.7 349.6 69.3 wheat 0
