692.0 545.6 591.7 555.6 585.1 489.4 685.4 479.4 wheat 0
771.5 624.9 848.9 648.8 832.9 700.4 755.6 676.4 wheat 0
545.7 516.6 592.7 516.6 592.7 589.6 545.7 589.6 wheat 0
484.1 540.7 564.9 548.8 554.7 650.6 473.9 642.5 wheat 0
593.7 660.6 536.7 732.5 495.6 699.8 552.6 628.0 wheat 0
782.7 717.6 729.8 734.0 700.5 639.3 753.4 622.9 wheat 0
751.5 689.3 806.1 712.3 768.7 800.6 714.2 777.5 wheat 0
1023.7 732.6 885.2 775.5 869.1 723.1 1007.5 680.3 wheat 0
903.8 795.1 948.0 808.8 913.7 919.6 869.5 905.9 wheat 0
676.2 893.8 745.7 900.8 740.7 950.6 671.2 943.6 wheat 0
794.7 947.6 739.0 978.1 717.1 938.1 772.9 907.6 wheat 0
655.4 940.2 763.2 962.1 752.1 1017.0 644.3 995.1 wheat 0
485.7 859.6 540.7 859.6 540.7 928.6 485.7 928.6 wheat 0
382.3 761.7 424.1 765.9 415.1 855.5 373.3 851.3 wheat 0
330.1 634.5 363.4 676.4 312.7 716.6 279.5 674.7 wheat 0
404.4 719.5 344.7 794.6 291.5 752.3 351.1 677.2 wheat 0
286.5 774.7 118.7 845.6 96.9 793.9 264.7 723.0 wheat 0
466.7 597.6 346.9 663.1 314.8 604.5 434.7 539.0 wheat 0
287.2 518.0 325.0 534.0 301.2 590.2 263.5 574.2 wheat 0
230.7 536.6 269.7 536.6 269.7 595.6 230.7 595.6 wheat 0
245.7 466.6 159.7 513.6 136.5 471.0 222.5 424.1 wheat 0
160.3 500.3 75.7 508.8 72.2 473.9 156.8 465.5 wheat 0
51.7 566.6 159.7 566.6 159.7 605.6 51.7 605.6 wheat 0
228.0 620.7 81.0 701.1 54.7 652.9 201.7 572.6 wheat 0
186.7 623.6 253.7 623.6 253.7 662.6 186.7 662.6 wheat 0
185.7 697.6 54.6 769.2 29.6 723.4 160.7 651.8 wheat 0
69.4 734.2 128.8 746.2 87.7 948.6 28.4 936.6 wheat 0
183.0 704.8 216.5 715.1 159.4 899.5 126.0 889.1 wheat 0
948.9 559.1 992.0 567.9 974.6 654.1 931.4 645.4 wheat 0
904.1 513.8 872.3 517.0 863.3 427.4 895.2 424.2 wheat 0
926.7 380.6 894.2 387.2 884.8 341.0 917.4 334.4 wheat 0
920.9 204.4 994.7 266.6 965.2 301.7 891.3 239.4 wheat 0
991.0 119.9 1019.2 149.0 954.7 211.6 926.5 182.5 wheat 0
982.7 92.6 840.4 121.5 828.4 62.3 970.7 33.4 wheat 0
975.2 6.3 1014.4 14.3 1000.3 83.9 961.1 75.9 wheat 0
695.6 109.9 567.1 164.2 549.2 122.0 677.7 67.6 wheat 0
375.7 49.0 218.2 156.8 189.2 114.4 346.7 6.6 wheat 0
281.7 177.6 158.5 202.6 151.3 166.9 274.5 141.9 wheat 0
1.7 33.6 109.7 33.6 109.7 91.6 1.7 91.6 wheat 0
