976.7 38.6 804.0 55.9 800.1 17.4 972.9 0.0 wheat 0
631.3 61.3 758.7 74.1 754.2 118.9 626.8 106.1 wheat 0
1023.7 101.6 863.9 134.0 855.7 93.6 1015.5 61.2 wheat 0
624.8 101.9 541.0 137.4 531.7 115.3 615.5 79.8 wheat 0
941.7 162.6 773.7 214.6 762.9 179.6 930.9 127.6 wheat 0
920.0 122.8 997.6 130.6 993.5 171.4 915.9 163.6 wheat 0
939.7 217.6 802.1 275.8 781.5 227.1 919.1 168.9 wheat 0
1022.7 280.6 853.9 297.6 848.7 245.6 1017.5 228.6 wheat 0
1022.7 233.6 976.4 243.0 969.6 209.8 1016.0 200.4 wheat 0
827.1 337.7 732.6 347.2 727.4 295.5 821.9 286.0 wheat 0
709.2 312.1 741.1 315.3 738.3 343.1 706.4 339.9 wheat 0
701.7 252.6 582.9 276.7 571.2 218.9 690.0 194.8 wheat 0
771.0 137.7 684.4 197.0 663.5 166.5 750.1 107.2 wheat 0
366.7 101.6 444.7 101.6 444.7 133.6 366.7 133.6 wheat 0
438.1 84.7 478.9 119.0 465.7 134.6 425.0 100.3 wheat 0
484.7 143.6 445.5 176.7 422.8 149.7 462.1 116.7 wheat 0
437.7 187.6 398.0 204.4 381.4 165.1 421.1 148.3 wheat 0
490.7 250.6 389.4 306.0 361.8 255.5 463.2 200.1 wheat 0
452.0 227.6 508.5 258.4 459.7 347.6 403.3 316.8 wheat 0
810.2 412.9 985.8 467.2 967.7 525.6 792.2 471.3 wheat 0
850.9 406.4 1004.2 453.9 993.7 487.6 840.5 440.2 wheat 0
737.1 459.7 826.8 487.5 814.7 526.6 725.0 498.8 wheat 0
871.7 518.6 741.5 573.7 721.4 526.1 851.6 471.0 wheat 0
588.7 543.6 695.7 543.6 695.7 581.6 588.7 581.6 wheat 0
697.8 468.2 590.0 490.0 579.7 439.1 687.5 417.2 wheat 0
629.0 244.2 733.9 254.7 729.7 296.6 624.8 286.1 wheat 0
521.2 276.6 623.7 286.9 619.3 330.6 516.8 320.4 wheat 0
557.5 572.7 661.0 616.5 645.7 652.6 542.2 608.8 wheat 0
658.1 685.7 816.6 695.2 813.7 742.6 655.3 733.1 wheat 0
462.4 538.0 513.4 548.3 503.1 599.3 452.1 588.9 wheat 0
530.8 613.4 593.5 677.9 557.7 712.6 495.1 648.1 wheat 0
479.7 723.6 626.7 723.6 626.7 765.6 479.7 765.6 wheat 0
773.7 805.6 649.7 818.1 645.6 776.6 769.6 764.2 wheat 0
869.7 848.6 722.6 863.4 717.6 813.3 864.7 798.6 wheat 0
920.3 807.2 1014.1 826.3 1004.7 872.6 910.9 853.6 wheat 0
917.0 874.7 753.6 925.3 739.0 877.9 902.4 827.4 wheat 0
786.3 897.7 905.2 948.0 889.7 984.6 770.8 934.3 wheat 0
923.1 964.0 1011.3 981.9 1004.4 1016.2 916.2 998.3 wheat 0
860.1 870.4 895.3 900.1 875.3 923.8 840.2 894.2 wheat 0
707.5 969.9 614.9 979.2 611.0 940.4 703.6 931.1 wheat 0
568.7 940.6 671.9 984.3 655.6 1023.0 552.4 979.4 wheat 0
530.1 976.3 466.4 982.7 463.4 952.9 527.1 946.5 wheat 0
488.7 976.7 597.3 987.6 593.7 1023.6 485.1 1012.7 wheat 0
540.7 847.6 454.1 894.9 431.8 854.1 518.4 806.8 wheat 0
358.7 941.6 306.6 977.3 258.6 907.1 310.7 871.4 wheat 0
367.8 775.2 332.3 799.5 304.7 759.0 340.1 734.8 wheat 0
311.7 683.6 265.4 703.2 242.2 648.5 288.6 628.9 wheat 0
130.8 710.1 186.3 756.9 158.7 789.6 103.2 742.9 wheat 0
124.7 619.6 55.5 641.0 43.5 602.5 112.8 581.1 wheat 0
173.2 415.5 86.6 452.1 68.3 408.8 154.9 372.2 wheat 0
181.3 342.2 227.4 361.7 214.1 393.0 168.1 373.5 wheat 0
278.8 232.4 198.9 276.0 179.7 240.9 259.6 197.2 wheat 0
339.9 227.0 370.3 239.8 342.6 305.2 312.2 292.4 wheat 0
215.9 1.4 241.1 22.7 200.6 70.8 175.3 49.6 wheat 0
20.7 91.6 68.7 91.6 68.7 141.6 20.7 141.6 wheat 0
471.2 5.3 491.8 19.4 461.3 64.0 440.7 49.8 wheat 0
321.1 -2.4 345.0 7.8 324.4 56.6 300.4 46.5 wheat 0
