450.3 166.0 499.3 166.0 499.3 285.0 450.3 285.0 wheat 0
174.1 75.9 293.4 141.1 266.6 190.2 147.2 125.0 wheat 0
266.3 45.0 329.3 45.0 329.3 159.0 266.3 159.0 wheat 0
91.5 127.4 152.7 146.3 115.1 267.7 54.0 248.7 wheat 0
198.7 269.0 103.1 298.5 86.0 243.1 181.5 213.6 wheat 0
346.0 524.1 302.1 569.3 229.6 499.0 273.5 453.8 wheat 0
373.7 493.0 457.3 501.4 451.0 564.1 367.4 555.7 wheat 0
616.3 448.0 690.3 448.0 690.3 561.0 616.3 561.0 wheat 0
669.2 427.6 604.5 440.7 587.4 356.5 652.1 343.3 wheat 0
750.3 263.0 811.3 263.0 811.3 365.0 750.3 365.0 wheat 0
852.3 183.5 1019.4 254.2 995.3 311.0 828.2 240.4 wheat 0
914.5 82.9 968.0 99.4 940.2 189.2 886.7 172.7 wheat 0
96.3 561.0 263.3 561.0 263.3 627.0 96.3 627.0 wheat 0
153.0 736.8 31.6 749.0 25.7 690.3 147.1 678.1 wheat 0
142.3 741.0 201.3 741.0 201.3 796.0 142.3 796.0 wheat 0
370.1 970.5 307.8 1004.6 233.5 868.5 295.8 834.5 wheat 0
769.7 759.4 893.5 844.1 863.0 888.7 739.2 804.0 wheat 0
