532.7 287.7 648.4 311.1 638.7 358.6 523.1 335.2 wheat 0
331.7 683.6 396.7 683.6 396.7 738.6 331.7 738.6 wheat 0
506.7 739.6 415.1 789.7 384.3 733.5 476.0 683.4 wheat 0
560.5 678.7 591.9 705.1 551.9 752.5 520.6 726.1 wheat 0
795.9 855.6 766.7 885.6 711.2 831.7 740.4 801.7 wheat 0
857.6 593.3 911.9 616.3 860.9 736.9 806.6 714.0 wheat 0
956.7 655.6 1017.7 655.6 1017.7 699.6 956.7 699.6 wheat 0
1021.7 808.6 950.8 847.4 929.6 808.5 1000.5 769.8 wheat 0
763.7 694.6 814.7 694.6 814.7 743.6 763.7 743.6 wheat 0
888.9 748.0 854.1 783.9 822.5 753.2 857.4 717.4 wheat 0
974.7 474.6 950.1 495.3 935.3 477.7 959.9 457.0 wheat 0
983.5 295.0 1017.4 318.1 1004.9 336.3 971.1 313.1 wheat 0
979.7 325.6 1001.7 325.6 1001.7 351.6 979.7 351.6 wheat 0
831.7 259.0 793.5 270.8 783.8 239.3 822.0 227.4 wheat 0
947.8 84.6 996.8 125.8 971.6 155.6 922.7 114.4 wheat 0
669.7 158.6 567.9 214.3 542.3 167.6 644.2 111.9 wheat 0
690.0 50.8 730.5 67.9 693.5 155.4 653.0 138.3 wheat 0
452.7 83.6 420.9 105.4 391.3 62.2 423.2 40.4 wheat 0
486.7 142.6 518.7 169.6 484.0 210.9 452.0 183.9 wheat 0
338.1 309.8 249.7 318.6 244.9 270.1 333.2 261.2 wheat 0
188.4 261.5 108.6 269.5 102.9 212.6 182.7 204.6 wheat 0
219.7 468.4 93.7 521.6 71.3 468.6 197.3 415.4 wheat 0
177.7 685.6 87.0 713.7 71.7 664.2 162.4 636.2 wheat 0
298.7 678.6 259.0 719.5 229.3 690.7 269.1 649.8 wheat 0
569.7 988.5 526.6 997.2 511.7 923.7 554.8 915.0 wheat 0
593.7 252.6 647.7 252.6 647.7 285.6 593.7 285.6 wheat 0
48.5 763.5 11.3 771.1 4.9 739.7 42.2 732.2 wheat 0
1.7 95.6 47.7 95.6 47.7 143.6 1.7 143.6 wheat 0
