49.9 171.6 89.5 188.3 46.6 289.6 7.0 272.9 wheat 0
55.1 66.4 104.8 87.4 62.4 187.8 12.6 166.8 wheat 0
0.7 133.6 39.7 133.6 39.7 234.6 0.7 234.6 wheat 0
69.0 260.2 115.1 269.6 89.5 396.0 43.4 386.7 wheat 0
94.4 566.4 47.6 591.9 7.1 517.7 53.8 492.1 wheat 0
191.9 753.8 227.9 769.1 180.7 880.6 144.7 865.4 wheat 0
244.7 766.6 151.1 845.5 130.1 820.7 223.8 741.8 wheat 0
364.1 771.4 400.0 786.6 384.7 822.6 348.9 807.5 wheat 0
402.7 794.8 482.3 802.7 476.7 858.5 397.1 850.5 wheat 0
503.0 798.7 556.7 809.6 539.2 896.4 485.4 885.5 wheat 0
633.7 976.6 589.4 1022.3 555.8 989.6 600.1 944.0 wheat 0
728.7 787.6 814.7 787.6 814.7 827.6 728.7 827.6 wheat 0
520.8 499.3 555.8 518.4 515.7 591.6 480.8 572.5 wheat 0
772.7 684.6 671.6 739.8 651.0 702.2 752.1 646.9 wheat 0
948.7 736.6 890.9 754.5 883.0 729.1 940.9 711.2 wheat 0
942.3 738.8 1003.3 751.1 994.7 793.6 933.7 781.2 wheat 0
643.7 544.6 744.7 544.6 744.7 581.6 643.7 581.6 wheat 0
842.7 505.6 732.0 566.1 705.4 517.5 816.2 457.0 wheat 0
801.7 303.6 711.3 353.0 681.1 297.7 771.5 248.3 wheat 0
812.7 212.6 722.6 288.6 702.0 264.2 792.2 188.3 wheat 0
628.7 244.6 559.0 303.3 524.5 262.4 594.2 203.7 wheat 0
342.3 150.8 374.5 172.8 315.7 258.6 283.5 236.6 wheat 0
302.5 219.6 325.5 243.2 283.9 283.7 260.9 260.0 wheat 0
391.0 411.7 425.1 430.3 381.7 509.6 347.6 491.0 wheat 0
454.7 73.1 473.8 86.2 429.7 150.6 410.6 137.5 wheat 0
369.5 22.4 401.6 44.3 350.7 118.6 318.7 96.7 wheat 0
402.0 90.2 378.1 92.6 369.5 6.0 393.3 3.6 wheat 0
751.8 111.4 790.8 138.1 724.7 234.6 685.8 208.0 wheat 0
993.8 614.6 923.8 644.2 911.7 615.6 981.7 586.0 wheat 0
1003.6 647.7 941.9 673.8 932.9 652.6 994.6 626.5 wheat 0
984.1 111.9 1022.3 123.7 982.7 251.6 944.5 239.8 wheat 0
328.9 688.5 288.7 700.9 276.6 661.7 316.7 649.3 wheat 0
602.9 1.0 645.1 9.6 631.6 76.2 589.4 67.7 wheat 0
327.1 103.9 355.7 112.8 332.4 188.3 303.7 179.4 wheat 0
476.6 477.2 516.1 498.8 468.7 585.6 429.2 564.0 wheat 0
