676.1 767.5 622.9 772.8 609.4 638.6 662.6 633.3 wheat 0
689.1 828.5 745.1 828.5 745.1 875.5 689.1 875.5 wheat 0
923.5 962.6 858.2 982.8 795.7 780.7 860.9 760.5 wheat 0
733.4 721.3 779.7 725.9 775.1 772.5 728.8 767.9 wheat 0
942.7 568.8 1023.1 636.5 990.6 675.1 910.2 607.4 wheat 0
668.5 546.7 781.1 569.5 771.7 615.9 659.1 593.1 wheat 0
891.0 461.0 930.3 494.0 870.1 565.5 830.8 532.4 wheat 0
771.0 408.8 809.1 448.0 757.1 498.5 719.0 459.3 wheat 0
845.8 321.4 899.7 332.3 883.1 414.5 829.1 403.6 wheat 0
911.2 317.4 1023.1 378.5 1002.7 415.8 890.9 354.7 wheat 0
916.2 392.6 973.1 431.5 946.5 470.3 889.7 431.4 wheat 0
619.1 345.5 562.6 369.4 534.3 302.5 590.8 278.6 wheat 0
762.1 188.5 679.5 205.2 667.7 147.1 750.3 130.3 wheat 0
932.1 157.5 818.6 168.9 813.6 119.1 927.1 107.8 wheat 0
871.6 8.2 900.8 38.3 847.1 90.5 817.8 60.4 wheat 0
733.1 11.5 793.1 11.5 793.1 75.5 733.1 75.5 wheat 0
401.1 63.5 449.1 63.5 449.1 128.5 401.1 128.5 wheat 0
406.4 270.9 447.1 293.1 408.1 364.5 367.4 342.3 wheat 0
370.4 202.0 411.5 224.5 342.1 351.5 301.0 329.1 wheat 0
261.1 376.5 221.5 388.7 194.1 300.3 233.7 288.0 wheat 0
139.5 443.4 187.9 476.5 144.1 540.5 95.7 507.4 wheat 0
239.4 484.2 279.2 525.2 182.1 619.5 142.3 578.6 wheat 0
377.1 610.5 287.1 619.5 281.3 561.6 371.2 552.5 wheat 0
319.1 469.5 267.3 485.5 252.4 437.4 304.2 421.4 wheat 0
441.1 398.5 511.1 398.5 511.1 448.5 441.1 448.5 wheat 0
532.1 607.5 477.2 630.7 451.0 568.7 505.9 545.5 wheat 0
614.2 483.0 662.3 523.6 616.1 578.5 567.9 538.0 wheat 0
462.1 660.5 400.7 712.2 373.5 680.0 434.9 628.3 wheat 0
503.1 701.5 437.1 708.1 432.7 663.3 498.6 656.7 wheat 0
384.1 758.5 357.3 792.2 301.2 747.6 327.9 714.0 wheat 0
394.1 836.5 352.2 849.4 330.5 779.1 372.3 766.1 wheat 0
257.3 787.7 303.9 827.0 209.1 939.5 162.5 900.3 wheat 0
377.1 944.5 344.3 978.3 269.3 905.5 302.1 871.7 wheat 0
408.9 968.9 337.4 983.4 330.2 948.1 401.8 933.6 wheat 0
77.1 911.5 133.1 911.5 133.1 983.5 77.1 983.5 wheat 0
0.0 624.5 48.1 624.5 48.1 759.5 0.0 759.5 wheat 0
77.1 180.5 164.3 189.2 160.1 231.5 72.9 222.8 wheat 0
199.1 180.2 135.4 186.6 131.0 142.8 194.7 136.4 wheat 0
98.1 123.5 13.9 132.0 9.0 83.7 93.2 75.3 wheat 0
84.4 20.6 133.0 30.5 124.1 74.5 75.4 64.7 wheat 0
0.0 835.5 64.1 835.5 64.1 963.5 0.0 963.5 wheat 0
604.1 740.5 566.1 748.2 557.8 707.2 595.7 699.5 wheat 0
