596.6 757.5 816.7 825.6 803.8 867.5 583.6 799.4 wheat 0
1004.7 951.6 964.7 955.6 950.3 811.9 990.3 807.9 wheat 0
527.7 982.6 485.5 991.2 467.1 900.2 509.3 891.6 wheat 0
327.7 759.6 374.7 759.6 374.7 931.6 327.7 931.6 wheat 0
383.6 764.8 415.0 781.9 380.7 844.6 349.3 827.5 wheat 0
331.2 958.7 358.6 967.2 341.1 1023.9 313.6 1015.4 wheat 0
296.0 592.2 340.9 616.7 226.7 825.6 181.9 801.1 wheat 0
141.6 831.1 84.6 870.0 64.9 841.2 121.8 802.2 wheat 0
482.4 501.3 412.3 549.2 384.0 508.0 454.2 460.0 wheat 0
369.0 539.5 416.5 544.3 403.7 671.6 356.2 666.8 wheat 0
489.3 601.7 530.1 605.8 523.1 675.5 482.3 671.4 wheat 0
610.5 322.3 514.7 374.6 488.1 325.8 583.9 273.5 wheat 0
606.4 307.0 640.8 317.7 631.1 349.2 596.7 338.6 wheat 0
492.7 342.6 325.0 394.5 308.3 340.5 476.0 288.6 wheat 0
350.0 369.0 399.8 390.1 327.7 560.6 277.9 539.6 wheat 0
414.7 103.6 368.6 113.0 357.9 60.2 404.0 50.9 wheat 0
603.4 32.8 560.6 37.1 557.1 2.2 599.9 -2.1 wheat 0
457.8 244.7 436.2 266.9 394.6 226.5 416.2 204.3 wheat 0
555.2 484.2 581.0 492.2 573.3 517.0 547.5 509.0 wheat 0
