808.1 509.5 680.2 522.3 671.1 431.8 799.0 419.0 wheat 0
490.5 386.3 610.1 410.5 596.4 478.0 476.8 453.8 wheat 0
705.1 347.5 595.8 369.7 584.9 315.9 694.2 293.7 wheat 0
900.7 287.5 807.1 316.5 793.6 273.1 887.3 244.1 wheat 0
853.3 174.1 983.2 214.2 962.1 282.5 832.2 242.3 wheat 0
921.0 302.4 987.6 322.9 970.1 379.5 903.5 358.9 wheat 0
959.1 533.5 1023.0 533.5 1023.0 599.5 959.1 599.5 wheat 0
968.1 740.5 926.5 758.1 890.1 672.0 931.7 654.4 wheat 0
874.1 784.5 840.7 802.7 810.9 748.2 844.3 730.0 wheat 0
957.9 840.6 864.1 850.0 860.3 811.9 954.1 802.5 wheat 0
815.1 901.5 761.5 912.4 748.1 846.3 801.7 835.5 wheat 0
813.5 895.0 947.1 951.5 919.7 1016.3 786.1 959.9 wheat 0
807.1 1018.5 756.7 1023.6 747.9 935.3 798.2 930.2 wheat 0
488.4 709.3 562.1 749.5 541.8 786.5 468.2 746.3 wheat 0
278.1 907.5 229.1 928.2 194.5 846.4 243.5 825.7 wheat 0
245.5 777.1 360.1 825.5 338.6 876.2 224.1 827.8 wheat 0
375.1 825.5 334.9 853.0 294.7 794.3 334.9 766.8 wheat 0
6.7 961.5 59.1 961.5 59.1 1024.0 6.7 1024.0 wheat 0
37.3 652.3 106.8 659.3 99.1 736.5 29.5 729.5 wheat 0
261.1 518.5 215.6 523.1 210.5 471.3 255.9 466.8 wheat 0
391.1 466.5 311.2 474.5 305.4 416.2 385.2 408.2 wheat 0
607.1 511.5 528.7 519.4 524.2 474.1 602.5 466.2 wheat 0
442.1 293.5 380.1 345.7 345.9 305.1 407.9 252.9 wheat 0
465.4 215.6 514.4 242.4 493.1 281.5 444.0 254.7 wheat 0
393.2 292.4 484.1 301.5 478.5 356.7 387.7 347.6 wheat 0
399.1 173.5 307.6 201.8 293.6 156.4 385.0 128.1 wheat 0
472.1 77.5 346.7 116.3 330.8 65.0 456.2 26.2 wheat 0
369.4 79.9 311.1 104.5 283.0 38.1 341.3 13.5 wheat 0
233.1 127.5 174.5 167.6 152.4 135.3 211.0 95.2 wheat 0
174.1 177.5 130.6 195.9 110.3 147.9 153.8 129.5 wheat 0
131.1 213.5 46.3 284.9 13.3 245.7 98.1 174.4 wheat 0
0.0 0.2 66.1 0.2 66.1 83.5 0.0 83.5 wheat 0
