384.1 165.6 463.9 209.2 437.6 257.5 357.7 213.9 wheat 0
490.1 324.4 419.0 363.2 393.6 316.7 464.7 277.9 wheat 0
567.7 340.0 510.0 345.8 505.0 296.1 562.7 290.3 wheat 0
281.6 361.7 355.5 384.5 342.3 427.0 268.5 404.2 wheat 0
439.2 656.6 376.2 676.1 353.4 602.5 416.5 583.0 wheat 0
515.3 737.1 457.4 748.8 436.4 645.0 494.2 633.2 wheat 0
531.1 869.8 443.4 917.7 417.5 870.3 505.3 822.4 wheat 0
599.0 888.8 639.0 930.0 549.3 1017.0 509.4 975.9 wheat 0
478.3 895.8 527.0 900.7 517.4 997.2 468.6 992.4 wheat 0
655.0 918.4 710.7 975.8 667.7 1017.6 611.9 960.2 wheat 0
728.9 740.7 772.6 770.7 716.7 852.4 673.0 822.4 wheat 0
845.5 879.8 810.3 916.0 720.1 828.4 755.3 792.2 wheat 0
698.3 860.0 742.3 860.0 742.3 915.0 698.3 915.0 wheat 0
920.4 846.6 865.1 876.8 815.2 785.5 870.5 755.3 wheat 0
1004.3 745.7 971.3 797.0 876.4 736.1 909.3 684.8 wheat 0
1005.3 899.0 885.3 964.6 855.5 910.1 975.5 844.5 wheat 0
909.5 541.7 1017.9 552.6 1012.2 610.3 903.7 599.5 wheat 0
918.6 540.0 862.4 563.7 821.1 466.1 877.3 442.3 wheat 0
697.3 500.0 789.3 500.0 789.3 566.0 697.3 566.0 wheat 0
753.3 103.0 817.3 103.0 817.3 217.0 753.3 217.0 wheat 0
972.0 190.1 1021.7 205.5 998.6 280.0 949.0 264.6 wheat 0
446.3 0.0 523.3 0.0 523.3 94.0 446.3 94.0 wheat 0
625.9 -5.0 711.2 12.3 699.7 69.1 614.4 51.8 wheat 0
374.3 28.3 451.9 36.1 446.4 90.8 368.8 83.0 wheat 0
74.3 480.0 135.3 480.0 135.3 569.0 74.3 569.0 wheat 0
186.4 698.3 125.8 731.4 69.3 627.8 129.8 594.7 wheat 0
158.8 554.1 232.4 576.9 212.8 639.9 139.3 617.2 wheat 0
229.3 381.0 285.3 381.0 285.3 461.0 229.3 461.0 wheat 0
