552.6 829.5 478.6 836.9 460.3 654.9 534.4 647.5 wheat 0
542.1 608.6 692.6 711.5 650.4 773.3 499.9 670.3 wheat 0
671.6 621.4 755.9 629.8 743.6 752.5 659.3 744.0 wheat 0
634.6 614.5 552.5 639.9 488.4 432.9 570.6 407.5 wheat 0
422.6 354.5 486.6 354.5 486.6 530.5 422.6 530.5 wheat 0
343.6 256.5 415.6 256.5 415.6 362.5 343.6 362.5 wheat 0
810.6 185.0 879.0 222.4 798.6 369.5 730.2 332.2 wheat 0
870.5 204.1 982.4 215.3 973.6 302.5 861.8 291.3 wheat 0
921.6 64.5 996.6 64.5 996.6 131.5 921.6 131.5 wheat 0
661.4 288.0 736.1 351.0 682.6 414.5 607.8 351.5 wheat 0
835.6 428.5 691.7 442.9 683.6 361.5 827.4 347.0 wheat 0
186.6 544.5 114.8 559.1 95.2 462.3 167.0 447.7 wheat 0
1023.0 577.2 957.5 597.5 927.3 499.9 992.8 479.7 wheat 0
271.6 604.5 205.2 640.8 171.8 579.8 238.3 543.5 wheat 0
195.0 476.3 249.6 513.6 158.6 646.5 104.1 609.2 wheat 0
111.6 348.5 65.7 395.7 0.9 332.8 46.8 285.6 wheat 0
