786.2 875.8 751.7 894.6 658.6 724.1 693.1 705.3 wheat 0
959.2 908.2 990.0 911.3 983.3 978.0 952.5 974.9 wheat 0
517.7 582.5 479.9 586.3 471.7 504.7 509.5 500.9 wheat 0
414.1 509.5 457.9 513.9 455.3 539.7 411.5 535.4 wheat 0
680.2 452.5 653.9 466.9 623.2 410.7 649.6 396.3 wheat 0
519.8 241.1 594.6 272.7 580.7 305.6 505.9 274.0 wheat 0
497.2 269.1 527.9 285.9 497.3 342.1 466.5 325.3 wheat 0
546.6 341.5 509.4 349.1 502.8 316.7 540.1 309.2 wheat 0
606.7 322.6 637.7 322.6 637.7 353.6 606.7 353.6 wheat 0
899.9 339.2 986.1 356.7 979.6 389.0 893.3 371.5 wheat 0
879.2 451.0 953.1 527.1 923.7 555.6 849.8 479.5 wheat 0
929.5 986.3 881.6 1006.6 869.9 978.9 917.8 958.7 wheat 0
500.2 874.3 449.7 895.6 429.8 848.5 480.3 827.2 wheat 0
572.0 907.8 512.1 933.1 500.5 905.5 560.3 880.1 wheat 0
464.5 1016.6 365.0 1026.6 362.9 1005.7 462.4 995.7 wheat 0
106.9 770.3 36.7 842.6 1.7 808.6 71.9 736.3 wheat 0
71.3 651.3 26.5 655.8 25.1 641.9 69.9 637.4 wheat 0
100.7 940.6 55.6 971.5 40.6 949.6 85.7 918.7 wheat 0
98.1 494.8 134.1 514.4 126.4 528.5 90.4 508.8 wheat 0
72.7 355.5 103.7 372.4 87.7 401.6 56.8 384.7 wheat 0
76.8 91.1 137.7 103.4 130.7 137.6 69.9 125.3 wheat 0
574.7 73.3 605.4 90.0 573.8 148.0 543.1 131.2 wheat 0
608.2 212.2 579.8 217.9 568.3 161.1 596.7 155.3 wheat 0
594.0 149.5 636.5 193.3 618.5 210.7 576.0 166.9 wheat 0
975.7 185.9 898.7 193.6 895.9 165.3 972.8 157.6 wheat 0
619.4 1.9 651.8 8.4 641.0 61.4 608.7 54.8 wheat 0
