876.8 309.7 910.7 316.6 884.9 444.0 850.9 437.1 wheat 0
888.3 524.5 966.6 557.6 952.2 591.7 873.9 558.6 wheat 0
877.7 482.6 918.7 517.1 904.4 534.0 863.5 499.5 wheat 0
1000.6 432.2 983.5 453.7 933.7 414.1 950.7 392.6 wheat 0
864.7 467.7 831.2 490.6 781.2 417.6 814.7 394.6 wheat 0
838.0 480.5 819.0 504.4 749.8 449.5 768.7 425.6 wheat 0
817.8 506.1 802.9 521.5 747.8 468.0 762.7 452.6 wheat 0
878.5 579.1 840.3 586.9 828.0 526.1 866.2 518.4 wheat 0
828.0 574.0 876.7 600.6 855.7 639.1 807.0 612.5 wheat 0
809.4 561.3 788.8 575.4 761.1 535.0 781.7 520.8 wheat 0
743.7 491.6 772.7 491.6 772.7 532.6 743.7 532.6 wheat 0
754.4 515.8 721.0 538.7 661.3 451.5 694.7 428.6 wheat 0
760.7 594.6 841.7 638.9 825.9 667.7 745.0 623.5 wheat 0
605.6 524.2 693.7 572.3 673.8 608.7 585.7 560.6 wheat 0
742.1 590.7 714.8 609.4 676.5 553.3 703.7 534.6 wheat 0
627.7 531.6 669.7 531.6 669.7 552.6 627.7 552.6 wheat 0
595.1 554.8 644.7 596.6 628.7 615.7 579.0 573.9 wheat 0
605.7 605.6 680.7 605.6 680.7 643.6 605.7 643.6 wheat 0
846.7 872.4 814.6 899.5 772.7 849.8 804.9 822.7 wheat 0
862.6 857.9 898.0 868.9 884.7 911.6 849.3 900.7 wheat 0
687.9 741.1 741.4 757.6 731.6 789.2 678.1 772.6 wheat 0
672.7 856.6 722.7 856.6 722.7 891.6 672.7 891.6 wheat 0
493.7 903.6 454.2 911.6 447.2 877.1 486.7 869.1 wheat 0
373.7 801.6 333.9 818.4 292.5 720.4 332.3 703.6 wheat 0
394.4 754.6 380.4 782.2 334.0 758.6 348.1 731.0 wheat 0
458.3 669.1 414.3 682.7 405.2 653.1 449.1 639.5 wheat 0
385.2 630.0 357.9 648.6 317.3 589.2 344.5 570.6 wheat 0
343.7 554.6 316.5 582.7 260.6 528.4 287.9 500.4 wheat 0
459.3 479.3 429.6 495.5 392.1 426.8 421.7 410.6 wheat 0
536.7 501.6 514.1 524.9 449.7 462.3 472.3 439.1 wheat 0
702.7 520.6 688.6 535.2 654.4 502.0 668.5 487.4 wheat 0
671.7 482.6 655.0 508.6 606.0 477.1 622.7 451.1 wheat 0
1008.3 92.1 985.9 115.1 915.4 46.6 937.7 23.6 wheat 0
950.0 102.8 926.0 127.5 853.7 57.3 877.7 32.6 wheat 0
736.7 216.6 688.4 221.5 680.8 146.5 729.2 141.6 wheat 0
490.2 168.6 609.7 205.6 598.3 242.6 478.7 205.6 wheat 0
621.1 242.0 648.1 260.4 602.7 326.6 575.8 308.2 wheat 0
633.7 70.6 690.7 70.6 690.7 90.6 633.7 90.6 wheat 0
475.5 168.1 452.6 170.4 439.0 34.1 461.8 31.8 wheat 0
176.9 130.1 242.7 166.0 223.6 201.1 157.7 165.2 wheat 0
343.9 356.9 405.4 390.4 389.5 419.4 328.1 385.8 wheat 0
100.7 309.6 208.6 420.7 176.8 451.7 68.9 340.6 wheat 0
191.7 426.6 280.9 487.6 262.9 513.9 173.7 452.9 wheat 0
230.3 532.4 209.7 553.6 149.2 494.8 169.7 473.6 wheat 0
188.2 466.0 150.7 497.6 124.3 466.2 161.8 434.7 wheat 0
133.7 434.6 117.8 466.0 34.4 423.5 50.4 392.2 wheat 0
46.8 327.2 125.3 370.1 103.7 409.6 25.2 366.7 wheat 0
105.7 500.6 185.6 567.9 154.7 604.6 74.8 537.3 wheat 0
236.6 719.3 291.9 765.9 272.7 788.6 217.5 742.1 wheat 0
361.2 877.0 326.7 900.6 264.9 810.3 299.4 786.7 wheat 0
204.3 876.8 177.1 891.6 150.2 842.5 177.4 827.6 wheat 0
167.7 694.3 134.1 722.6 105.7 689.0 139.4 660.6 wheat 0
71.7 789.6 43.9 808.7 11.6 761.5 39.5 742.4 wheat 0
334.6 966.9 370.7 991.6 354.9 1014.7 318.8 990.0 wheat 0
43.6 258.7 8.8 262.2 0.9 183.6 35.7 180.1 wheat 0
