1015.1 651.2 923.6 679.5 866.8 496.2 958.4 467.9 wheat 0
581.6 860.5 499.4 877.2 475.9 761.2 558.0 744.6 wheat 0
502.6 598.5 389.4 646.4 370.0 600.6 483.2 552.7 wheat 0
510.6 443.5 423.0 470.6 405.2 413.2 492.8 386.1 wheat 0
673.6 434.5 576.5 487.5 540.5 421.7 637.6 368.7 wheat 0
694.6 331.5 583.8 378.3 549.1 296.1 659.8 249.3 wheat 0
950.6 255.6 892.6 304.5 809.4 205.8 867.5 157.0 wheat 0
1023.6 192.5 918.4 225.0 898.3 159.9 1003.4 127.4 wheat 0
530.9 67.4 610.7 75.4 603.6 146.5 523.7 138.5 wheat 0
547.6 236.5 413.8 249.9 405.8 170.3 539.6 156.8 wheat 0
252.4 109.7 338.9 146.3 282.6 279.5 196.0 242.9 wheat 0
164.6 199.9 223.5 211.8 209.6 280.5 150.7 268.6 wheat 0
344.1 335.0 416.2 374.4 361.6 474.5 289.4 435.1 wheat 0
201.6 349.5 154.9 363.9 133.3 294.1 179.9 279.7 wheat 0
287.8 467.5 368.6 492.5 352.4 544.7 271.6 519.7 wheat 0
199.3 468.1 269.6 506.5 238.1 564.2 167.8 525.8 wheat 0
417.6 818.5 344.2 841.2 317.6 755.3 391.0 732.7 wheat 0
135.7 741.6 233.8 783.1 195.6 873.5 97.5 832.0 wheat 0
231.6 817.8 371.5 831.9 362.6 921.5 222.6 907.5 wheat 0
116.7 925.6 218.4 935.8 210.6 1014.5 108.8 1004.3 wheat 0
