57.1 509.2 241.1 546.5 232.8 587.3 48.8 550.0 wheat 0
13.0 529.3 172.1 561.5 163.2 605.1 4.1 572.9 wheat 0
822.8 539.3 935.1 550.5 931.1 590.5 818.8 579.2 wheat 0
678.8 334.7 765.1 423.5 731.6 456.0 645.3 367.2 wheat 0
713.6 352.5 817.1 373.5 808.1 417.7 704.6 396.7 wheat 0
813.7 287.2 887.1 401.5 847.5 426.9 774.1 312.6 wheat 0
912.8 233.4 992.1 249.5 983.9 290.0 904.6 273.9 wheat 0
748.6 174.5 900.1 238.5 883.4 278.0 731.9 213.9 wheat 0
686.3 177.7 748.1 255.5 721.8 276.4 660.0 198.6 wheat 0
479.3 215.6 579.1 246.5 568.9 279.5 469.1 248.6 wheat 0
563.8 264.3 634.1 278.5 627.6 310.2 557.4 295.9 wheat 0
514.1 398.5 452.5 411.0 444.4 370.8 505.9 358.3 wheat 0
371.0 296.5 481.1 307.5 478.6 332.5 368.5 321.4 wheat 0
347.6 309.6 441.1 328.5 434.4 361.3 341.0 342.3 wheat 0
272.5 497.1 390.1 533.5 377.9 572.8 260.3 536.4 wheat 0
391.7 526.5 498.1 571.5 483.0 607.2 376.6 562.2 wheat 0
301.8 537.1 376.1 568.5 360.2 606.0 286.0 574.6 wheat 0
449.4 644.4 363.1 661.8 354.8 620.7 441.0 603.2 wheat 0
411.2 684.6 338.1 715.5 320.8 674.7 394.0 643.7 wheat 0
663.1 711.0 531.2 737.7 522.2 693.2 654.1 666.5 wheat 0
590.1 734.5 688.1 734.5 688.1 768.5 590.1 768.5 wheat 0
565.1 754.5 461.0 786.7 447.2 741.9 551.2 709.8 wheat 0
385.0 759.5 475.1 768.5 472.4 794.7 382.4 785.7 wheat 0
641.4 867.2 749.1 900.5 740.2 929.1 632.6 895.8 wheat 0
881.1 879.5 1023.1 879.5 1023.1 941.5 881.1 941.5 wheat 0
891.1 791.5 934.1 791.5 934.1 873.5 891.1 873.5 wheat 0
776.7 896.7 840.1 909.5 834.9 934.8 771.6 922.0 wheat 0
472.3 902.1 556.1 910.5 552.3 947.8 468.5 939.4 wheat 0
706.1 996.5 586.0 1008.6 581.3 961.7 701.4 949.7 wheat 0
466.4 952.0 611.1 966.5 605.9 1018.5 461.2 1003.9 wheat 0
150.9 773.9 292.1 817.5 279.6 857.9 138.4 814.3 wheat 0
175.9 628.3 278.1 638.5 275.3 666.0 173.1 655.7 wheat 0
32.7 320.8 184.1 351.5 175.3 394.8 23.9 364.1 wheat 0
93.3 288.8 212.1 325.5 200.1 364.0 81.4 327.3 wheat 0
75.1 248.5 186.1 248.5 186.1 285.5 75.1 285.5 wheat 0
164.5 199.9 302.1 242.5 288.5 286.4 150.9 243.8 wheat 0
175.9 36.2 286.1 58.5 280.2 87.6 170.0 65.3 wheat 0
259.1 30.6 354.1 82.5 340.8 106.7 245.9 54.8 wheat 0
339.1 37.1 393.1 82.5 372.9 106.4 319.0 61.0 wheat 0
555.1 78.9 622.1 115.5 607.4 142.4 540.5 105.8 wheat 0
516.7 41.0 611.1 92.5 594.6 122.7 500.2 71.1 wheat 0
826.3 0.5 903.1 79.5 876.7 105.1 799.9 26.1 wheat 0
976.1 108.5 1022.1 108.5 1022.1 246.5 976.1 246.5 wheat 0
662.8 603.1 737.1 610.5 733.8 643.3 659.5 635.9 wheat 0
597.3 591.3 650.6 602.1 645.1 629.5 591.7 618.7 wheat 0
571.4 519.5 672.1 574.5 652.0 611.2 551.3 556.1 wheat 0
658.0 492.3 784.1 578.5 761.6 611.3 635.6 525.1 wheat 0
603.1 503.4 735.1 575.5 719.0 604.9 587.1 532.8 wheat 0
364.6 338.1 431.2 351.5 423.1 391.5 356.5 378.0 wheat 0
