428.9 440.7 544.7 489.6 528.6 527.8 412.8 478.9 wheat 0
505.6 512.6 581.9 591.2 554.7 617.6 478.4 539.0 wheat 0
363.5 492.0 479.0 571.0 457.5 602.6 341.9 523.6 wheat 0
312.4 535.0 401.6 583.7 384.7 614.6 295.5 565.9 wheat 0
455.7 750.6 362.8 779.4 349.8 737.3 442.7 708.6 wheat 0
602.6 726.4 708.1 737.0 704.8 769.8 599.4 759.2 wheat 0
777.7 874.6 737.7 892.5 685.5 775.7 725.6 757.8 wheat 0
723.3 647.8 818.7 657.4 814.7 696.6 719.3 687.0 wheat 0
794.2 574.8 834.0 578.8 827.3 645.4 787.5 641.5 wheat 0
922.7 643.6 894.4 667.5 810.8 568.2 839.1 544.4 wheat 0
899.7 476.6 856.8 489.9 829.8 402.8 872.8 389.5 wheat 0
954.7 339.6 777.9 422.9 762.2 389.6 939.1 306.4 wheat 0
629.8 359.4 731.3 414.9 716.7 441.6 615.2 386.1 wheat 0
597.7 517.6 690.7 517.6 690.7 541.6 597.7 541.6 wheat 0
712.7 582.6 696.9 599.0 604.7 509.4 620.6 493.1 wheat 0
833.3 203.8 810.6 227.1 730.1 148.9 752.7 125.6 wheat 0
698.5 253.1 671.3 271.8 638.0 223.1 665.2 204.5 wheat 0
592.4 109.8 568.7 139.6 490.6 77.6 514.2 47.8 wheat 0
490.1 118.7 548.8 124.6 546.3 149.5 487.6 143.6 wheat 0
437.7 211.6 343.5 230.7 335.8 192.7 430.0 173.6 wheat 0
341.4 211.2 460.7 261.6 443.3 302.8 324.0 252.3 wheat 0
282.2 229.0 451.7 321.6 439.6 343.7 270.1 251.1 wheat 0
268.0 258.3 383.6 294.0 376.5 317.0 260.9 281.2 wheat 0
280.4 373.3 364.5 399.3 355.0 429.9 271.0 403.9 wheat 0
224.7 49.6 296.5 80.0 284.8 107.6 213.0 77.2 wheat 0
166.1 88.1 233.7 125.0 218.4 153.1 150.8 116.2 wheat 0
234.7 276.6 209.7 297.6 133.8 207.4 158.7 186.4 wheat 0
33.6 124.7 160.1 231.3 138.7 256.6 12.3 150.1 wheat 0
160.6 458.9 127.7 486.6 25.2 364.8 58.0 337.1 wheat 0
158.2 641.1 139.7 656.6 65.6 568.6 84.1 553.1 wheat 0
143.7 619.6 199.1 636.7 191.7 660.6 136.3 643.5 wheat 0
168.5 731.6 250.1 739.8 247.0 770.6 165.4 762.4 wheat 0
256.7 893.6 208.5 914.0 178.0 841.9 226.3 821.5 wheat 0
99.4 679.4 145.3 693.6 134.0 729.9 88.2 715.7 wheat 0
112.1 725.6 86.9 746.8 24.4 672.7 49.6 651.4 wheat 0
96.6 743.9 212.3 767.3 205.7 799.6 90.1 776.2 wheat 0
10.6 788.6 92.2 796.8 88.9 829.6 7.3 821.4 wheat 0
92.0 901.4 69.7 929.6 23.4 892.9 45.8 864.7 wheat 0
3.7 936.6 72.7 936.6 72.7 974.6 3.7 974.6 wheat 0
371.7 843.6 469.7 967.1 438.7 991.6 340.8 868.2 wheat 0
348.3 809.3 370.8 844.3 353.2 855.6 330.7 820.6 wheat 0
352.4 920.7 406.1 957.4 384.0 989.6 330.4 952.9 wheat 0
278.7 933.6 321.5 933.6 321.5 1023.0 278.7 1023.0 wheat 0
262.8 972.4 429.0 989.0 425.7 1021.9 259.5 1005.2 wheat 0
675.2 935.2 633.7 963.6 534.8 819.0 576.3 790.6 wheat 0
522.2 736.0 576.2 772.9 551.7 808.6 497.7 771.7 wheat 0
741.7 3.6 829.7 3.6 829.7 38.6 741.7 38.6 wheat 0
605.1 951.3 682.3 993.5 668.4 1018.9 591.2 976.7 wheat 0
73.7 286.6 51.4 301.9 1.0 228.2 23.4 213.0 wheat 0
1005.7 958.6 1024.0 958.6 1024.0 1020.1 1005.7 1020.1 wheat 0
987.7 717.6 1021.7 717.6 1021.7 751.6 987.7 751.6 wheat 0
995.7 677.6 1021.7 677.6 1021.7 714.6 995.7 714.6 wheat 0
991.2 494.9 1023.6 517.1 1002.7 547.6 970.3 525.4 wheat 0
673.7 856.3 702.3 885.7 690.8 896.9 662.2 867.5 wheat 0
