409.7 471.6 302.1 493.4 290.1 433.9 397.7 412.1 wheat 0
426.5 486.3 477.1 502.0 470.0 524.9 419.4 509.2 wheat 0
349.1 514.7 388.9 518.7 386.3 544.5 346.5 540.6 wheat 0
396.1 648.6 446.6 691.1 423.4 718.6 372.9 676.1 wheat 0
180.2 683.1 224.7 720.6 205.7 743.2 161.2 705.7 wheat 0
130.5 668.7 103.2 677.2 87.2 625.2 114.4 616.7 wheat 0
1024.0 708.0 935.5 716.9 930.5 667.2 1019.0 658.3 wheat 0
933.7 477.6 1024.0 477.6 1024.0 528.1 933.7 528.1 wheat 0
977.9 459.6 952.4 491.7 890.6 442.6 916.0 410.5 wheat 0
594.1 633.8 570.0 671.4 476.8 611.5 500.9 573.9 wheat 0
140.3 902.0 120.7 926.6 67.7 884.6 87.3 859.9 wheat 0
168.7 980.6 238.8 980.6 238.8 1023.0 168.7 1023.0 wheat 0
169.2 313.1 221.5 335.2 205.7 372.6 153.4 350.5 wheat 0
763.1 71.6 699.0 106.6 679.4 70.6 743.4 35.6 wheat 0
923.2 44.4 1008.4 102.7 992.7 125.6 907.5 67.3 wheat 0
295.7 3.6 420.7 3.6 420.7 40.6 295.7 40.6 wheat 0
778.7 41.5 842.7 61.3 831.8 96.7 767.8 76.9 wheat 0
234.4 901.0 280.0 926.0 265.1 953.2 219.5 928.3 wheat 0
527.6 658.1 555.7 693.6 533.5 711.3 505.3 675.7 wheat 0
809.4 691.4 899.2 719.2 890.1 748.8 800.3 721.0 wheat 0
918.5 587.9 951.7 610.6 921.7 654.6 888.4 631.8 wheat 0
426.5 371.1 472.4 385.3 465.0 409.1 419.1 395.0 wheat 0
176.2 641.8 129.4 656.3 122.3 633.4 169.1 618.9 wheat 0
