157.8 876.9 230.5 907.6 206.1 965.5 133.3 934.8 wheat 0
304.0 821.0 360.2 838.3 336.1 916.5 279.9 899.1 wheat 0
438.1 850.5 354.7 867.4 344.1 814.9 427.4 798.0 wheat 0
519.1 875.2 600.4 900.3 582.1 959.5 500.8 934.4 wheat 0
639.4 907.0 681.4 915.5 669.1 976.5 627.1 968.0 wheat 0
439.1 992.5 384.2 1022.5 321.9 908.6 376.8 878.6 wheat 0
654.1 1005.5 599.5 1022.4 569.4 925.0 623.9 908.1 wheat 0
852.1 950.5 778.1 973.4 758.6 910.4 832.6 887.5 wheat 0
725.4 776.7 782.8 801.0 744.1 892.5 686.7 868.2 wheat 0
738.1 932.5 688.1 937.5 682.8 884.8 732.8 879.8 wheat 0
803.1 759.5 686.1 823.4 661.3 778.2 778.3 714.3 wheat 0
851.0 737.6 975.0 805.3 947.1 856.5 823.0 788.8 wheat 0
967.5 799.3 1016.1 840.1 942.6 927.4 894.1 886.5 wheat 0
1023.1 945.5 893.7 958.5 887.1 892.5 1016.4 879.5 wheat 0
1001.9 999.3 945.8 1023.0 913.9 947.7 970.0 924.0 wheat 0
363.4 537.0 451.0 545.8 445.1 604.5 357.5 595.7 wheat 0
535.1 542.5 469.1 578.6 439.7 524.7 505.7 488.7 wheat 0
771.1 521.5 689.5 529.7 682.9 463.6 764.4 455.4 wheat 0
802.9 472.5 872.6 479.5 867.1 534.5 797.3 527.5 wheat 0
972.1 528.5 888.9 545.4 876.8 485.8 960.0 468.9 wheat 0
850.1 605.9 923.1 628.5 907.1 680.2 834.1 657.6 wheat 0
968.1 645.5 933.3 664.5 907.7 617.7 942.5 598.7 wheat 0
862.5 657.7 905.0 670.9 889.1 722.5 846.5 709.4 wheat 0
328.1 533.5 274.3 550.1 246.0 458.5 299.7 441.8 wheat 0
485.1 493.5 431.7 510.0 406.1 427.3 459.5 410.8 wheat 0
600.1 383.5 561.1 416.4 490.8 333.0 529.8 300.1 wheat 0
483.4 249.6 557.1 264.5 545.6 321.2 471.9 306.2 wheat 0
308.9 193.3 373.1 213.2 355.1 271.5 290.9 251.7 wheat 0
152.1 626.5 69.2 634.8 62.6 568.9 145.4 560.6 wheat 0
139.0 511.4 191.0 521.9 177.1 590.5 125.1 580.0 wheat 0
227.1 599.5 147.6 607.5 141.8 549.4 221.2 541.4 wheat 0
18.2 545.0 93.1 552.5 89.1 591.6 14.2 584.1 wheat 0
189.8 325.2 252.1 331.4 247.1 381.5 184.8 375.3 wheat 0
271.5 172.0 321.4 206.1 228.1 342.5 178.2 308.4 wheat 0
158.6 334.1 238.1 377.5 212.2 424.9 132.7 381.4 wheat 0
453.9 83.9 519.7 119.8 475.1 201.5 409.3 165.6 wheat 0
633.1 150.5 582.4 171.9 549.1 93.2 599.8 71.7 wheat 0
686.9 85.3 760.2 92.7 755.1 143.5 681.8 136.2 wheat 0
781.1 95.5 739.1 104.0 730.4 60.8 772.3 52.3 wheat 0
708.3 0.7 743.0 15.3 715.1 81.5 680.3 66.8 wheat 0
770.1 14.4 812.2 18.6 807.1 69.5 765.0 65.3 wheat 0
846.7 319.3 884.4 345.1 845.1 402.5 807.4 376.7 wheat 0
933.5 217.7 964.4 249.6 916.1 296.5 885.1 264.6 wheat 0
849.6 127.2 931.2 135.4 926.1 186.5 844.5 178.3 wheat 0
958.1 48.5 923.6 84.0 875.7 37.6 910.2 2.0 wheat 0
864.1 119.5 796.6 126.3 791.5 74.9 858.9 68.1 wheat 0
1019.1 219.5 971.2 229.2 957.0 159.3 1004.9 149.6 wheat 0
