272.3 72.7 325.1 117.1 205.3 259.4 152.5 214.9 wheat 0
323.9 124.6 266.3 164.0 181.2 39.6 238.7 0.2 wheat 0
61.3 267.0 263.3 267.0 263.3 329.0 61.3 329.0 wheat 0
128.2 395.0 71.1 419.2 22.4 304.0 79.5 279.9 wheat 0
338.1 363.0 399.8 375.5 375.6 495.1 313.8 482.6 wheat 0
444.7 680.2 326.3 716.8 305.9 650.9 424.4 614.3 wheat 0
76.6 630.5 147.3 652.3 116.0 753.6 45.3 731.7 wheat 0
142.2 730.8 211.8 737.8 202.5 831.3 132.8 824.3 wheat 0
529.8 920.6 342.6 978.5 322.8 914.5 510.0 856.6 wheat 0
655.6 733.7 713.4 739.4 693.0 942.4 635.3 936.6 wheat 0
817.6 730.5 848.6 769.7 753.1 845.5 722.0 806.4 wheat 0
728.3 579.4 820.4 618.4 792.4 684.7 700.2 645.7 wheat 0
949.3 764.4 893.1 802.8 825.4 703.7 881.5 665.3 wheat 0
842.3 378.0 933.3 378.0 933.3 433.0 842.3 433.0 wheat 0
284.8 982.7 226.7 1007.3 176.9 889.4 234.9 864.8 wheat 0
837.3 929.0 884.3 929.0 884.3 1023.0 837.3 1023.0 wheat 0
629.3 830.8 775.3 860.4 764.4 914.3 618.3 884.7 wheat 0
637.2 929.3 753.6 941.0 748.4 992.8 632.0 981.1 wheat 0
943.3 601.0 1014.3 601.0 1014.3 683.0 943.3 683.0 wheat 0
788.8 539.6 852.5 552.5 832.8 649.5 769.1 636.6 wheat 0
