632.8 226.1 832.1 287.8 806.3 371.0 607.0 309.4 wheat 0
896.4 280.2 1024.0 334.1 992.3 409.0 864.7 355.1 wheat 0
748.6 556.2 705.3 574.5 639.1 417.9 682.4 399.6 wheat 0
693.6 626.7 637.3 674.0 546.4 566.1 602.6 518.7 wheat 0
384.7 260.2 412.9 315.5 305.9 369.9 277.8 314.6 wheat 0
373.3 209.7 326.1 269.3 249.3 208.4 296.6 148.8 wheat 0
273.7 78.3 316.5 114.4 227.0 220.7 184.1 184.7 wheat 0
0.0 129.0 99.0 129.0 99.0 199.0 0.0 199.0 wheat 0
146.4 276.2 191.5 314.2 141.3 373.9 96.1 335.9 wheat 0
186.4 416.8 273.0 425.5 267.2 483.2 180.6 474.6 wheat 0
537.1 645.2 613.0 697.2 521.5 830.9 445.6 778.9 wheat 0
736.8 610.4 883.4 690.5 848.8 753.7 702.3 673.6 wheat 0
983.3 720.8 907.8 744.2 874.4 636.2 949.9 612.9 wheat 0
774.0 770.4 731.3 836.9 601.7 753.7 644.4 687.2 wheat 0
539.2 900.9 361.6 955.9 339.4 884.2 517.1 829.2 wheat 0
700.5 684.2 862.2 717.0 851.1 771.9 689.4 739.1 wheat 0
16.8 788.7 98.8 788.7 98.8 859.7 16.8 859.7 wheat 0
187.8 757.7 275.8 757.7 275.8 836.7 187.8 836.7 wheat 0
