694.9 765.6 739.8 774.7 715.7 893.6 670.8 884.5 wheat 0
724.4 742.4 682.6 746.6 679.1 711.8 720.9 707.6 wheat 0
749.3 725.7 771.6 748.6 750.1 769.5 727.8 746.6 wheat 0
832.2 662.6 874.5 680.5 845.3 749.6 802.9 731.7 wheat 0
998.1 739.4 944.5 768.7 924.4 731.8 977.9 702.6 wheat 0
977.7 678.6 1000.7 678.6 1000.7 727.6 977.7 727.6 wheat 0
999.3 830.7 1023.9 833.2 1017.7 894.6 993.1 892.1 wheat 0
892.7 853.6 865.3 859.2 860.7 836.6 888.2 831.1 wheat 0
945.7 516.6 979.7 516.6 979.7 586.6 945.7 586.6 wheat 0
638.8 420.3 667.7 423.2 663.7 463.0 634.8 460.1 wheat 0
658.5 482.8 681.4 502.1 655.0 533.5 632.1 514.1 wheat 0
544.7 623.6 498.6 633.0 486.5 573.0 532.6 563.6 wheat 0
418.7 445.6 491.7 445.6 491.7 496.6 418.7 496.6 wheat 0
624.7 251.6 581.7 269.8 564.3 228.6 607.3 210.4 wheat 0
667.6 153.8 624.4 162.6 615.9 120.4 659.0 111.7 wheat 0
473.7 62.8 525.7 73.3 516.7 117.4 464.8 106.9 wheat 0
336.7 91.6 398.7 91.6 398.7 125.6 336.7 125.6 wheat 0
249.7 122.6 150.5 164.6 129.6 115.3 228.9 73.3 wheat 0
191.7 109.6 271.7 109.6 271.7 155.6 191.7 155.6 wheat 0
361.2 630.3 326.8 640.9 300.2 554.9 334.6 544.3 wheat 0
354.9 710.3 396.1 718.7 378.6 804.9 337.4 796.6 wheat 0
456.3 742.3 497.4 755.0 484.1 798.0 443.0 785.3 wheat 0
468.4 827.9 514.5 837.2 496.0 928.4 450.0 919.0 wheat 0
232.6 692.8 268.0 703.8 245.8 775.4 210.5 764.5 wheat 0
373.7 759.6 274.7 801.5 256.8 759.0 355.8 717.2 wheat 0
272.7 803.6 202.9 891.7 170.3 865.8 240.1 777.7 wheat 0
167.7 849.2 106.0 875.3 92.8 844.0 154.5 817.9 wheat 0
213.6 761.1 152.8 773.4 145.9 739.1 206.6 726.8 wheat 0
109.9 792.3 11.9 812.1 3.6 771.0 101.6 751.1 wheat 0
56.1 863.9 5.4 869.0 0.4 819.3 51.1 814.2 wheat 0
