851.1 360.5 776.7 375.6 757.4 280.4 831.8 265.3 wheat 0
952.3 284.6 1009.5 315.8 967.1 393.5 909.8 362.3 wheat 0
778.0 384.7 822.9 422.5 769.1 486.5 724.1 448.7 wheat 0
690.1 521.5 644.4 546.5 618.8 499.7 664.5 474.8 wheat 0
735.1 301.5 665.2 373.4 611.3 321.1 681.2 249.2 wheat 0
671.4 136.4 591.1 261.5 530.8 222.8 611.1 97.7 wheat 0
367.1 156.5 419.1 156.5 419.1 236.5 367.1 236.5 wheat 0
219.1 217.5 272.1 217.5 272.1 278.5 219.1 278.5 wheat 0
154.1 421.5 209.1 421.5 209.1 506.5 154.1 506.5 wheat 0
6.1 708.5 92.1 708.5 92.1 745.5 6.1 745.5 wheat 0
536.1 733.5 593.1 733.5 593.1 791.5 536.1 791.5 wheat 0
514.3 782.0 581.3 802.7 559.1 874.5 492.1 853.8 wheat 0
662.1 805.5 720.1 805.5 720.1 866.5 662.1 866.5 wheat 0
850.1 795.5 911.1 795.5 911.1 860.5 850.1 860.5 wheat 0
968.1 769.5 1024.0 769.5 1024.0 835.7 968.1 835.7 wheat 0
835.1 695.5 924.1 695.5 924.1 744.5 835.1 744.5 wheat 0
941.1 596.5 1012.1 596.5 1012.1 647.5 941.1 647.5 wheat 0
404.1 274.5 462.1 274.5 462.1 322.5 404.1 322.5 wheat 0
311.1 225.5 372.1 225.5 372.1 307.5 311.1 307.5 wheat 0
479.1 875.5 531.1 875.5 531.1 964.5 479.1 964.5 wheat 0
613.4 867.6 668.7 891.0 650.7 933.4 595.5 910.0 wheat 0
244.1 338.5 193.7 348.7 183.4 298.1 233.8 287.9 wheat 0
