732.1 268.5 682.1 284.0 622.7 92.1 672.7 76.6 wheat 0
787.5 273.2 752.4 292.3 696.0 189.2 731.1 170.0 wheat 0
841.7 176.6 885.5 206.6 828.1 290.5 784.2 260.5 wheat 0
739.1 421.5 661.3 445.6 646.8 398.8 724.6 374.8 wheat 0
869.0 463.5 919.7 491.2 832.1 651.5 781.4 623.8 wheat 0
1001.1 682.5 883.9 732.0 866.3 690.4 983.5 640.9 wheat 0
253.1 496.5 185.9 601.1 143.9 574.1 211.0 469.5 wheat 0
227.8 641.8 364.1 655.5 358.6 709.9 222.4 696.3 wheat 0
510.7 658.9 665.1 764.5 637.2 805.2 482.9 699.6 wheat 0
456.1 700.5 533.1 700.5 533.1 748.5 456.1 748.5 wheat 0
346.4 728.6 517.2 745.8 512.1 796.5 341.3 779.4 wheat 0
517.1 841.5 454.1 854.3 443.4 801.5 506.4 788.7 wheat 0
581.1 823.5 537.2 860.5 488.8 803.0 532.7 766.0 wheat 0
831.1 778.5 697.9 819.7 687.2 785.1 820.4 744.0 wheat 0
943.5 797.8 869.1 874.5 834.6 841.0 909.0 764.3 wheat 0
850.7 702.6 970.1 739.5 953.7 792.5 834.3 755.6 wheat 0
750.5 921.7 847.1 951.5 831.1 1003.0 734.6 973.1 wheat 0
854.2 920.4 974.1 957.5 956.9 1012.9 837.1 975.8 wheat 0
578.1 958.5 511.0 965.2 503.8 892.7 570.8 886.0 wheat 0
404.1 895.5 357.4 909.9 315.4 774.1 362.0 759.6 wheat 0
148.1 856.5 283.1 856.5 283.1 889.5 148.1 889.5 wheat 0
300.1 873.5 197.6 929.5 177.9 893.3 280.3 837.3 wheat 0
144.8 658.5 193.9 668.5 159.1 840.5 109.9 830.5 wheat 0
214.0 262.6 255.1 297.2 168.1 400.5 127.0 365.9 wheat 0
292.1 280.5 331.1 280.5 331.1 366.5 292.1 366.5 wheat 0
543.1 540.5 497.5 578.9 421.2 488.2 466.7 449.9 wheat 0
607.1 288.9 635.9 308.6 599.1 362.5 570.3 342.8 wheat 0
736.1 371.5 672.0 384.5 661.2 331.7 725.4 318.7 wheat 0
956.1 457.5 827.4 483.6 817.3 433.9 946.0 407.8 wheat 0
571.6 15.8 631.6 21.8 622.1 116.5 562.1 110.5 wheat 0
532.5 67.7 571.7 100.8 518.1 164.5 478.8 131.4 wheat 0
524.2 5.3 576.3 10.5 567.1 102.5 514.9 97.3 wheat 0
388.1 160.5 311.6 176.0 299.5 116.3 376.0 100.8 wheat 0
417.1 300.5 348.1 307.4 344.0 266.3 412.9 259.4 wheat 0
485.1 290.5 343.9 387.1 317.4 348.4 458.6 251.8 wheat 0
436.1 389.5 401.4 408.5 373.4 357.3 408.1 338.3 wheat 0
258.0 384.3 368.2 395.3 362.1 456.5 251.9 445.5 wheat 0
361.3 479.4 390.8 491.8 368.1 545.5 338.6 533.0 wheat 0
413.8 403.7 492.1 446.5 464.9 496.1 386.7 453.4 wheat 0
369.9 383.3 412.7 392.0 401.1 449.5 358.2 440.8 wheat 0
61.1 234.5 93.1 234.5 93.1 355.5 61.1 355.5 wheat 0
107.9 184.3 151.1 193.0 122.1 336.5 78.8 327.7 wheat 0
257.1 157.6 297.9 185.5 237.1 274.5 196.2 246.6 wheat 0
248.1 100.5 154.6 196.8 126.4 169.4 219.9 73.2 wheat 0
394.1 83.5 283.7 105.9 271.4 45.5 381.8 23.1 wheat 0
776.8 64.3 804.6 87.7 750.1 152.5 722.2 129.1 wheat 0
759.1 115.5 923.1 115.5 923.1 160.5 759.1 160.5 wheat 0
769.2 784.5 912.1 862.5 896.2 891.6 753.4 813.5 wheat 0
289.1 918.5 177.8 965.5 161.5 927.0 272.8 880.0 wheat 0
