561.4 445.9 623.1 458.4 600.3 571.2 538.5 558.6 wheat 0
784.3 367.9 983.6 408.3 967.6 487.4 768.3 447.0 wheat 0
744.3 748.0 679.4 775.5 641.4 685.7 706.3 658.2 wheat 0
876.3 650.1 951.8 682.0 902.4 799.0 826.8 767.1 wheat 0
797.8 785.1 837.7 801.9 806.3 876.0 766.5 859.2 wheat 0
809.0 843.7 978.8 959.9 936.2 1022.2 766.3 906.0 wheat 0
617.7 880.8 658.3 944.0 599.3 981.9 558.7 918.6 wheat 0
345.5 723.3 477.3 813.4 437.9 870.9 306.2 780.8 wheat 0
435.0 873.2 386.4 906.5 331.6 826.3 380.2 793.1 wheat 0
136.3 446.0 205.3 446.0 205.3 560.0 136.3 560.0 wheat 0
134.5 522.8 112.3 566.5 0.0 509.3 22.2 465.6 wheat 0
311.3 185.0 390.3 185.0 390.3 284.0 311.3 284.0 wheat 0
394.3 216.0 463.3 216.0 463.3 302.0 394.3 302.0 wheat 0
472.3 340.0 552.3 340.0 552.3 434.0 472.3 434.0 wheat 0
