39.1 705.8 163.3 758.3 138.6 816.9 14.3 764.3 wheat 0
529.3 693.2 580.7 728.4 540.3 787.3 489.0 752.2 wheat 0
712.0 458.8 760.4 485.2 701.3 593.3 652.9 566.9 wheat 0
828.6 425.4 870.3 468.3 769.8 566.0 728.1 523.0 wheat 0
957.1 718.1 897.3 743.3 831.4 587.4 891.1 562.1 wheat 0
987.3 769.8 889.3 852.3 850.7 806.5 948.7 724.0 wheat 0
426.5 855.2 639.3 898.3 627.8 955.4 414.9 912.2 wheat 0
193.3 876.3 260.3 876.3 260.3 974.3 193.3 974.3 wheat 0
141.3 865.3 193.3 865.3 193.3 1023.0 141.3 1023.0 wheat 0
364.3 573.3 472.7 632.6 441.8 689.2 333.4 630.0 wheat 0
294.3 637.5 223.2 667.5 143.3 478.4 214.3 448.3 wheat 0
428.4 496.6 252.3 532.3 237.1 457.3 413.2 421.6 wheat 0
62.5 473.9 127.8 494.1 85.3 631.3 20.0 611.1 wheat 0
638.9 467.9 513.0 480.5 506.5 415.0 632.3 402.3 wheat 0
117.3 435.3 172.3 435.3 172.3 598.3 117.3 598.3 wheat 0
59.6 352.7 215.2 368.3 207.3 446.3 51.7 430.7 wheat 0
386.3 226.3 455.7 255.6 387.3 417.3 318.0 388.0 wheat 0
739.2 242.6 786.9 302.7 680.3 387.3 632.6 327.2 wheat 0
640.3 196.3 724.9 232.1 694.3 304.3 609.8 268.6 wheat 0
521.2 5.3 600.7 29.9 529.8 258.9 450.3 234.3 wheat 0
277.0 264.1 230.3 312.2 130.6 215.4 177.3 167.3 wheat 0
195.3 143.3 308.3 143.3 308.3 201.3 195.3 201.3 wheat 0
