470.6 487.1 395.9 494.6 387.1 406.0 461.7 398.5 wheat 0
735.7 373.5 822.2 382.1 816.3 441.0 729.8 432.4 wheat 0
712.1 453.6 785.8 493.9 756.6 547.4 682.8 507.2 wheat 0
938.2 468.3 1003.4 474.9 994.3 565.0 929.2 558.5 wheat 0
962.1 439.3 915.2 459.2 887.5 393.8 934.5 373.9 wheat 0
937.3 152.9 1024.0 225.9 994.3 261.0 907.7 188.0 wheat 0
887.4 97.8 961.0 120.5 946.2 168.3 872.7 145.5 wheat 0
968.0 108.0 1023.0 108.0 1023.0 170.0 968.0 170.0 wheat 0
452.3 22.7 496.9 53.2 426.3 156.4 381.7 125.9 wheat 0
47.5 134.4 165.4 184.2 143.2 236.7 25.3 186.9 wheat 0
65.3 320.0 146.3 320.0 146.3 407.0 65.3 407.0 wheat 0
121.3 400.1 148.5 453.6 51.4 503.0 24.1 449.5 wheat 0
103.3 613.0 172.3 613.0 172.3 757.0 103.3 757.0 wheat 0
377.3 595.8 423.5 627.5 361.4 718.2 315.2 686.6 wheat 0
605.6 729.4 539.9 736.0 527.0 607.7 592.7 601.1 wheat 0
325.2 875.8 244.5 919.9 211.4 859.3 292.1 815.2 wheat 0
422.3 789.1 482.5 839.8 402.3 935.0 342.1 884.3 wheat 0
479.1 839.3 538.8 845.3 529.5 937.8 469.8 931.8 wheat 0
542.3 898.0 596.4 898.0 596.4 1024.0 542.3 1024.0 wheat 0
575.3 845.0 640.3 845.0 640.3 910.0 575.3 910.0 wheat 0
672.2 866.5 734.8 893.0 688.5 1002.6 625.8 976.1 wheat 0
