451.5 589.3 381.9 603.4 354.1 466.1 423.6 452.0 wheat 0
886.7 574.5 659.5 597.3 650.2 505.1 877.5 482.3 wheat 0
578.5 335.3 644.5 335.3 644.5 450.3 578.5 450.3 wheat 0
995.2 469.1 939.5 486.3 885.7 312.6 941.5 295.3 wheat 0
713.5 717.3 533.2 793.6 507.6 733.2 688.0 657.0 wheat 0
701.5 882.3 912.2 952.2 888.7 1023.0 678.0 953.2 wheat 0
222.6 267.3 81.1 327.1 52.0 258.1 193.5 198.3 wheat 0
243.5 977.3 175.4 1014.5 76.5 833.3 144.5 796.2 wheat 0
383.8 768.2 501.5 889.3 448.1 941.1 330.4 820.0 wheat 0
290.3 863.7 440.4 945.6 404.5 1011.3 254.4 929.4 wheat 0
874.5 771.8 790.9 842.3 750.5 794.3 834.1 723.9 wheat 0
857.6 571.0 972.5 594.3 959.4 658.8 844.5 635.5 wheat 0
939.4 718.6 1023.0 764.3 993.1 819.0 909.5 773.3 wheat 0
625.5 295.3 486.0 390.8 442.1 326.7 581.6 231.2 wheat 0
315.5 146.3 476.5 146.3 476.5 197.3 315.5 197.3 wheat 0
761.4 627.5 730.5 659.3 670.6 601.1 701.5 569.3 wheat 0
