89.3 243.0 161.3 243.0 161.3 386.0 89.3 386.0 wheat 0
565.1 90.5 616.7 137.8 523.5 239.6 471.9 192.3 wheat 0
542.4 270.1 503.3 303.0 378.7 155.1 417.8 122.2 wheat 0
693.0 44.1 787.9 163.6 729.3 210.0 634.5 90.5 wheat 0
786.3 199.0 853.3 199.0 853.3 266.0 786.3 266.0 wheat 0
916.5 612.8 836.3 629.0 773.0 316.7 853.1 300.4 wheat 0
1023.8 392.0 980.5 410.3 931.8 295.1 975.1 276.8 wheat 0
557.0 664.9 733.3 700.6 718.1 775.6 541.8 739.9 wheat 0
623.8 789.5 567.6 813.2 501.8 657.6 558.0 633.8 wheat 0
381.3 681.2 305.8 696.5 262.3 481.9 337.8 466.6 wheat 0
300.0 666.5 354.2 734.9 74.3 957.0 20.0 888.7 wheat 0
387.9 666.0 452.3 693.3 406.8 801.1 342.3 773.8 wheat 0
372.3 586.0 446.3 586.0 446.3 669.0 372.3 669.0 wheat 0
821.3 649.0 904.3 649.0 904.3 739.0 821.3 739.0 wheat 0
856.8 827.0 789.2 840.7 764.8 720.1 832.4 706.4 wheat 0
914.8 761.3 983.3 819.0 901.9 915.8 833.3 858.0 wheat 0
747.3 882.0 859.3 882.0 859.3 952.0 747.3 952.0 wheat 0
548.6 903.2 636.5 977.1 600.2 1020.3 512.3 946.3 wheat 0
338.3 340.0 414.3 340.0 414.3 418.0 338.3 418.0 wheat 0
678.8 304.8 728.5 325.9 695.8 403.2 646.1 382.2 wheat 0
