353.8 322.4 477.1 360.5 458.4 420.8 335.2 382.7 wheat 0
566.0 333.1 666.1 401.5 638.0 442.5 538.0 374.0 wheat 0
514.8 85.2 627.6 96.6 620.1 171.5 507.3 160.2 wheat 0
368.9 97.0 454.4 133.2 436.1 176.5 350.6 140.4 wheat 0
389.1 198.5 342.3 230.5 303.1 173.1 349.8 141.1 wheat 0
72.1 550.5 32.2 558.6 14.9 473.5 54.8 465.4 wheat 0
288.1 948.5 235.0 970.9 187.5 858.6 240.6 836.1 wheat 0
277.1 806.5 233.5 830.3 191.1 752.8 234.7 729.0 wheat 0
486.1 971.5 438.5 986.2 403.2 872.0 450.7 857.3 wheat 0
558.6 888.8 627.1 946.5 585.2 996.2 516.7 938.5 wheat 0
562.1 915.5 530.9 947.6 422.3 842.1 453.5 810.0 wheat 0
569.1 806.5 520.2 847.7 437.9 750.0 486.8 708.8 wheat 0
451.1 562.5 425.0 603.0 361.7 562.3 387.7 521.8 wheat 0
461.1 709.5 414.3 741.5 344.0 638.6 390.7 606.6 wheat 0
501.9 472.2 590.1 509.5 574.6 546.0 486.5 508.7 wheat 0
831.7 621.6 912.1 665.5 891.3 703.6 810.9 659.6 wheat 0
410.3 262.8 503.1 313.5 480.1 355.6 387.3 304.9 wheat 0
569.6 25.5 690.1 37.6 684.1 97.5 563.6 85.4 wheat 0
