673.1 575.5 632.7 609.5 542.9 502.9 583.3 468.9 wheat 0
915.1 564.5 862.9 608.4 755.2 480.6 807.4 436.7 wheat 0
1023.1 563.5 937.7 589.9 925.0 549.1 1010.4 522.7 wheat 0
850.6 389.9 1011.1 439.5 996.9 485.4 836.4 435.7 wheat 0
724.9 180.8 776.6 209.0 750.1 257.5 698.4 229.3 wheat 0
555.7 253.3 616.1 265.5 604.7 321.7 544.4 309.4 wheat 0
270.1 196.5 397.1 196.5 397.1 254.5 270.1 254.5 wheat 0
568.1 180.5 484.1 226.4 463.1 187.8 547.0 142.0 wheat 0
378.1 159.5 326.5 181.3 286.7 87.0 338.2 65.2 wheat 0
204.1 176.5 162.8 228.4 47.6 137.0 88.8 85.1 wheat 0
150.1 229.5 91.6 278.8 58.4 239.3 116.8 190.1 wheat 0
220.1 379.5 178.1 383.7 170.5 307.6 212.4 303.4 wheat 0
156.1 494.5 81.0 526.3 60.0 476.7 135.1 444.9 wheat 0
224.1 532.5 178.4 551.8 150.3 485.4 196.0 466.0 wheat 0
222.8 462.8 271.0 477.7 241.1 574.5 192.8 559.6 wheat 0
406.1 577.5 294.8 653.6 264.9 610.0 376.2 533.9 wheat 0
372.7 448.2 483.7 588.1 444.1 619.5 333.1 479.6 wheat 0
368.1 457.5 433.1 457.5 433.1 487.5 368.1 487.5 wheat 0
415.5 688.6 494.1 731.5 472.8 770.5 394.2 727.6 wheat 0
379.3 780.7 306.8 803.1 291.6 753.9 364.1 731.5 wheat 0
391.9 764.2 435.1 768.5 430.9 810.2 387.7 805.9 wheat 0
570.8 745.0 614.9 749.5 607.1 827.5 563.0 823.1 wheat 0
705.1 863.5 667.1 902.6 591.2 828.9 629.2 789.8 wheat 0
721.1 926.5 647.2 941.5 637.4 893.2 711.3 878.2 wheat 0
636.1 985.5 582.2 990.9 572.8 897.3 626.7 891.9 wheat 0
134.1 664.5 158.3 702.3 84.9 749.4 60.7 711.6 wheat 0
142.1 680.5 103.9 701.3 56.9 615.3 95.0 594.4 wheat 0
156.1 632.5 99.0 638.2 93.2 580.1 150.2 574.4 wheat 0
294.1 360.5 223.2 367.6 220.7 342.7 291.6 335.6 wheat 0
276.1 244.5 233.5 248.8 225.6 170.2 268.2 165.9 wheat 0
534.1 108.5 395.2 184.4 363.8 126.7 502.6 50.9 wheat 0
617.1 124.5 535.4 193.3 503.4 155.2 585.0 86.4 wheat 0
731.1 194.5 632.3 236.2 615.2 195.7 713.9 154.0 wheat 0
742.1 68.5 643.3 78.4 637.8 23.9 736.6 14.0 wheat 0
1000.1 180.5 893.6 238.7 865.1 186.5 971.5 128.3 wheat 0
978.1 129.5 911.8 157.5 897.7 124.2 964.0 96.2 wheat 0
1016.1 64.5 961.6 101.8 934.9 62.8 989.4 25.5 wheat 0
871.1 672.5 720.5 703.0 708.8 645.4 859.4 614.9 wheat 0
909.1 978.5 880.5 1022.9 844.9 1000.1 873.5 955.7 wheat 0
