269.7 2.1 288.8 8.0 274.3 54.9 255.2 49.0 wheat 0
223.0 3.0 245.0 3.0 245.0 39.0 223.0 39.0 wheat 0
216.0 53.0 198.7 56.5 187.9 3.5 205.3 0.0 wheat 0
163.6 22.2 184.0 54.0 166.0 65.6 145.6 33.7 wheat 0
154.4 86.9 140.0 99.0 75.1 22.0 89.5 9.9 wheat 0
165.0 186.0 148.9 197.0 120.6 155.8 136.8 144.7 wheat 0
159.0 140.0 177.0 140.0 177.0 178.0 159.0 178.0 wheat 0
244.0 167.0 215.2 175.9 197.2 117.7 226.0 108.8 wheat 0
71.4 211.9 141.4 218.9 139.0 243.0 69.0 236.0 wheat 0
172.5 199.2 194.7 217.9 180.5 234.8 158.3 216.1 wheat 0
199.9 306.7 239.0 347.0 223.5 362.0 184.4 321.8 wheat 0
170.1 330.5 179.4 342.3 148.9 366.5 139.6 354.7 wheat 0
66.2 330.8 135.3 352.2 127.0 379.0 57.9 357.6 wheat 0
104.0 383.0 21.2 399.8 15.4 370.9 98.1 354.1 wheat 0
295.0 407.0 275.0 423.9 240.6 383.1 260.7 366.2 wheat 0
202.0 413.0 177.9 429.5 165.3 411.0 189.4 394.6 wheat 0
70.3 407.9 120.7 429.2 114.0 445.0 63.6 423.7 wheat 0
75.0 434.0 15.2 459.3 5.4 435.9 65.1 410.6 wheat 0
1.0 480.0 57.0 480.0 57.0 504.0 1.0 504.0 wheat 0
102.0 493.0 157.0 493.0 157.0 518.0 102.0 518.0 wheat 0
100.0 547.0 20.8 571.5 12.4 544.1 91.5 519.6 wheat 0
158.8 523.5 182.5 543.5 152.2 579.5 128.5 559.5 wheat 0
212.0 522.0 228.0 522.0 228.0 547.0 212.0 547.0 wheat 0
225.5 566.9 200.1 580.8 191.5 565.1 216.9 551.2 wheat 0
214.6 399.6 226.3 422.6 213.1 429.3 201.4 406.4 wheat 0
239.5 627.2 258.8 635.4 248.0 661.0 228.7 652.8 wheat 0
144.0 620.0 95.0 635.2 86.1 606.3 135.1 591.1 wheat 0
88.0 600.0 27.5 633.0 17.7 615.1 78.2 582.1 wheat 0
139.0 665.0 70.0 679.0 65.3 656.0 134.3 642.0 wheat 0
140.0 688.0 173.0 688.0 173.0 701.0 140.0 701.0 wheat 0
80.0 651.0 25.1 662.1 22.0 647.1 77.0 636.0 wheat 0
182.1 725.1 149.8 738.7 138.9 712.9 171.2 699.3 wheat 0
181.6 669.1 215.1 721.3 192.4 735.9 158.9 683.7 wheat 0
130.0 736.0 85.1 749.9 78.3 728.0 123.2 714.1 wheat 0
160.0 857.0 88.2 887.3 79.1 865.8 150.9 835.4 wheat 0
110.8 889.2 132.1 907.1 80.0 969.0 58.7 951.1 wheat 0
195.3 899.7 214.7 903.6 201.0 971.0 181.7 967.1 wheat 0
563.0 941.0 513.1 962.1 502.7 937.3 552.5 916.2 wheat 0
492.8 917.3 515.3 932.7 472.0 996.0 449.5 980.6 wheat 0
574.1 902.8 615.3 931.0 603.0 949.0 561.8 920.8 wheat 0
680.0 988.0 657.2 1003.6 610.2 934.9 633.0 919.3 wheat 0
459.8 832.1 471.8 850.8 392.0 902.0 380.0 883.3 wheat 0
436.0 777.0 384.2 787.5 379.0 761.9 430.8 751.4 wheat 0
513.0 707.0 418.2 736.3 410.0 710.1 504.9 680.7 wheat 0
481.5 646.4 498.8 658.3 483.5 680.6 466.2 668.7 wheat 0
555.1 676.5 527.2 679.3 524.9 656.5 552.8 653.7 wheat 0
511.3 670.8 535.9 684.2 513.0 726.0 488.4 712.6 wheat 0
503.6 708.4 540.8 716.0 536.4 737.6 499.2 730.0 wheat 0
582.0 747.7 540.0 760.7 530.0 728.3 572.0 715.3 wheat 0
592.0 797.0 576.5 807.6 549.9 768.7 565.4 758.1 wheat 0
602.7 862.4 584.5 874.8 543.3 814.6 561.5 802.2 wheat 0
601.6 831.9 692.8 860.1 686.0 882.0 594.8 853.8 wheat 0
529.8 771.0 482.8 780.5 478.2 758.0 525.2 748.5 wheat 0
482.6 707.6 498.7 724.1 466.4 755.4 450.3 738.9 wheat 0
586.4 632.4 559.7 643.7 540.6 598.6 567.3 587.3 wheat 0
484.8 574.4 537.5 596.7 526.0 624.0 473.3 601.7 wheat 0
595.0 592.0 565.1 598.1 556.1 553.7 586.0 547.6 wheat 0
523.1 508.6 545.0 527.0 512.3 565.9 490.4 547.4 wheat 0
535.0 533.0 556.0 533.0 556.0 585.0 535.0 585.0 wheat 0
487.0 455.9 505.8 475.3 470.0 510.1 451.2 490.7 wheat 0
515.5 457.9 535.3 471.4 524.5 487.1 504.7 473.6 wheat 0
530.0 429.0 502.3 444.1 490.1 421.9 517.8 406.7 wheat 0
459.8 449.7 481.6 454.1 477.0 477.0 455.2 472.6 wheat 0
549.0 338.0 575.0 338.0 575.0 386.0 549.0 386.0 wheat 0
606.9 343.8 567.7 351.7 563.1 329.2 602.3 321.3 wheat 0
651.3 322.7 668.1 343.8 629.7 374.3 612.9 353.2 wheat 0
720.0 235.0 667.0 264.0 653.5 239.4 706.6 210.4 wheat 0
500.0 281.0 541.0 281.0 541.0 323.0 500.0 323.0 wheat 0
474.0 311.0 500.0 311.0 500.0 336.0 474.0 336.0 wheat 0
479.1 272.4 493.1 273.8 490.9 295.6 476.9 294.2 wheat 0
448.7 207.7 461.7 218.7 444.3 239.3 431.3 228.3 wheat 0
495.7 203.9 530.2 232.8 517.3 248.1 482.8 219.2 wheat 0
510.2 213.9 487.2 223.6 474.8 194.1 497.8 184.4 wheat 0
458.3 159.3 487.0 175.0 478.0 191.6 449.2 175.9 wheat 0
505.8 154.6 491.3 166.8 473.2 145.4 487.7 133.2 wheat 0
587.0 190.0 564.7 196.9 551.4 154.1 573.8 147.2 wheat 0
649.0 169.0 598.9 190.2 587.2 162.5 637.3 141.3 wheat 0
535.0 92.0 557.0 92.0 557.0 138.0 535.0 138.0 wheat 0
553.8 159.5 531.2 164.1 527.2 144.5 549.8 139.9 wheat 0
631.0 96.0 596.3 125.2 579.1 104.8 613.8 75.6 wheat 0
572.2 82.7 546.7 87.8 531.8 14.3 557.3 9.2 wheat 0
571.1 56.3 590.7 60.3 584.9 88.7 565.3 84.7 wheat 0
554.4 1.1 575.3 3.2 570.6 50.9 549.7 48.8 wheat 0
463.4 77.6 441.5 84.3 427.6 39.4 449.5 32.7 wheat 0
475.5 61.7 464.0 69.6 442.5 38.3 454.0 30.4 wheat 0
892.8 109.3 839.1 114.6 837.2 95.7 890.9 90.4 wheat 0
918.5 95.1 933.1 110.1 906.5 135.9 891.9 120.9 wheat 0
894.1 160.9 864.7 166.8 861.9 153.1 891.3 147.2 wheat 0
889.8 193.0 938.6 208.1 931.2 232.0 882.4 216.9 wheat 0
978.9 202.9 992.3 216.7 959.0 249.0 945.6 235.2 wheat 0
1007.2 185.5 1023.4 194.4 998.0 241.0 981.7 232.1 wheat 0
977.0 344.0 1024.0 344.0 1024.0 361.7 977.0 361.7 wheat 0
1000.0 364.0 1024.0 364.0 1024.0 387.0 1000.0 387.0 wheat 0
831.6 520.9 845.5 526.8 831.0 561.0 817.2 555.1 wheat 0
921.1 460.4 944.0 496.0 925.6 507.8 902.7 472.2 wheat 0
953.7 568.8 989.0 593.0 978.3 608.6 943.0 584.4 wheat 0
934.1 656.3 984.0 719.1 969.0 731.0 919.2 668.2 wheat 0
915.2 703.3 992.8 756.3 980.0 775.0 902.4 721.9 wheat 0
999.7 1003.8 976.0 1020.0 898.6 906.8 922.3 890.6 wheat 0
868.6 1009.6 845.8 1022.1 821.4 977.4 844.2 964.9 wheat 0
975.6 604.1 1015.8 612.3 1012.0 631.0 971.8 622.9 wheat 0
