554.7 617.6 660.0 675.1 640.2 711.4 534.9 653.9 wheat 0
820.7 622.2 800.5 643.0 749.5 593.4 769.7 572.6 wheat 0
898.3 481.5 781.1 517.7 768.7 477.6 885.9 441.4 wheat 0
943.9 491.5 984.4 513.6 965.2 548.7 924.7 526.6 wheat 0
715.4 537.5 740.6 558.7 727.1 574.8 701.9 553.5 wheat 0
683.7 560.6 712.5 584.9 699.4 600.5 670.6 576.3 wheat 0
1023.0 777.1 985.7 797.5 926.5 689.0 963.7 668.6 wheat 0
985.6 573.7 1022.2 593.8 991.7 649.6 955.0 629.6 wheat 0
934.7 636.6 995.7 636.6 995.7 673.6 934.7 673.6 wheat 0
818.7 707.6 869.7 707.6 869.7 749.6 818.7 749.6 wheat 0
832.2 869.4 794.4 885.4 782.3 856.8 820.1 840.9 wheat 0
811.9 893.6 845.1 907.6 825.6 953.7 792.4 939.6 wheat 0
778.1 904.1 729.4 909.0 726.4 879.1 775.1 874.2 wheat 0
485.7 808.6 582.7 808.6 582.7 856.6 485.7 856.6 wheat 0
552.8 944.7 597.0 963.4 582.6 997.5 538.4 978.8 wheat 0
412.7 964.6 495.7 964.6 495.7 1001.6 412.7 1001.6 wheat 0
414.7 996.6 501.7 996.6 501.7 1020.6 414.7 1020.6 wheat 0
526.7 987.6 577.7 987.6 577.7 1023.6 526.7 1023.6 wheat 0
511.1 707.1 493.3 722.1 465.9 689.6 483.7 674.6 wheat 0
552.5 532.7 525.3 547.6 498.0 497.5 525.2 482.7 wheat 0
446.8 529.7 495.4 539.6 490.7 562.6 442.2 552.8 wheat 0
661.1 430.4 618.0 439.1 600.3 351.9 643.5 343.1 wheat 0
913.3 405.3 876.0 436.7 800.5 347.0 837.7 315.6 wheat 0
926.4 235.6 972.7 235.6 972.7 336.6 926.4 336.6 wheat 0
1008.3 157.5 923.3 245.0 893.2 215.7 978.2 128.2 wheat 0
980.7 107.6 1024.0 107.6 1024.0 141.5 980.7 141.5 wheat 0
949.5 62.4 992.5 75.7 973.0 138.8 930.0 125.5 wheat 0
936.7 18.6 979.3 47.7 963.4 70.8 920.9 41.7 wheat 0
845.2 35.4 895.8 40.5 879.7 200.6 829.1 195.5 wheat 0
657.8 150.8 620.2 182.5 561.1 112.3 598.7 80.6 wheat 0
645.0 88.4 609.9 117.9 553.7 51.1 588.7 21.6 wheat 0
406.3 97.7 470.3 132.7 450.2 169.5 386.1 134.5 wheat 0
760.7 284.6 672.8 321.8 658.3 287.5 746.2 250.3 wheat 0
442.1 230.0 375.5 286.1 350.4 256.2 416.9 200.2 wheat 0
397.1 200.6 299.6 210.4 296.3 177.6 393.8 167.8 wheat 0
524.1 342.3 445.7 358.2 439.4 326.9 517.8 311.0 wheat 0
648.8 236.9 689.2 259.0 678.6 278.3 638.3 256.2 wheat 0
445.1 359.6 492.7 359.6 492.7 429.2 445.1 429.2 wheat 0
363.7 589.6 295.7 618.4 281.2 584.3 349.3 555.5 wheat 0
443.2 742.4 416.7 769.6 357.3 711.9 383.7 684.6 wheat 0
347.7 647.9 420.0 678.5 407.0 709.2 334.7 678.6 wheat 0
353.4 598.7 389.6 629.2 354.7 670.6 318.5 640.1 wheat 0
333.7 783.1 384.4 804.5 372.7 832.1 322.1 810.7 wheat 0
380.7 844.6 362.6 857.0 308.2 777.4 326.3 765.1 wheat 0
263.5 656.2 311.7 676.6 284.9 740.0 236.7 719.6 wheat 0
438.9 959.0 351.7 1006.6 336.3 978.4 423.5 930.8 wheat 0
280.6 946.8 246.3 975.7 159.4 872.6 193.7 843.6 wheat 0
291.7 989.5 267.3 1014.6 240.8 988.8 265.2 963.7 wheat 0
248.7 1001.6 210.4 1022.6 171.8 951.9 210.1 931.0 wheat 0
105.7 871.6 46.1 896.8 30.6 860.1 90.2 834.9 wheat 0
44.8 940.8 111.7 986.6 86.8 1023.1 19.8 977.3 wheat 0
106.2 949.2 152.7 974.6 139.9 998.2 93.4 972.8 wheat 0
105.4 564.5 179.9 579.6 172.1 617.8 97.6 602.7 wheat 0
185.7 511.6 215.7 511.6 215.7 534.6 185.7 534.6 wheat 0
127.9 377.7 201.6 408.8 185.6 446.6 111.9 415.4 wheat 0
226.8 403.8 184.4 417.0 162.3 345.7 204.7 332.6 wheat 0
136.4 244.5 176.7 261.6 144.1 338.8 103.7 321.7 wheat 0
180.3 354.1 152.3 373.3 89.7 281.8 117.7 262.6 wheat 0
64.7 0.0 235.7 0.0 235.7 49.0 64.7 49.0 wheat 0
156.7 36.0 200.7 49.6 171.3 144.8 127.2 131.2 wheat 0
17.7 18.6 49.7 18.6 49.7 50.6 17.7 50.6 wheat 0
47.7 59.6 79.7 59.6 79.7 112.6 47.7 112.6 wheat 0
43.4 516.4 117.9 531.5 112.1 559.9 37.6 544.8 wheat 0
15.6 574.0 102.3 610.6 88.7 642.6 2.0 606.0 wheat 0
944.7 353.6 912.9 371.0 872.1 296.3 903.9 278.9 wheat 0
