794.7 764.6 737.8 770.3 723.5 627.6 780.4 621.9 wheat 0
712.7 644.6 733.9 666.4 651.4 746.6 630.2 724.8 wheat 0
661.7 763.6 712.7 763.6 712.7 833.6 661.7 833.6 wheat 0
972.7 848.6 854.4 860.5 848.7 804.3 967.1 792.4 wheat 0
784.7 826.6 854.7 826.6 854.7 865.6 784.7 865.6 wheat 0
571.5 887.6 730.7 974.6 703.9 1023.7 544.7 936.7 wheat 0
417.2 818.8 535.7 918.6 492.2 970.3 373.7 870.4 wheat 0
441.6 754.3 482.7 796.6 405.0 872.2 363.9 829.8 wheat 0
525.7 680.6 347.7 698.5 342.9 650.6 520.9 632.7 wheat 0
331.1 744.9 260.9 792.9 243.4 767.3 313.6 719.3 wheat 0
433.7 433.6 482.7 433.6 482.7 533.6 433.7 533.6 wheat 0
190.7 687.6 146.3 706.4 83.7 558.5 128.2 539.6 wheat 0
72.4 944.5 195.4 982.6 182.7 1023.6 59.7 985.5 wheat 0
31.9 889.1 81.6 904.4 53.5 995.2 3.9 979.8 wheat 0
12.3 649.8 74.1 662.3 66.1 701.5 4.4 689.0 wheat 0
48.7 693.6 92.7 693.6 92.7 785.6 48.7 785.6 wheat 0
35.3 301.7 147.7 378.6 117.2 423.2 4.8 346.3 wheat 0
362.3 211.9 249.8 306.6 220.2 271.4 332.6 176.7 wheat 0
513.7 248.6 391.5 260.9 386.5 210.7 508.7 198.5 wheat 0
611.7 153.6 488.2 178.7 476.0 118.3 599.5 93.3 wheat 0
700.9 295.2 746.0 304.4 722.6 420.0 677.5 410.9 wheat 0
748.4 262.5 871.7 314.6 853.7 357.2 730.4 305.0 wheat 0
906.0 54.3 948.6 90.2 881.7 169.6 839.1 133.7 wheat 0
859.7 212.6 929.7 212.6 929.7 247.6 859.7 247.6 wheat 0
1023.0 191.6 969.0 228.6 950.5 201.6 1004.6 164.7 wheat 0
808.6 940.9 845.4 956.5 834.9 981.3 798.1 965.8 wheat 0
866.7 992.6 951.7 992.6 951.7 1022.6 866.7 1022.6 wheat 0
534.0 3.7 565.4 30.1 514.5 90.5 483.1 64.1 wheat 0
737.0 2.7 797.3 21.3 781.7 71.6 721.5 53.0 wheat 0
