724.2 451.1 803.1 517.5 773.5 552.6 694.7 486.2 wheat 0
664.1 633.5 614.4 660.7 599.2 633.0 648.9 605.8 wheat 0
683.1 862.5 649.9 896.7 588.7 837.3 621.9 803.1 wheat 0
459.1 907.5 342.6 919.2 338.0 873.5 454.5 861.8 wheat 0
493.1 927.5 375.7 951.3 367.3 909.7 484.6 885.9 wheat 0
551.1 361.5 517.8 384.2 449.1 283.7 482.3 261.0 wheat 0
588.1 352.5 548.3 374.3 503.0 291.3 542.8 269.6 wheat 0
631.1 299.5 580.5 304.6 572.0 219.9 622.6 214.8 wheat 0
667.3 143.8 698.0 169.7 640.1 238.5 609.3 212.6 wheat 0
766.1 129.5 705.5 162.6 685.9 126.6 746.4 93.6 wheat 0
584.1 250.5 549.8 285.8 493.6 231.2 527.9 195.9 wheat 0
545.1 138.5 505.3 146.6 492.2 82.2 532.0 74.2 wheat 0
688.1 927.5 639.5 960.7 595.9 897.0 644.4 863.7 wheat 0
739.1 973.5 711.0 1008.9 651.4 961.6 679.5 926.3 wheat 0
