616.8 240.9 670.3 296.0 588.9 375.2 535.3 320.0 wheat 0
572.2 186.8 615.3 195.6 592.5 308.3 549.3 299.5 wheat 0
721.3 47.0 780.3 47.0 780.3 153.0 721.3 153.0 wheat 0
331.8 366.3 394.3 445.0 350.1 480.1 287.6 401.4 wheat 0
212.8 466.1 245.9 531.1 204.9 552.0 171.8 486.9 wheat 0
128.8 436.5 171.8 460.0 113.3 567.0 70.3 543.5 wheat 0
554.3 557.0 607.3 557.0 607.3 641.0 554.3 641.0 wheat 0
925.3 753.0 873.6 796.6 753.5 654.0 805.2 610.5 wheat 0
653.5 934.4 594.7 946.3 561.1 780.7 619.9 768.8 wheat 0
851.3 947.0 824.6 999.5 668.8 920.1 695.4 867.7 wheat 0
427.9 884.3 471.9 921.3 386.2 1023.0 342.3 985.9 wheat 0
291.3 776.0 344.3 776.0 344.3 871.0 291.3 871.0 wheat 0
278.2 624.6 318.6 666.2 164.3 816.0 123.9 774.5 wheat 0
102.1 733.3 142.5 760.9 58.3 884.0 17.9 856.4 wheat 0
148.3 578.0 233.3 578.0 233.3 626.0 148.3 626.0 wheat 0
245.5 872.6 278.3 914.0 156.0 1011.1 123.2 969.7 wheat 0
747.3 442.0 823.3 442.0 823.3 498.0 747.3 498.0 wheat 0
697.1 470.9 736.7 498.0 695.5 558.2 655.9 531.1 wheat 0
381.3 132.0 335.5 151.4 289.9 43.7 335.8 24.3 wheat 0
429.3 521.7 390.3 554.5 352.3 509.4 391.3 476.6 wheat 0
572.3 671.0 646.3 671.0 646.3 728.0 572.3 728.0 wheat 0
