595.8 696.2 694.3 706.1 690.7 741.6 592.2 731.7 wheat 0
491.2 593.2 588.9 603.0 584.7 644.6 487.0 634.8 wheat 0
205.9 651.8 279.2 691.9 265.7 716.6 192.4 676.5 wheat 0
345.6 664.6 417.5 703.8 395.7 743.6 323.9 704.4 wheat 0
516.2 697.8 556.2 719.7 544.7 740.6 504.7 718.8 wheat 0
398.2 845.4 326.3 852.6 322.8 817.8 394.7 810.6 wheat 0
413.5 864.3 463.3 869.3 461.7 884.6 412.0 879.6 wheat 0
508.8 843.8 537.7 863.5 511.7 901.5 482.8 881.7 wheat 0
720.9 930.9 762.7 948.6 751.6 975.0 709.7 957.3 wheat 0
686.2 962.5 772.1 971.1 768.7 1004.6 682.9 996.0 wheat 0
100.8 874.9 188.7 902.1 176.6 941.3 88.7 914.1 wheat 0
168.7 734.6 239.7 734.6 239.7 777.6 168.7 777.6 wheat 0
108.0 737.5 96.1 756.1 67.5 737.7 79.4 719.2 wheat 0
82.7 789.6 130.7 789.6 130.7 828.6 82.7 828.6 wheat 0
219.6 847.4 175.8 851.8 173.8 831.9 217.6 827.5 wheat 0
158.7 797.6 185.7 797.6 185.7 815.6 158.7 815.6 wheat 0
147.7 823.6 177.7 823.6 177.7 843.6 147.7 843.6 wheat 0
61.7 832.6 130.7 832.6 130.7 862.6 61.7 862.6 wheat 0
56.7 884.6 11.5 893.8 4.5 859.5 49.8 850.3 wheat 0
17.6 974.7 72.4 980.2 69.7 1006.6 15.0 1001.1 wheat 0
858.7 834.6 912.7 834.6 912.7 872.6 858.7 872.6 wheat 0
920.0 837.6 882.2 841.4 879.4 813.6 917.2 809.8 wheat 0
940.6 788.7 988.5 808.9 976.8 836.6 928.9 816.3 wheat 0
958.2 674.9 1009.4 709.9 991.3 736.3 940.1 701.3 wheat 0
984.7 744.6 919.1 772.4 906.4 742.2 972.0 714.5 wheat 0
935.3 659.5 956.4 671.0 928.1 722.8 907.1 711.3 wheat 0
832.7 555.6 918.7 555.6 918.7 586.6 832.7 586.6 wheat 0
749.7 519.6 663.6 546.3 654.3 516.2 740.4 489.6 wheat 0
904.7 516.6 829.9 524.1 826.7 491.8 901.5 484.3 wheat 0
644.7 554.6 498.2 584.3 488.0 533.9 634.5 504.2 wheat 0
293.7 513.6 373.9 547.5 363.7 571.6 283.5 537.7 wheat 0
209.7 525.6 134.5 533.2 131.2 500.2 206.4 492.6 wheat 0
137.0 586.6 207.2 624.9 190.4 655.7 120.2 617.3 wheat 0
88.0 630.5 7.4 638.6 4.4 608.7 85.0 600.6 wheat 0
11.0 530.1 88.4 545.8 81.5 580.1 4.0 564.4 wheat 0
190.5 395.7 291.9 416.2 284.7 451.6 183.4 431.1 wheat 0
219.2 423.7 264.8 448.7 252.3 471.5 206.7 446.6 wheat 0
13.5 372.7 113.0 382.7 110.0 412.5 10.5 402.5 wheat 0
4.7 428.6 83.7 428.6 83.7 467.6 4.7 467.6 wheat 0
383.1 396.5 292.7 405.5 289.3 371.7 379.7 362.6 wheat 0
438.4 400.7 516.7 424.9 504.0 465.8 425.7 441.6 wheat 0
295.2 437.7 396.9 469.2 384.7 508.6 283.0 477.2 wheat 0
337.3 466.3 414.7 508.6 397.6 540.1 320.1 497.8 wheat 0
526.7 278.3 566.2 290.5 533.7 395.6 494.2 383.4 wheat 0
522.4 406.7 466.7 412.3 463.1 376.5 518.8 370.9 wheat 0
557.0 416.7 629.6 431.4 620.4 476.5 547.9 461.8 wheat 0
579.3 336.4 606.3 359.2 585.7 383.6 558.7 360.9 wheat 0
484.7 311.6 383.9 321.7 380.0 283.1 480.9 272.9 wheat 0
504.1 251.3 478.7 272.6 427.7 212.0 453.0 190.7 wheat 0
589.5 174.6 676.2 201.4 663.7 241.6 577.1 214.8 wheat 0
855.8 354.8 823.3 372.6 792.7 316.4 825.1 298.7 wheat 0
876.6 418.2 847.7 434.0 819.9 383.1 848.8 367.3 wheat 0
814.5 263.3 881.1 276.8 873.0 317.0 806.3 303.5 wheat 0
822.8 202.3 888.7 215.6 881.5 251.2 815.6 237.9 wheat 0
841.3 237.8 809.9 259.3 790.2 230.4 821.5 208.9 wheat 0
919.7 170.6 976.7 170.6 976.7 207.6 919.7 207.6 wheat 0
974.6 387.2 1021.6 396.7 1014.9 430.0 967.8 420.5 wheat 0
830.6 21.6 904.1 36.5 895.9 76.7 822.4 61.8 wheat 0
876.7 106.6 850.6 124.5 818.0 76.8 844.1 59.0 wheat 0
719.1 41.3 797.6 95.0 778.7 122.6 700.3 68.9 wheat 0
763.7 183.9 733.3 196.8 720.8 167.3 751.2 154.5 wheat 0
546.3 39.5 646.9 82.0 629.7 122.6 529.2 80.1 wheat 0
476.7 107.6 435.8 130.0 420.0 101.1 460.9 78.7 wheat 0
229.6 4.3 330.3 46.9 317.7 76.6 217.0 34.0 wheat 0
218.7 122.6 188.0 132.1 170.6 75.9 201.3 66.4 wheat 0
52.3 10.2 112.0 42.8 97.1 70.0 37.5 37.4 wheat 0
43.3 63.9 138.0 93.2 126.7 129.6 32.1 100.3 wheat 0
91.4 207.7 171.6 275.3 147.7 303.6 67.5 236.1 wheat 0
73.7 253.6 53.8 274.1 9.5 231.1 29.5 210.6 wheat 0
313.4 943.8 253.2 962.5 247.0 942.4 307.2 923.8 wheat 0
407.9 1002.5 382.7 1016.2 364.0 982.1 389.2 968.3 wheat 0
614.4 139.6 653.0 160.7 641.1 182.6 602.4 161.5 wheat 0
