803.1 417.5 696.9 450.3 680.5 397.2 786.6 364.4 wheat 0
942.1 469.5 885.0 508.5 803.5 389.5 860.6 350.4 wheat 0
858.1 644.5 794.6 664.1 767.8 577.4 831.2 557.7 wheat 0
901.1 566.5 870.6 626.4 822.9 602.1 853.4 542.2 wheat 0
789.1 808.5 708.2 842.7 687.9 794.6 768.7 760.4 wheat 0
220.1 924.5 152.6 953.0 125.8 889.5 193.2 861.0 wheat 0
297.1 727.5 178.1 827.8 139.5 781.9 258.5 681.7 wheat 0
254.1 635.5 179.5 643.0 166.6 514.1 241.1 506.6 wheat 0
76.4 521.3 141.4 565.8 65.0 677.5 0.0 633.1 wheat 0
333.7 367.5 316.1 469.5 262.4 460.3 280.0 358.3 wheat 0
228.1 404.5 172.8 513.0 131.6 492.0 186.8 383.5 wheat 0
281.1 426.5 211.0 464.8 191.7 429.5 261.8 391.2 wheat 0
394.1 391.5 329.2 435.9 296.4 388.0 361.3 343.6 wheat 0
476.1 426.5 387.7 474.8 359.5 423.0 447.8 374.8 wheat 0
475.1 238.5 415.2 271.2 383.0 212.3 442.9 179.6 wheat 0
530.6 121.1 579.3 136.2 564.5 183.9 515.8 168.9 wheat 0
644.6 116.8 703.3 128.7 682.1 233.5 623.3 221.6 wheat 0
804.1 308.5 760.5 322.0 724.9 206.8 768.4 193.4 wheat 0
865.1 279.5 816.2 284.4 808.9 211.8 857.8 206.9 wheat 0
819.6 95.0 731.1 155.5 689.3 94.4 777.8 33.8 wheat 0
352.1 91.5 426.1 91.5 426.1 143.5 352.1 143.5 wheat 0
360.1 4.5 422.1 4.5 422.1 60.5 360.1 60.5 wheat 0
310.1 195.5 214.5 235.9 192.8 184.7 288.4 144.3 wheat 0
162.1 309.5 45.6 345.5 29.0 291.9 145.5 255.8 wheat 0
46.6 91.1 145.1 158.5 110.3 209.3 11.8 141.9 wheat 0
395.1 285.5 322.8 307.9 297.7 226.9 370.0 204.5 wheat 0
535.1 735.5 479.5 746.8 453.8 619.7 509.3 608.4 wheat 0
449.3 509.4 502.6 514.8 497.1 569.5 443.8 564.2 wheat 0
383.1 569.0 456.2 591.6 415.1 724.5 342.0 701.9 wheat 0
