669.9 334.4 769.3 376.5 750.3 421.6 650.8 379.5 wheat 0
737.4 464.5 809.1 513.5 789.1 542.6 717.5 493.6 wheat 0
582.1 187.5 498.1 195.9 493.2 147.7 577.2 139.2 wheat 0
503.1 126.5 459.3 145.0 434.1 85.5 477.9 67.0 wheat 0
544.1 294.5 512.5 321.1 449.7 246.5 481.2 219.9 wheat 0
429.1 323.5 389.1 335.9 354.8 224.8 394.7 212.4 wheat 0
462.1 356.5 418.3 386.5 364.6 308.0 408.4 278.1 wheat 0
482.3 338.5 561.1 419.5 529.8 449.9 451.0 368.9 wheat 0
473.1 555.5 429.3 559.9 418.1 447.5 461.8 443.1 wheat 0
485.2 534.4 597.1 595.5 573.6 638.5 461.7 577.4 wheat 0
741.1 749.5 695.5 758.7 680.8 686.1 726.3 676.8 wheat 0
871.1 784.5 832.0 792.4 821.0 738.2 860.1 730.3 wheat 0
766.2 932.6 628.6 960.5 620.5 920.4 758.1 892.5 wheat 0
708.1 917.5 645.5 930.2 636.6 886.2 699.1 873.5 wheat 0
443.1 815.0 506.6 821.3 502.1 866.5 438.6 860.1 wheat 0
438.1 807.5 407.3 810.6 402.5 763.2 433.3 760.1 wheat 0
415.1 726.5 384.0 743.5 352.9 686.6 384.0 669.6 wheat 0
461.1 727.5 423.6 753.1 378.5 687.3 416.0 661.7 wheat 0
397.3 637.4 472.1 652.5 461.9 702.6 387.2 687.4 wheat 0
459.1 559.5 372.8 577.0 364.3 535.3 450.6 517.8 wheat 0
369.7 451.4 451.9 496.3 431.1 534.5 348.8 489.6 wheat 0
443.1 441.5 417.0 468.4 362.7 415.7 388.8 388.8 wheat 0
682.1 467.5 659.7 511.5 588.2 475.1 610.6 431.1 wheat 0
153.1 417.5 118.2 436.6 87.3 380.0 122.2 361.0 wheat 0
103.1 432.5 78.1 453.5 26.6 392.3 51.5 371.3 wheat 0
321.1 531.5 227.9 582.4 208.3 546.4 301.4 495.5 wheat 0
177.1 701.5 137.3 718.3 103.8 639.0 143.5 622.2 wheat 0
100.1 736.5 57.9 759.6 7.4 667.2 49.6 644.1 wheat 0
237.8 822.8 340.1 843.5 330.7 889.7 228.4 869.0 wheat 0
270.1 875.5 197.0 882.8 193.6 848.8 266.7 841.5 wheat 0
171.5 935.1 101.6 942.1 96.1 887.5 166.1 880.5 wheat 0
18.1 883.5 112.1 883.5 112.1 913.5 18.1 913.5 wheat 0
27.1 826.7 104.0 850.5 91.1 892.5 14.1 868.7 wheat 0
964.2 21.0 1009.1 45.5 984.2 91.1 939.3 66.5 wheat 0
911.1 98.5 952.1 98.5 952.1 149.5 911.1 149.5 wheat 0
