884.6 425.5 780.4 469.6 761.5 425.0 865.8 380.9 wheat 0
896.6 522.5 815.7 566.7 796.4 531.4 877.3 487.1 wheat 0
883.6 644.5 754.0 699.3 736.3 657.4 865.9 602.6 wheat 0
923.6 162.5 813.8 237.6 796.9 212.9 906.7 137.8 wheat 0
983.5 69.6 907.6 133.5 881.2 102.1 957.1 38.1 wheat 0
931.6 238.5 803.4 278.2 790.9 237.9 919.1 198.2 wheat 0
964.1 151.3 997.9 193.9 892.6 277.5 858.8 234.9 wheat 0
225.6 332.5 144.5 376.8 120.5 333.0 201.7 288.7 wheat 0
129.6 441.5 57.3 463.9 45.8 426.9 118.2 404.5 wheat 0
118.9 439.1 180.4 458.1 167.6 499.5 106.1 480.5 wheat 0
279.6 279.5 203.9 287.1 199.0 238.1 274.7 230.5 wheat 0
187.6 186.7 227.5 208.5 187.6 281.5 147.7 259.7 wheat 0
132.6 243.5 163.6 275.5 94.6 342.5 63.6 310.5 wheat 0
78.3 170.6 110.0 192.3 62.6 261.5 30.9 239.8 wheat 0
42.1 70.2 88.7 102.0 46.6 163.5 0.1 131.7 wheat 0
