336.0 351.6 455.8 388.7 444.1 426.5 324.3 389.5 wheat 0
574.1 512.5 520.8 517.9 510.9 419.8 564.2 414.4 wheat 0
591.9 423.2 648.8 471.1 624.1 500.5 567.2 452.6 wheat 0
644.1 442.5 610.4 452.9 590.4 388.0 624.0 377.6 wheat 0
721.3 345.7 821.1 448.5 787.1 481.5 687.3 378.8 wheat 0
704.1 447.5 755.1 447.5 755.1 499.5 704.1 499.5 wheat 0
720.9 480.9 770.6 543.7 738.1 569.5 688.3 506.8 wheat 0
893.1 633.5 853.6 645.7 830.0 569.2 869.4 557.0 wheat 0
895.5 664.9 974.4 718.9 952.1 751.5 873.2 697.5 wheat 0
746.5 576.7 816.2 664.6 781.1 692.5 711.3 604.6 wheat 0
569.8 569.6 675.6 580.3 672.1 615.5 566.3 604.9 wheat 0
619.9 629.2 707.7 703.1 677.1 739.5 589.3 665.6 wheat 0
497.7 614.1 608.9 690.1 586.1 723.5 474.9 647.4 wheat 0
384.4 510.5 472.4 528.4 465.1 564.5 377.1 546.7 wheat 0
261.6 492.9 321.8 518.4 306.1 555.5 245.8 530.1 wheat 0
80.1 544.8 151.9 584.0 133.1 618.5 61.3 579.3 wheat 0
288.2 643.6 371.0 660.4 365.1 689.5 282.3 672.7 wheat 0
310.2 670.2 350.2 732.4 322.1 750.5 282.1 688.3 wheat 0
404.8 765.0 488.1 790.8 477.1 826.5 393.8 800.8 wheat 0
561.5 741.1 640.8 749.0 636.1 796.5 556.7 788.6 wheat 0
793.4 794.1 857.7 821.3 841.1 860.5 776.8 833.4 wheat 0
795.1 885.5 902.1 885.5 902.1 929.5 795.1 929.5 wheat 0
893.7 757.1 1002.3 803.0 985.6 842.4 877.1 796.5 wheat 0
388.3 408.3 509.5 420.4 505.1 464.5 383.9 452.3 wheat 0
800.5 178.4 862.6 230.7 840.1 257.5 778.0 205.2 wheat 0
675.7 119.0 768.4 158.2 753.1 194.5 660.3 155.3 wheat 0
715.0 62.0 807.1 139.5 782.3 168.9 690.3 91.3 wheat 0
777.6 92.5 743.1 99.5 724.7 8.9 759.2 1.9 wheat 0
587.9 71.3 661.4 86.2 653.1 127.5 579.5 112.6 wheat 0
539.2 83.3 630.8 122.1 620.1 147.5 528.5 108.8 wheat 0
485.6 64.8 534.4 126.3 495.1 157.5 446.2 96.0 wheat 0
533.1 175.5 625.1 175.5 625.1 215.5 533.1 215.5 wheat 0
493.1 171.5 602.4 217.7 588.1 251.5 478.8 205.3 wheat 0
332.8 194.8 404.4 225.1 391.1 256.5 319.5 226.3 wheat 0
189.0 141.0 274.5 149.6 270.1 193.5 184.6 184.9 wheat 0
219.1 75.1 305.5 122.3 284.1 161.5 197.7 114.3 wheat 0
67.0 127.6 145.4 160.8 129.1 199.5 50.6 166.4 wheat 0
120.8 645.8 173.4 656.4 161.1 717.5 108.4 706.8 wheat 0
274.1 833.5 240.2 862.0 170.4 779.1 204.2 750.6 wheat 0
221.1 864.5 199.3 898.5 114.3 843.9 136.1 810.0 wheat 0
197.7 805.2 252.7 851.5 229.1 879.5 174.1 833.2 wheat 0
279.7 770.4 374.7 789.7 370.1 812.5 275.1 793.3 wheat 0
372.1 832.5 288.1 849.5 281.5 816.7 365.4 799.7 wheat 0
508.1 833.5 403.6 877.7 388.7 842.3 493.1 798.2 wheat 0
455.3 842.1 521.8 848.8 518.1 886.5 451.6 879.8 wheat 0
590.0 828.5 666.3 852.1 654.1 891.5 577.8 867.9 wheat 0
485.1 896.5 619.1 896.5 619.1 922.5 485.1 922.5 wheat 0
775.9 931.1 672.1 1018.5 642.4 983.3 746.2 895.9 wheat 0
416.9 928.6 365.3 944.6 353.2 905.4 404.8 889.4 wheat 0
29.7 749.8 116.7 758.6 112.1 804.5 25.1 795.8 wheat 0
156.1 814.5 69.5 832.1 63.5 802.4 150.1 784.9 wheat 0
105.1 900.5 48.8 917.9 34.6 871.7 90.8 854.3 wheat 0
984.1 501.5 942.4 505.7 937.3 454.9 979.0 450.8 wheat 0
924.1 740.5 1001.1 740.5 1001.1 771.5 924.1 771.5 wheat 0
399.3 133.9 481.0 202.7 455.1 233.5 373.3 164.7 wheat 0
855.3 61.3 910.4 98.9 888.1 131.5 833.0 93.9 wheat 0
847.9 120.9 954.4 142.5 945.1 188.5 838.5 166.9 wheat 0
