878.4 551.2 595.5 608.6 582.2 542.9 865.1 485.5 wheat 0
749.8 626.7 813.3 633.1 794.1 824.5 730.5 818.1 wheat 0
745.1 802.5 804.6 802.5 804.6 1024.0 745.1 1024.0 wheat 0
461.1 655.5 702.6 787.5 673.1 841.5 431.5 709.6 wheat 0
381.1 748.5 512.1 748.5 512.1 800.9 381.1 800.9 wheat 0
418.6 772.5 651.1 931.5 616.7 981.8 384.2 822.7 wheat 0
121.8 510.5 408.1 568.5 396.8 623.8 110.6 565.8 wheat 0
526.0 598.3 476.1 632.5 290.2 360.8 340.1 326.6 wheat 0
149.1 289.5 232.1 289.5 232.1 592.5 149.1 592.5 wheat 0
212.1 446.1 336.1 458.5 331.1 507.5 207.2 495.1 wheat 0
860.1 234.5 667.2 477.5 600.2 424.3 793.1 181.3 wheat 0
985.1 405.5 776.2 493.8 752.4 437.6 961.3 349.3 wheat 0
902.1 644.5 840.6 650.7 812.8 373.7 874.3 367.5 wheat 0
935.1 688.5 976.1 688.5 976.1 864.5 935.1 864.5 wheat 0
610.1 422.5 569.3 444.8 507.8 332.1 548.5 309.8 wheat 0
93.0 63.6 445.1 172.5 425.1 236.9 73.1 128.0 wheat 0
538.1 275.5 497.8 316.9 390.6 212.8 430.9 171.4 wheat 0
737.5 68.6 1023.1 126.5 1012.1 180.5 726.5 122.6 wheat 0
482.8 634.9 375.9 693.3 350.6 647.0 457.5 588.6 wheat 0
189.1 643.5 115.5 650.9 109.2 588.0 182.7 580.6 wheat 0
