717.3 419.1 767.3 453.4 720.1 522.5 670.0 488.3 wheat 0
822.6 434.7 876.8 464.3 834.1 542.5 779.9 512.9 wheat 0
386.1 421.5 301.7 430.0 296.6 380.0 381.0 371.5 wheat 0
403.6 397.8 482.9 431.3 468.1 466.5 388.7 433.0 wheat 0
819.1 676.5 781.9 714.8 724.1 658.6 761.2 620.4 wheat 0
838.5 621.4 910.1 643.5 897.4 684.3 825.9 662.2 wheat 0
950.1 584.3 1023.2 606.9 1009.1 652.5 935.9 629.9 wheat 0
357.8 733.9 419.6 760.0 391.1 827.5 329.2 801.4 wheat 0
597.1 873.5 557.5 881.5 545.8 823.9 585.4 815.8 wheat 0
261.1 804.5 188.0 896.6 143.9 861.6 216.9 769.5 wheat 0
322.4 459.0 392.1 480.5 379.1 522.4 309.4 500.9 wheat 0
510.1 558.5 430.5 574.6 419.0 518.1 498.6 501.9 wheat 0
117.1 300.5 162.1 300.5 162.1 445.5 117.1 445.5 wheat 0
177.1 225.5 131.7 250.3 96.5 185.7 141.8 161.0 wheat 0
453.1 26.5 509.1 26.5 509.1 181.5 453.1 181.5 wheat 0
47.5 935.9 100.4 946.6 89.1 1002.5 36.2 991.8 wheat 0
133.5 640.8 201.2 654.6 187.1 724.5 119.3 710.8 wheat 0
