818.1 512.5 759.0 530.8 724.6 419.7 783.7 401.4 wheat 0
842.3 517.3 909.1 545.5 890.9 588.5 824.1 560.3 wheat 0
1020.0 766.4 975.1 775.5 958.6 694.2 1003.5 685.1 wheat 0
835.3 743.7 1006.1 860.5 971.8 910.5 801.1 793.7 wheat 0
860.1 621.5 757.9 642.2 747.2 589.3 849.3 568.6 wheat 0
563.7 558.8 747.1 615.5 726.2 682.8 542.9 626.1 wheat 0
710.1 436.5 632.1 469.5 610.2 417.9 688.2 384.9 wheat 0
696.1 312.0 772.1 335.5 756.1 387.0 680.1 363.5 wheat 0
803.1 293.5 758.7 307.2 734.3 228.4 778.7 214.7 wheat 0
680.1 125.5 743.1 125.5 743.1 219.5 680.1 219.5 wheat 0
622.4 180.9 709.1 217.5 689.6 263.5 602.9 226.9 wheat 0
810.1 118.0 1017.1 205.5 992.7 263.1 785.7 175.6 wheat 0
797.8 67.7 835.1 99.1 790.1 152.5 752.8 121.1 wheat 0
550.6 49.7 632.4 75.0 617.1 124.5 535.3 99.2 wheat 0
323.1 112.5 388.1 112.5 388.1 230.5 323.1 230.5 wheat 0
302.1 267.5 251.3 302.2 221.7 258.9 272.4 224.2 wheat 0
280.6 305.7 462.1 458.5 417.4 511.5 235.9 358.7 wheat 0
439.8 553.6 501.1 559.7 491.1 659.5 429.8 653.4 wheat 0
326.1 473.2 384.7 498.0 335.1 615.5 276.4 590.7 wheat 0
364.1 493.5 411.1 493.5 411.1 584.5 364.1 584.5 wheat 0
596.3 682.7 637.2 710.6 590.1 779.5 549.2 751.5 wheat 0
788.1 637.7 876.9 665.1 859.5 721.5 770.7 694.0 wheat 0
790.1 706.5 708.8 714.7 704.2 669.2 785.5 661.1 wheat 0
728.1 894.5 683.2 925.2 591.4 790.9 636.2 760.3 wheat 0
745.4 832.7 852.1 922.5 819.4 961.3 712.8 871.4 wheat 0
772.1 814.5 828.1 814.5 828.1 871.5 772.1 871.5 wheat 0
882.1 899.5 848.3 918.0 812.3 852.2 846.1 833.7 wheat 0
669.6 21.2 726.0 38.7 708.1 96.5 651.7 79.1 wheat 0
310.1 175.5 252.4 181.3 246.8 126.0 304.5 120.2 wheat 0
281.5 142.8 219.9 155.2 208.5 99.0 270.1 86.5 wheat 0
190.1 154.5 150.3 166.8 133.8 113.8 173.6 101.4 wheat 0
140.1 88.5 96.4 102.0 71.3 21.0 115.0 7.5 wheat 0
146.8 299.4 224.1 364.5 194.5 399.6 117.3 334.5 wheat 0
67.3 389.9 187.1 440.5 163.5 496.2 43.7 445.6 wheat 0
227.9 479.6 285.5 497.4 269.1 550.5 211.5 532.7 wheat 0
262.7 602.7 343.1 685.5 301.6 725.8 221.2 643.0 wheat 0
365.8 684.8 451.1 772.5 407.7 814.6 322.5 726.8 wheat 0
194.1 716.5 152.4 759.4 72.6 681.9 114.3 639.0 wheat 0
234.1 839.5 110.1 864.6 96.0 795.1 220.0 769.9 wheat 0
358.4 823.2 430.2 862.4 347.1 1014.5 275.3 975.3 wheat 0
592.6 838.5 651.9 856.8 621.1 956.5 561.7 938.2 wheat 0
120.7 852.1 236.1 875.5 224.2 934.1 108.8 910.7 wheat 0
90.2 590.5 13.9 614.1 -0.0 569.2 76.3 545.5 wheat 0
244.1 606.5 180.6 633.3 159.6 583.6 223.0 556.7 wheat 0
166.1 266.5 115.1 282.3 102.3 241.0 153.3 225.2 wheat 0
547.1 499.5 510.5 530.3 465.4 476.8 502.0 446.0 wheat 0
