716.2 549.1 780.3 562.1 756.1 681.5 692.0 668.5 wheat 0
851.1 569.6 904.6 580.4 894.1 632.5 840.5 621.7 wheat 0
943.1 574.5 887.4 598.0 862.8 539.9 918.5 516.4 wheat 0
923.1 425.5 845.6 449.5 828.4 393.6 905.8 369.7 wheat 0
794.4 345.7 733.8 378.8 700.7 318.3 761.3 285.2 wheat 0
532.1 239.5 603.1 239.5 603.1 306.5 532.1 306.5 wheat 0
508.1 185.5 589.1 185.5 589.1 229.5 508.1 229.5 wheat 0
345.1 307.5 294.4 335.2 255.4 263.7 306.0 236.0 wheat 0
290.5 317.4 374.1 325.8 369.7 369.6 286.1 361.2 wheat 0
526.1 461.5 415.5 472.6 408.7 404.9 519.3 393.8 wheat 0
473.1 346.5 585.1 346.5 585.1 403.5 473.1 403.5 wheat 0
800.1 445.5 730.5 504.1 695.6 462.7 765.2 404.1 wheat 0
752.1 392.5 848.1 392.5 848.1 438.5 752.1 438.5 wheat 0
927.1 394.5 981.1 394.5 981.1 457.5 927.1 457.5 wheat 0
966.1 222.5 925.0 257.1 870.5 192.5 911.6 157.9 wheat 0
329.1 154.5 281.0 180.8 241.9 109.1 289.9 82.9 wheat 0
218.8 80.8 279.7 87.0 272.1 163.5 211.1 157.4 wheat 0
148.1 159.5 105.0 177.7 74.3 105.0 117.3 86.8 wheat 0
149.1 467.5 68.0 501.8 39.8 435.1 120.9 400.8 wheat 0
174.8 741.0 271.1 760.5 257.5 827.5 161.2 808.0 wheat 0
507.1 811.5 401.2 822.1 395.2 762.4 501.1 751.7 wheat 0
582.1 808.5 492.6 817.5 486.6 757.7 576.1 748.7 wheat 0
720.6 825.8 610.1 836.9 604.5 781.2 715.0 770.1 wheat 0
653.2 670.6 732.1 678.5 725.7 742.2 646.8 734.2 wheat 0
686.1 749.5 590.1 759.1 583.2 690.2 679.1 680.6 wheat 0
674.3 785.0 587.8 793.7 582.8 744.0 669.4 735.3 wheat 0
589.5 847.8 681.0 857.0 675.1 916.5 583.5 907.3 wheat 0
776.6 932.0 833.6 937.7 827.1 1002.5 770.1 996.8 wheat 0
906.9 934.5 949.1 943.0 937.1 1002.5 894.8 993.9 wheat 0
951.1 833.5 1013.1 833.5 1013.1 889.5 951.1 889.5 wheat 0
48.1 948.5 147.1 948.5 147.1 1007.5 48.1 1007.5 wheat 0
206.1 468.5 258.1 468.5 258.1 546.5 206.1 546.5 wheat 0
537.1 4.5 639.1 4.5 639.1 70.5 537.1 70.5 wheat 0
