507.3 372.3 563.3 372.3 563.3 484.3 507.3 484.3 wheat 0
272.8 457.0 351.4 472.9 308.3 685.3 229.8 669.4 wheat 0
875.3 879.3 946.3 879.3 946.3 984.3 875.3 984.3 wheat 0
478.6 862.4 436.5 891.2 407.1 848.3 449.2 819.5 wheat 0
317.3 774.3 244.3 849.5 192.9 799.6 265.9 724.4 wheat 0
193.1 704.9 84.3 764.3 53.5 707.9 162.3 648.5 wheat 0
721.7 348.9 817.8 429.7 774.3 481.3 678.3 400.4 wheat 0
863.6 150.6 1003.2 209.7 976.3 273.3 836.6 214.3 wheat 0
848.9 291.6 789.3 332.3 730.8 246.8 790.4 206.1 wheat 0
471.7 339.9 415.3 357.3 388.5 270.7 444.9 253.2 wheat 0
369.0 319.6 244.3 372.3 222.0 319.4 346.6 266.7 wheat 0
246.8 391.7 108.3 467.3 66.2 390.2 204.7 314.6 wheat 0
311.5 88.7 458.9 189.5 419.3 247.3 271.9 146.5 wheat 0
