203.3 264.2 255.1 292.4 190.3 410.9 138.6 382.6 wheat 0
211.3 303.4 183.3 338.6 100.3 272.7 128.3 237.5 wheat 0
132.5 214.8 105.2 249.2 22.1 183.3 49.5 148.9 wheat 0
53.4 74.4 161.8 165.7 130.3 203.0 21.9 111.7 wheat 0
111.9 56.9 229.8 106.8 215.3 141.0 97.4 91.2 wheat 0
382.1 123.2 329.4 128.5 321.5 49.9 374.2 44.6 wheat 0
519.6 37.5 435.4 95.1 411.1 59.6 495.3 2.0 wheat 0
674.8 240.8 622.2 269.6 513.8 71.3 566.5 42.5 wheat 0
575.9 53.1 615.1 61.0 574.8 260.0 535.6 252.0 wheat 0
646.5 305.9 744.0 336.0 732.1 374.2 634.7 344.1 wheat 0
607.5 328.9 667.5 390.7 639.3 418.0 579.3 356.3 wheat 0
607.9 385.0 693.6 457.1 660.7 496.1 575.1 424.0 wheat 0
802.6 294.6 879.8 359.7 848.3 397.0 771.1 332.0 wheat 0
1007.6 321.2 958.6 331.1 941.1 244.9 990.1 235.0 wheat 0
969.2 187.2 1005.5 212.1 969.4 264.9 933.1 240.0 wheat 0
873.2 119.4 946.9 150.6 927.4 196.6 853.7 165.5 wheat 0
835.3 222.0 888.3 222.0 888.3 262.0 835.3 262.0 wheat 0
461.3 645.0 576.3 645.0 576.3 693.0 461.3 693.0 wheat 0
396.5 513.0 444.2 517.8 430.2 658.1 382.4 653.3 wheat 0
242.3 556.0 336.3 556.0 336.3 599.0 242.3 599.0 wheat 0
745.3 551.0 806.3 551.0 806.3 590.0 745.3 590.0 wheat 0
622.3 751.0 807.3 751.0 807.3 798.0 622.3 798.0 wheat 0
918.3 674.2 970.8 696.4 909.3 841.9 856.8 819.7 wheat 0
820.5 831.3 846.8 845.7 804.1 923.8 777.8 909.4 wheat 0
802.4 995.2 629.3 1012.6 624.2 961.9 797.3 944.5 wheat 0
682.1 798.4 771.3 816.5 763.5 854.7 674.4 836.6 wheat 0
348.4 742.0 391.2 746.3 385.3 805.0 342.5 800.7 wheat 0
317.1 687.6 237.9 712.1 222.5 662.5 301.8 637.9 wheat 0
281.3 733.6 181.0 764.6 168.3 723.5 268.6 692.5 wheat 0
129.4 635.7 51.0 651.6 43.2 613.4 121.6 597.5 wheat 0
227.7 596.0 195.0 629.7 141.9 578.1 174.6 544.4 wheat 0
105.4 563.3 66.1 590.2 6.7 503.3 46.0 476.4 wheat 0
173.3 877.0 257.3 877.0 257.3 915.0 173.3 915.0 wheat 0
149.3 920.0 247.3 920.0 247.3 946.0 149.3 946.0 wheat 0
426.3 380.0 463.3 380.0 463.3 442.0 426.3 442.0 wheat 0
