674.9 597.1 526.7 611.9 521.6 561.2 669.8 546.3 wheat 0
902.7 417.6 962.7 417.6 962.7 664.6 902.7 664.6 wheat 0
878.2 773.6 923.4 782.7 874.7 1022.6 829.6 1013.5 wheat 0
746.7 783.0 668.4 816.1 647.8 767.3 726.1 734.2 wheat 0
675.3 943.1 613.6 969.2 599.2 935.1 660.9 909.0 wheat 0
500.1 660.7 583.9 696.1 566.4 737.6 482.6 702.1 wheat 0
554.2 557.5 518.0 564.8 508.2 516.8 544.5 509.4 wheat 0
565.7 145.2 607.1 180.1 440.7 377.6 399.3 342.7 wheat 0
887.4 147.0 760.7 200.6 737.9 146.6 864.6 93.0 wheat 0
903.2 235.0 945.5 253.0 902.3 355.2 859.9 337.3 wheat 0
641.7 3.6 685.7 3.6 685.7 69.6 641.7 69.6 wheat 0
518.7 5.6 580.7 5.6 580.7 134.6 518.7 134.6 wheat 0
415.2 92.3 472.8 103.9 436.7 281.6 379.2 270.0 wheat 0
274.0 104.9 332.8 123.1 283.7 281.6 224.9 263.4 wheat 0
186.1 113.1 235.1 139.9 140.7 312.6 91.7 285.8 wheat 0
235.5 136.3 257.4 148.3 221.0 215.0 199.0 203.0 wheat 0
147.7 237.6 93.6 260.5 65.5 193.9 119.6 171.0 wheat 0
189.3 320.2 162.5 353.9 131.2 329.0 157.9 295.3 wheat 0
267.3 337.4 323.2 348.7 295.2 486.9 239.3 475.5 wheat 0
329.7 495.6 173.7 527.3 167.8 498.4 323.9 466.8 wheat 0
319.4 593.6 285.0 604.3 276.1 575.6 310.5 565.0 wheat 0
400.9 543.2 442.4 560.7 429.5 591.1 388.1 573.6 wheat 0
356.3 642.8 318.5 658.7 300.2 615.5 338.0 599.5 wheat 0
403.7 741.6 364.9 753.6 348.2 699.7 387.1 687.7 wheat 0
311.2 770.7 348.8 786.6 272.3 967.5 234.7 951.6 wheat 0
172.8 770.4 356.3 870.7 325.7 926.6 142.2 826.4 wheat 0
251.9 646.3 307.4 676.7 239.7 800.6 184.2 770.3 wheat 0
189.8 629.6 132.0 702.5 100.7 677.6 158.5 604.8 wheat 0
110.1 511.8 153.0 541.2 121.4 587.4 78.5 558.0 wheat 0
122.9 601.8 81.7 653.6 50.3 628.7 91.5 576.8 wheat 0
656.7 993.6 705.0 993.6 705.0 1024.0 656.7 1024.0 wheat 0
499.7 742.6 418.5 777.0 406.5 748.8 487.8 714.5 wheat 0
