752.7 814.6 723.8 834.4 671.5 758.0 700.5 738.2 wheat 0
782.9 854.8 742.5 876.9 728.6 851.4 769.0 829.4 wheat 0
812.7 1001.6 786.6 1015.9 748.6 946.4 774.8 932.1 wheat 0
617.7 929.6 655.7 929.6 655.7 1017.6 617.7 1017.6 wheat 0
524.8 855.5 571.4 894.8 543.7 927.6 497.1 888.4 wheat 0
440.3 914.1 491.1 919.2 488.2 948.1 437.4 943.0 wheat 0
421.4 888.9 389.6 892.1 384.1 837.4 415.9 834.2 wheat 0
450.7 811.6 479.7 811.6 479.7 848.6 450.7 848.6 wheat 0
414.5 758.8 380.4 773.2 364.0 734.5 398.1 720.1 wheat 0
379.7 860.6 356.8 889.5 301.3 845.5 324.3 816.6 wheat 0
328.7 948.6 357.7 948.6 357.7 1017.6 328.7 1017.6 wheat 0
300.3 1018.2 284.0 1023.2 272.2 985.0 288.4 980.0 wheat 0
72.7 929.6 148.7 929.6 148.7 969.6 72.7 969.6 wheat 0
35.7 877.6 120.7 877.6 120.7 919.6 35.7 919.6 wheat 0
188.7 800.6 233.7 800.6 233.7 828.6 188.7 828.6 wheat 0
205.7 814.6 105.8 869.2 93.5 846.7 193.4 792.1 wheat 0
104.2 662.9 141.2 666.6 132.7 751.3 95.7 747.6 wheat 0
371.7 580.6 335.9 591.7 317.0 530.7 352.9 519.6 wheat 0
287.4 513.4 318.1 530.2 285.1 590.8 254.3 574.0 wheat 0
250.9 575.9 276.5 593.4 237.5 650.3 212.0 632.8 wheat 0
144.7 544.6 105.3 556.8 76.9 464.9 116.3 452.7 wheat 0
88.7 604.6 65.2 634.3 42.5 616.3 66.1 586.6 wheat 0
419.9 385.6 495.0 408.9 482.7 448.6 407.6 425.4 wheat 0
450.5 477.9 484.1 496.3 451.7 555.6 418.1 537.2 wheat 0
351.7 510.6 402.7 510.6 402.7 541.6 351.7 541.6 wheat 0
555.0 361.9 593.8 365.8 585.4 449.4 546.6 445.5 wheat 0
582.5 372.3 629.1 431.1 608.0 447.9 561.4 389.1 wheat 0
540.6 330.7 500.1 347.8 486.9 316.5 527.4 299.4 wheat 0
459.4 298.6 438.8 316.0 393.0 261.7 413.7 244.3 wheat 0
562.7 188.6 524.1 200.6 484.7 73.2 523.3 61.3 wheat 0
437.7 5.6 471.7 5.6 471.7 100.6 437.7 100.6 wheat 0
428.7 165.6 402.2 180.1 341.1 68.3 367.7 53.8 wheat 0
356.0 111.6 411.8 158.7 392.5 181.6 336.7 134.6 wheat 0
247.9 129.9 290.4 138.5 271.7 230.6 229.3 222.0 wheat 0
201.7 385.6 254.7 385.6 254.7 410.6 201.7 410.6 wheat 0
647.7 326.6 674.7 326.6 674.7 372.6 647.7 372.6 wheat 0
669.7 232.6 707.7 232.6 707.7 307.6 669.7 307.6 wheat 0
700.7 222.6 671.5 238.6 641.5 183.7 670.7 167.7 wheat 0
788.9 102.8 883.8 143.0 865.7 185.6 770.8 145.5 wheat 0
771.7 48.6 730.2 61.5 720.1 28.8 761.6 15.9 wheat 0
840.7 339.6 790.6 367.0 773.3 335.4 823.4 308.0 wheat 0
854.2 403.6 811.3 457.6 782.3 434.6 825.2 380.6 wheat 0
771.1 485.2 815.6 504.0 799.7 541.6 755.2 522.8 wheat 0
809.5 479.0 871.4 521.3 855.0 545.3 793.1 502.9 wheat 0
874.6 462.9 980.4 507.7 967.7 537.6 862.0 492.9 wheat 0
943.9 574.9 891.1 580.2 888.6 555.3 941.4 550.0 wheat 0
963.7 523.9 998.1 534.5 963.8 645.3 929.4 634.7 wheat 0
902.2 689.9 988.8 707.5 982.7 737.6 896.1 720.1 wheat 0
984.7 711.6 1024.0 711.6 1024.0 808.3 984.7 808.3 wheat 0
956.7 898.6 929.4 907.1 922.9 886.2 950.3 877.7 wheat 0
991.5 925.2 1022.9 931.5 1008.0 1005.0 976.6 998.7 wheat 0
