579.0 561.6 687.1 583.5 677.3 631.6 569.2 609.7 wheat 0
322.0 246.7 447.1 299.5 419.6 364.5 294.6 311.6 wheat 0
777.1 345.5 655.1 357.7 647.6 283.0 769.6 270.7 wheat 0
594.1 204.1 660.4 224.7 631.1 319.5 564.8 299.0 wheat 0
491.1 223.4 552.8 235.9 533.1 333.5 471.3 321.0 wheat 0
502.8 310.2 591.1 347.5 568.7 400.5 480.4 363.2 wheat 0
500.1 359.5 396.9 403.1 370.6 340.9 473.8 297.3 wheat 0
286.9 291.0 342.0 321.1 286.1 423.5 231.0 393.4 wheat 0
213.9 211.8 275.8 230.9 235.9 359.7 174.1 340.5 wheat 0
58.5 294.2 124.1 314.5 111.3 355.9 45.7 335.6 wheat 0
14.3 72.8 133.1 109.5 118.7 155.8 -0.0 119.1 wheat 0
255.2 145.3 204.1 173.2 124.7 27.9 175.8 0.0 wheat 0
245.5 63.1 318.1 154.5 279.4 185.2 206.8 93.8 wheat 0
371.3 99.1 500.1 169.5 478.9 208.2 350.1 137.8 wheat 0
455.8 75.6 558.1 145.6 526.1 192.5 423.7 122.5 wheat 0
548.2 104.9 635.1 122.5 625.3 170.5 538.5 152.9 wheat 0
904.2 123.6 953.6 150.6 917.1 217.5 867.6 190.5 wheat 0
1014.1 225.5 936.8 233.3 919.0 55.7 996.2 48.0 wheat 0
621.3 159.7 682.9 178.7 664.1 239.5 602.5 220.5 wheat 0
727.1 196.3 899.1 213.5 893.0 273.9 721.1 256.6 wheat 0
855.4 193.0 922.6 221.5 865.1 357.5 797.8 329.1 wheat 0
959.5 469.9 1019.7 495.3 962.1 631.5 901.9 606.1 wheat 0
904.1 604.6 962.8 616.5 936.1 748.5 877.3 736.6 wheat 0
937.1 640.5 866.8 654.8 853.1 587.1 923.4 572.9 wheat 0
686.1 744.4 609.1 841.5 563.8 805.6 640.9 708.5 wheat 0
651.1 890.5 437.2 1007.4 406.1 950.5 620.0 833.6 wheat 0
389.8 735.8 495.6 780.5 471.1 838.5 365.3 793.8 wheat 0
328.5 653.2 554.1 748.5 529.2 807.3 303.7 712.0 wheat 0
615.3 756.8 515.3 777.0 502.8 715.3 602.8 695.0 wheat 0
391.1 641.5 472.1 641.5 472.1 691.5 391.1 691.5 wheat 0
345.1 632.5 410.1 632.5 410.1 680.5 345.1 680.5 wheat 0
589.4 621.8 639.0 642.8 604.1 725.5 554.4 704.5 wheat 0
150.1 694.5 60.8 703.5 53.1 626.9 142.4 618.0 wheat 0
853.1 830.5 894.1 830.5 894.1 877.5 853.1 877.5 wheat 0
938.1 886.5 971.1 886.5 971.1 936.5 938.1 936.5 wheat 0
957.1 851.5 1003.1 851.5 1003.1 902.5 957.1 902.5 wheat 0
903.1 780.5 941.1 780.5 941.1 818.5 903.1 818.5 wheat 0
421.1 202.5 493.1 202.5 493.1 279.5 421.1 279.5 wheat 0
948.1 338.5 994.1 338.5 994.1 391.5 948.1 391.5 wheat 0
