394.7 494.5 333.3 528.0 245.3 366.9 306.7 333.3 wheat 0
510.9 536.9 452.3 576.9 360.8 443.2 419.4 403.1 wheat 0
562.0 449.6 515.8 481.3 466.6 409.5 512.9 377.8 wheat 0
629.9 107.5 691.7 120.0 657.7 287.6 596.0 275.1 wheat 0
865.6 240.1 1010.5 284.9 990.8 348.7 845.9 303.8 wheat 0
1009.1 574.2 960.1 584.2 943.6 502.8 992.6 492.9 wheat 0
674.3 715.0 752.3 715.0 752.3 778.0 674.3 778.0 wheat 0
519.3 781.0 596.3 781.0 596.3 833.0 519.3 833.0 wheat 0
444.5 912.5 396.6 945.3 318.1 830.6 366.0 797.8 wheat 0
176.9 717.1 240.6 723.5 231.8 811.0 168.1 804.6 wheat 0
162.7 742.2 58.6 786.2 31.0 720.8 135.0 676.8 wheat 0
69.3 206.0 130.3 206.0 130.3 263.0 69.3 263.0 wheat 0
378.0 141.0 506.9 249.6 470.3 293.0 341.4 184.5 wheat 0
512.1 34.9 556.9 81.0 468.3 167.0 423.5 120.9 wheat 0
397.8 -2.8 459.5 3.4 448.8 109.8 387.1 103.6 wheat 0
375.9 9.0 424.7 13.9 409.7 163.1 361.0 158.2 wheat 0
745.8 957.2 548.1 1018.4 531.8 965.9 729.6 904.7 wheat 0
459.6 853.2 517.0 901.5 488.0 935.9 430.6 887.6 wheat 0
802.7 833.2 1008.9 897.0 990.3 957.0 784.2 893.3 wheat 0
1027.5 812.9 850.4 848.8 837.8 786.6 1014.9 750.7 wheat 0
687.6 911.9 795.7 985.9 764.1 1032.1 655.9 958.2 wheat 0
929.3 906.5 1023.3 970.9 988.3 1022.0 894.3 957.7 wheat 0
229.3 964.5 165.6 970.9 151.3 828.6 215.0 822.2 wheat 0
