322.9 364.7 403.1 408.5 378.3 453.9 298.1 410.1 wheat 0
568.1 442.5 535.2 483.9 461.2 425.2 494.1 383.8 wheat 0
575.8 396.6 661.8 414.1 655.1 447.5 569.1 430.1 wheat 0
625.6 330.8 729.1 374.5 710.7 417.9 607.3 374.2 wheat 0
871.1 396.5 811.9 408.5 788.5 293.4 847.7 281.4 wheat 0
994.6 532.5 959.1 547.5 914.3 441.6 949.8 426.6 wheat 0
992.1 568.5 905.0 577.2 900.3 530.6 987.4 521.8 wheat 0
921.1 524.5 878.1 537.8 855.9 466.1 898.9 452.8 wheat 0
945.1 474.5 910.7 503.4 867.0 451.5 901.3 422.6 wheat 0
903.6 342.9 945.8 360.8 912.1 440.5 869.9 422.7 wheat 0
761.7 496.0 855.1 535.5 829.0 597.1 735.6 557.7 wheat 0
587.1 213.7 702.1 276.5 683.0 311.4 568.0 248.6 wheat 0
483.1 266.5 441.4 301.6 357.1 201.5 398.8 166.4 wheat 0
359.5 343.0 327.6 383.2 247.9 320.0 279.8 279.7 wheat 0
215.1 456.5 184.3 482.4 129.0 416.8 159.8 390.9 wheat 0
222.1 539.5 297.1 539.5 297.1 591.5 222.1 591.5 wheat 0
365.1 710.5 317.8 742.8 255.6 651.9 302.8 619.6 wheat 0
121.8 747.3 271.1 793.5 260.3 828.3 111.0 782.1 wheat 0
60.1 706.4 231.1 723.5 226.4 769.7 55.5 752.5 wheat 0
361.4 806.1 447.1 823.5 438.0 868.1 352.3 850.7 wheat 0
104.1 807.5 76.7 842.0 3.1 783.7 30.5 749.2 wheat 0
43.8 872.9 120.1 896.5 111.9 922.9 35.7 899.3 wheat 0
549.3 917.4 698.1 947.5 689.5 990.0 540.7 959.8 wheat 0
755.1 900.5 730.8 938.4 685.8 909.5 710.1 871.6 wheat 0
798.2 841.6 887.1 850.5 881.7 904.0 792.8 895.0 wheat 0
897.0 808.1 985.2 826.0 975.1 875.9 886.9 858.1 wheat 0
1000.1 980.5 963.9 1005.2 918.3 938.5 954.4 913.8 wheat 0
938.2 867.4 1023.1 925.5 999.7 959.6 914.8 901.6 wheat 0
559.1 461.5 619.1 461.5 619.1 499.5 559.1 499.5 wheat 0
582.0 70.7 702.1 121.5 683.9 164.5 563.8 113.7 wheat 0
592.3 24.0 703.1 84.5 682.8 121.6 572.0 61.0 wheat 0
843.1 230.5 806.3 250.6 742.6 134.0 779.4 113.9 wheat 0
993.1 212.5 956.0 228.2 919.7 142.3 956.8 126.7 wheat 0
992.1 173.5 939.2 178.8 925.7 44.2 978.6 38.9 wheat 0
827.5 78.7 790.1 94.5 756.8 15.8 794.2 -0.0 wheat 0
673.1 815.5 637.8 845.2 561.7 754.8 596.9 725.1 wheat 0
623.8 711.3 732.1 802.5 706.2 833.2 597.9 742.0 wheat 0
729.1 765.5 695.6 793.7 625.8 710.8 659.3 682.6 wheat 0
690.6 654.3 758.1 700.5 736.4 732.1 668.9 686.0 wheat 0
746.1 613.6 784.1 645.5 741.7 695.7 703.8 663.8 wheat 0
602.6 851.9 678.1 859.5 674.6 894.2 599.1 886.6 wheat 0
46.7 382.3 112.1 395.5 106.2 424.5 40.8 411.3 wheat 0
79.5 412.7 134.1 442.5 116.2 475.2 61.6 445.3 wheat 0
23.2 139.8 134.0 162.3 127.1 196.5 16.2 174.0 wheat 0
38.5 107.7 128.1 145.5 116.7 172.4 27.2 134.5 wheat 0
142.1 128.5 107.2 135.6 90.3 51.9 125.1 44.9 wheat 0
104.1 125.5 61.6 143.5 9.2 19.7 51.7 1.7 wheat 0
