172.0 154.2 70.2 209.9 46.7 166.8 148.5 111.2 wheat 0
490.9 125.3 605.6 203.7 576.8 245.8 462.1 167.3 wheat 0
821.1 227.3 775.9 265.3 700.6 175.8 745.7 137.8 wheat 0
766.3 577.0 815.3 577.0 815.3 697.0 766.3 697.0 wheat 0
873.7 609.2 925.3 631.0 894.9 702.9 843.3 681.1 wheat 0
728.3 704.8 672.1 728.6 629.3 627.3 685.5 603.5 wheat 0
495.4 717.0 439.0 734.4 408.3 635.1 464.6 617.6 wheat 0
302.7 467.5 379.4 520.0 349.0 564.6 272.2 512.1 wheat 0
219.1 336.3 149.5 343.3 141.5 263.7 211.2 256.7 wheat 0
111.3 375.0 39.8 389.5 24.3 313.1 95.8 298.6 wheat 0
97.3 414.0 158.3 414.0 158.3 508.0 97.3 508.0 wheat 0
207.3 597.0 270.3 597.0 270.3 709.0 207.3 709.0 wheat 0
79.3 694.6 131.9 716.8 86.3 824.5 33.8 802.3 wheat 0
335.7 739.6 449.7 801.9 421.0 854.5 306.9 792.2 wheat 0
396.8 694.7 303.6 758.5 274.8 716.4 368.1 652.6 wheat 0
431.1 893.3 543.4 940.8 523.6 987.8 411.2 940.3 wheat 0
687.9 800.6 749.9 864.5 709.7 903.5 647.7 839.6 wheat 0
715.3 858.0 827.3 858.0 827.3 917.0 715.3 917.0 wheat 0
956.4 815.3 909.7 854.6 827.3 756.7 873.9 717.4 wheat 0
