727.9 538.3 769.5 590.6 644.7 689.6 603.2 637.3 wheat 0
612.2 550.3 552.7 611.6 479.8 540.7 539.3 479.5 wheat 0
497.1 615.8 561.2 642.8 536.7 700.6 472.6 673.5 wheat 0
405.6 576.9 466.8 602.8 423.7 704.6 362.5 678.7 wheat 0
347.4 549.5 406.6 610.4 367.1 648.8 307.9 587.8 wheat 0
355.0 434.9 464.1 457.0 448.7 532.6 339.7 510.5 wheat 0
525.7 449.6 475.1 454.7 468.7 391.8 519.4 386.7 wheat 0
710.7 341.6 782.7 341.6 782.7 449.6 710.7 449.6 wheat 0
568.5 178.9 625.8 227.1 537.7 331.6 480.4 283.4 wheat 0
843.8 256.7 908.9 263.2 895.7 394.6 830.6 388.1 wheat 0
898.0 464.0 969.6 494.3 877.7 711.6 806.1 681.3 wheat 0
792.7 770.6 747.5 801.5 686.1 711.8 731.3 680.8 wheat 0
664.6 781.2 611.7 871.6 539.9 829.6 592.8 739.2 wheat 0
694.8 754.8 650.0 779.2 621.7 727.5 666.5 703.0 wheat 0
761.5 815.8 819.5 840.4 795.0 898.4 737.0 873.9 wheat 0
662.0 885.5 718.2 916.2 668.7 1006.6 612.6 976.0 wheat 0
507.0 813.2 558.9 848.7 483.7 958.6 431.8 923.1 wheat 0
409.6 827.8 451.8 880.9 348.7 962.6 306.6 909.5 wheat 0
132.0 1000.5 70.9 1019.4 35.4 904.8 96.6 885.8 wheat 0
66.7 641.6 115.7 641.6 115.7 743.6 66.7 743.6 wheat 0
1.7 614.6 52.7 614.6 52.7 747.6 1.7 747.6 wheat 0
580.7 26.6 623.7 26.6 623.7 89.6 580.7 89.6 wheat 0
816.5 50.4 842.3 58.4 832.0 91.8 806.2 83.8 wheat 0
470.3 0.7 522.7 36.6 465.7 120.0 413.3 84.1 wheat 0
50.4 16.0 110.1 22.0 95.0 172.2 35.3 166.2 wheat 0
7.4 354.5 143.7 368.2 138.7 417.6 2.5 403.9 wheat 0
