410.1 714.5 347.9 727.1 319.9 588.7 382.0 576.1 wheat 0
213.2 627.4 361.1 728.5 328.7 775.9 180.8 674.7 wheat 0
634.1 664.5 576.6 670.3 562.9 533.8 620.4 528.1 wheat 0
465.1 702.1 512.5 722.1 451.1 867.5 403.7 847.5 wheat 0
513.6 842.9 568.1 859.7 526.1 995.5 471.6 978.7 wheat 0
466.1 881.5 415.0 909.4 330.9 755.3 381.9 727.5 wheat 0
570.8 827.8 465.8 838.3 462.1 801.0 567.1 790.5 wheat 0
903.5 547.1 948.7 585.1 843.1 710.5 797.9 672.4 wheat 0
762.1 467.5 810.1 467.5 810.1 664.5 762.1 664.5 wheat 0
827.1 665.5 675.3 680.7 669.9 627.3 821.7 612.0 wheat 0
939.5 488.5 1023.0 496.9 1000.5 720.9 917.1 712.5 wheat 0
991.1 825.5 826.4 938.2 794.7 891.9 959.4 779.2 wheat 0
817.1 486.5 953.1 486.5 953.1 538.5 817.1 538.5 wheat 0
575.9 918.5 624.1 918.5 624.1 1017.0 575.9 1017.0 wheat 0
0.1 653.5 66.1 653.5 66.1 880.5 0.1 880.5 wheat 0
54.1 622.5 126.1 622.5 126.1 668.5 54.1 668.5 wheat 0
201.0 241.8 243.2 259.6 184.1 399.5 141.8 381.7 wheat 0
585.1 468.5 520.2 475.0 499.1 264.5 563.9 258.0 wheat 0
657.1 472.5 593.1 478.9 572.6 274.2 636.5 267.8 wheat 0
701.1 208.8 752.0 219.1 715.1 401.5 664.1 391.2 wheat 0
701.2 296.0 745.1 296.0 745.1 416.5 701.2 416.5 wheat 0
952.1 141.5 813.3 258.4 774.0 211.6 912.7 94.8 wheat 0
707.5 108.7 557.1 263.5 512.0 219.7 662.4 64.9 wheat 0
536.1 181.0 333.7 201.3 328.6 150.8 531.1 130.5 wheat 0
319.3 14.7 452.1 126.5 418.6 166.3 285.9 54.5 wheat 0
332.1 391.5 283.9 417.8 216.0 293.6 264.2 267.3 wheat 0
425.1 418.5 378.6 438.2 339.0 344.7 385.6 325.1 wheat 0
219.1 233.5 175.4 288.6 40.7 181.8 84.5 126.7 wheat 0
188.1 738.5 46.9 767.1 34.7 707.4 176.0 678.8 wheat 0
160.1 844.5 117.2 880.6 39.7 788.6 82.6 752.5 wheat 0
912.1 465.5 720.1 546.7 697.5 493.2 889.5 412.0 wheat 0
385.1 196.5 539.1 196.5 539.1 240.5 385.1 240.5 wheat 0
