841.1 477.5 647.0 516.9 635.5 460.5 829.6 421.2 wheat 0
564.1 458.5 516.8 473.1 465.1 306.1 512.4 291.5 wheat 0
556.4 390.0 650.1 486.5 626.0 509.8 532.4 413.4 wheat 0
350.8 407.9 456.1 418.5 451.8 461.4 346.5 450.9 wheat 0
481.3 549.3 287.5 588.6 281.2 557.8 475.1 518.5 wheat 0
536.5 709.3 360.7 726.9 355.3 673.1 531.1 655.5 wheat 0
861.1 727.5 829.7 767.0 641.7 617.7 673.0 578.3 wheat 0
749.8 705.0 841.1 767.5 820.2 798.0 728.9 735.5 wheat 0
724.1 858.5 682.1 901.8 540.9 764.6 582.9 721.4 wheat 0
687.1 1001.5 658.1 1017.3 602.2 914.9 631.1 899.1 wheat 0
490.9 812.1 415.1 827.5 406.2 783.9 482.1 768.5 wheat 0
337.1 641.5 170.9 755.2 141.8 712.7 308.0 599.0 wheat 0
131.1 508.5 83.2 528.8 31.6 406.9 79.5 386.6 wheat 0
350.1 375.5 329.6 401.3 169.1 273.9 189.5 248.1 wheat 0
532.1 269.5 482.8 296.4 388.9 124.7 438.2 97.8 wheat 0
700.1 373.5 634.1 386.9 622.7 330.6 688.6 317.2 wheat 0
821.1 221.5 681.5 264.7 662.2 202.5 801.8 159.3 wheat 0
829.1 73.5 700.9 235.0 659.9 202.5 788.1 41.0 wheat 0
543.1 0.0 588.9 0.0 588.9 126.5 543.1 126.5 wheat 0
434.1 0.0 479.8 0.0 479.8 127.5 434.1 127.5 wheat 0
872.1 549.5 781.9 577.4 770.3 539.9 860.5 512.0 wheat 0
462.7 824.9 504.0 833.2 495.1 877.5 453.8 869.1 wheat 0
