135.3 281.0 261.3 281.0 261.3 341.0 135.3 341.0 wheat 0
250.3 320.0 311.3 320.0 311.3 410.0 250.3 410.0 wheat 0
140.9 347.0 198.0 378.2 146.7 472.1 89.6 440.9 wheat 0
575.7 155.2 505.1 162.3 493.9 50.9 564.6 43.8 wheat 0
557.3 303.0 625.3 303.0 625.3 348.0 557.3 348.0 wheat 0
662.5 298.9 714.5 342.7 650.1 419.2 598.1 375.4 wheat 0
833.2 515.1 773.8 555.8 705.4 455.9 764.9 415.3 wheat 0
477.3 391.5 434.3 415.0 388.5 331.1 431.5 307.6 wheat 0
240.3 584.0 377.3 584.0 377.3 659.0 240.3 659.0 wheat 0
525.1 729.5 453.5 751.7 434.5 690.6 506.2 668.4 wheat 0
628.8 936.1 558.1 957.9 517.9 828.0 588.6 806.1 wheat 0
865.3 851.6 761.2 939.2 719.4 889.5 823.4 801.9 wheat 0
726.3 608.0 811.3 608.0 811.3 681.0 726.3 681.0 wheat 0
865.0 548.6 909.7 573.0 864.7 655.5 819.9 631.1 wheat 0
1013.0 594.3 949.3 607.3 924.6 485.7 988.4 472.8 wheat 0
174.4 857.0 76.2 924.2 41.2 873.1 139.4 805.9 wheat 0
763.3 227.0 824.3 227.0 824.3 355.0 763.3 355.0 wheat 0
776.1 282.9 916.5 326.3 895.5 394.2 755.1 350.7 wheat 0
879.1 247.9 945.7 261.4 933.6 321.2 866.9 307.7 wheat 0
