409.1 275.5 536.1 275.5 536.1 341.5 409.1 341.5 wheat 0
727.1 268.5 920.1 268.5 920.1 325.5 727.1 325.5 wheat 0
756.1 509.5 677.9 517.4 662.0 359.2 740.2 351.3 wheat 0
639.1 444.5 601.6 483.1 554.0 436.9 591.4 398.3 wheat 0
784.1 655.5 722.3 661.7 711.2 550.5 772.9 544.3 wheat 0
736.7 520.7 881.1 599.5 851.4 653.8 707.1 574.9 wheat 0
654.0 601.6 774.8 652.7 752.1 706.5 631.3 655.4 wheat 0
806.1 1007.5 749.8 1013.2 733.7 852.8 790.0 847.1 wheat 0
709.1 936.5 642.9 943.2 630.0 815.2 696.2 808.6 wheat 0
565.1 777.8 609.8 791.6 589.1 858.5 544.4 844.7 wheat 0
372.1 858.5 323.2 891.9 237.5 766.6 286.4 733.2 wheat 0
155.1 834.5 87.7 863.0 0.0 655.5 67.4 627.1 wheat 0
130.7 305.8 227.1 346.5 208.4 390.8 112.0 350.0 wheat 0
229.1 207.5 319.1 207.5 319.1 259.5 229.1 259.5 wheat 0
246.5 127.7 194.1 163.5 127.9 66.7 180.3 30.9 wheat 0
662.2 7.8 756.1 17.2 750.1 77.5 656.1 68.1 wheat 0
821.1 6.3 922.5 16.4 916.1 80.5 814.7 70.3 wheat 0
