565.3 740.2 434.7 766.6 428.7 736.6 559.2 710.1 wheat 0
426.1 745.2 487.2 796.7 463.4 825.0 402.2 773.5 wheat 0
413.4 803.5 283.7 843.6 272.9 808.6 402.6 768.5 wheat 0
400.8 874.4 322.4 890.3 316.7 861.9 395.1 846.0 wheat 0
811.7 661.6 858.4 709.7 834.7 732.6 788.1 684.6 wheat 0
761.6 773.0 727.8 791.5 701.9 744.1 735.7 725.6 wheat 0
939.7 880.6 981.7 880.6 981.7 904.6 939.7 904.6 wheat 0
965.7 486.1 948.2 500.8 913.3 459.3 930.7 444.6 wheat 0
1008.7 458.2 989.4 474.5 954.4 432.9 973.7 416.6 wheat 0
892.7 507.6 932.7 534.9 918.5 555.7 878.6 528.3 wheat 0
795.3 631.6 769.3 645.9 750.7 611.8 776.7 597.6 wheat 0
666.3 601.8 640.9 619.2 598.3 557.0 623.7 539.6 wheat 0
575.3 607.1 554.2 628.8 482.7 559.3 503.7 537.6 wheat 0
575.1 552.8 552.6 575.9 510.3 534.7 532.7 511.6 wheat 0
531.4 420.1 564.6 434.1 540.0 492.1 506.9 478.1 wheat 0
795.7 391.6 856.5 433.2 833.3 467.1 772.5 425.5 wheat 0
1017.8 379.5 987.9 404.7 946.7 355.7 976.5 330.6 wheat 0
782.8 310.3 848.7 316.9 844.7 357.2 778.7 350.6 wheat 0
752.7 365.9 723.3 371.9 708.8 300.3 738.2 294.4 wheat 0
930.7 209.6 997.6 265.9 973.7 294.4 906.8 238.1 wheat 0
805.7 139.6 846.5 174.0 825.1 199.4 784.3 165.1 wheat 0
830.7 69.6 920.9 131.3 898.2 164.5 808.0 102.8 wheat 0
713.2 257.3 687.1 265.3 668.6 205.7 694.7 197.6 wheat 0
651.0 166.3 692.6 179.2 682.3 212.5 640.7 199.6 wheat 0
612.8 149.1 644.1 158.8 611.7 263.6 580.4 253.9 wheat 0
501.8 213.6 477.3 234.2 419.2 165.3 443.7 144.6 wheat 0
437.0 188.3 401.8 218.0 344.5 149.9 379.7 120.3 wheat 0
529.5 321.0 488.1 343.6 410.3 201.3 451.7 178.6 wheat 0
464.5 54.1 440.0 74.7 393.0 18.9 417.5 -1.7 wheat 0
564.0 44.7 539.7 69.7 493.7 25.0 518.0 -0.0 wheat 0
285.4 163.0 265.4 194.2 203.1 154.2 223.1 123.1 wheat 0
162.5 143.1 154.5 163.6 107.0 145.1 115.0 124.6 wheat 0
47.5 171.3 78.2 184.3 71.7 199.6 41.0 186.6 wheat 0
227.0 294.5 203.8 322.6 120.5 253.7 143.7 225.6 wheat 0
291.7 358.6 336.7 358.6 336.7 402.6 291.7 402.6 wheat 0
300.8 403.8 277.7 427.6 212.6 364.4 235.7 340.6 wheat 0
112.5 330.5 102.1 357.3 12.3 322.3 22.7 295.6 wheat 0
204.4 454.1 184.5 479.2 120.8 428.7 140.7 403.6 wheat 0
213.5 497.5 196.2 524.5 132.4 483.6 149.7 456.6 wheat 0
158.6 513.6 240.1 538.9 234.2 557.8 152.7 532.6 wheat 0
262.9 511.0 310.9 520.8 305.6 547.2 257.5 537.5 wheat 0
403.9 554.1 287.7 577.6 282.0 549.1 398.1 525.5 wheat 0
326.7 612.6 395.7 659.8 378.3 685.2 309.4 638.0 wheat 0
378.1 716.3 340.8 727.8 320.4 661.9 357.7 650.4 wheat 0
374.4 687.9 425.7 709.6 415.2 734.5 363.9 712.8 wheat 0
185.6 593.9 156.6 618.3 95.8 546.0 124.7 521.6 wheat 0
92.5 597.4 177.3 633.2 160.9 671.9 76.2 636.0 wheat 0
237.0 717.6 199.5 738.1 167.3 679.1 204.7 658.6 wheat 0
62.5 665.0 28.5 675.5 1.8 589.1 35.7 578.6 wheat 0
22.3 684.7 69.7 710.6 59.7 728.9 12.3 703.0 wheat 0
146.5 852.8 221.7 852.8 221.7 884.6 146.5 884.6 wheat 0
246.7 762.6 300.7 762.6 300.7 805.6 246.7 805.6 wheat 0
165.3 870.9 265.3 891.2 256.2 936.3 156.2 916.0 wheat 0
297.7 948.6 364.7 948.6 364.7 975.6 297.7 975.6 wheat 0
228.7 951.6 273.7 951.6 273.7 1023.0 228.7 1023.0 wheat 0
655.3 925.4 597.5 937.2 591.1 905.8 649.0 894.1 wheat 0
538.7 860.6 563.7 860.6 563.7 912.6 538.7 912.6 wheat 0
639.3 769.8 611.7 781.5 592.2 735.4 619.8 723.7 wheat 0
858.3 971.2 824.0 989.9 808.2 961.0 842.4 942.3 wheat 0
784.1 966.9 823.3 979.0 818.6 994.3 779.4 982.1 wheat 0
964.5 729.0 1023.4 740.9 1014.7 783.6 955.9 771.7 wheat 0
281.1 69.6 247.7 76.3 234.4 10.7 267.7 3.9 wheat 0
803.4 40.5 783.2 51.6 763.1 14.7 783.3 3.7 wheat 0
1023.7 59.6 999.4 72.9 967.4 14.4 991.8 1.1 wheat 0
646.9 421.8 675.2 445.6 663.6 459.4 635.3 435.6 wheat 0
41.3 986.6 121.9 994.7 119.2 1021.6 38.6 1013.5 wheat 0
627.3 1000.1 692.7 1006.6 691.4 1019.9 626.0 1013.4 wheat 0
523.8 661.3 587.9 696.3 570.6 727.9 506.6 692.9 wheat 0
