759.2 592.6 626.7 648.6 604.7 596.4 737.1 540.4 wheat 0
780.7 383.6 827.7 383.6 827.7 539.6 780.7 539.6 wheat 0
730.7 315.6 771.7 315.6 771.7 431.6 730.7 431.6 wheat 0
634.6 113.0 677.7 121.7 662.8 195.2 619.7 186.5 wheat 0
697.9 67.3 782.1 124.9 759.5 157.9 675.4 100.3 wheat 0
900.4 160.4 956.2 217.7 921.0 251.9 865.3 194.5 wheat 0
921.7 243.6 962.7 243.6 962.7 288.6 921.7 288.6 wheat 0
959.1 71.0 822.7 128.6 810.1 98.7 946.4 41.0 wheat 0
1021.7 97.6 937.5 168.6 918.0 145.5 1002.3 74.5 wheat 0
985.7 7.6 1022.7 7.6 1022.7 101.6 985.7 101.6 wheat 0
1022.7 614.2 890.9 654.9 876.7 609.1 1008.6 568.3 wheat 0
928.7 674.6 999.7 674.6 999.7 705.6 928.7 705.6 wheat 0
788.5 772.0 824.3 775.6 817.0 848.2 781.2 844.6 wheat 0
863.2 724.4 882.6 730.4 866.1 783.6 846.7 777.6 wheat 0
763.1 791.0 785.4 813.9 762.4 836.2 740.1 813.3 wheat 0
869.9 895.7 901.0 934.8 873.6 956.6 842.5 917.4 wheat 0
1016.5 989.0 965.3 1024.0 945.0 994.3 996.2 959.3 wheat 0
827.7 933.8 915.6 981.8 892.7 1023.6 804.8 975.6 wheat 0
772.7 884.6 820.7 884.6 820.7 944.6 772.7 944.6 wheat 0
532.7 788.6 597.7 788.6 597.7 838.6 532.7 838.6 wheat 0
459.3 774.3 536.7 807.0 526.2 831.9 448.8 799.2 wheat 0
536.9 925.0 374.7 993.6 355.6 948.3 517.8 879.7 wheat 0
263.7 919.6 228.9 926.7 201.9 793.4 236.7 786.4 wheat 0
309.7 707.6 365.7 707.6 365.7 738.6 309.7 738.6 wheat 0
572.5 729.6 548.7 759.6 403.7 644.5 427.5 614.5 wheat 0
293.9 683.0 216.5 707.0 208.6 681.2 285.9 657.2 wheat 0
177.7 734.6 149.2 746.7 123.7 686.3 152.2 674.3 wheat 0
130.2 720.2 101.3 736.1 66.3 672.0 95.2 656.2 wheat 0
89.9 583.0 127.7 603.6 101.2 652.2 63.4 631.6 wheat 0
178.8 447.9 217.7 480.6 121.7 594.7 82.8 561.9 wheat 0
213.7 509.6 279.7 509.6 279.7 584.6 213.7 584.6 wheat 0
250.8 626.5 199.9 654.3 182.7 622.7 233.6 594.9 wheat 0
380.8 504.2 307.1 580.1 275.2 549.1 348.9 473.3 wheat 0
413.7 441.6 378.6 477.8 303.5 404.7 338.6 368.6 wheat 0
600.7 425.6 637.7 425.6 637.7 467.6 600.7 467.6 wheat 0
588.6 363.0 550.7 383.6 481.2 256.3 519.0 235.6 wheat 0
463.4 169.2 396.7 205.6 381.9 178.5 448.6 142.1 wheat 0
375.8 133.2 417.0 141.6 401.7 217.0 360.5 208.7 wheat 0
106.7 125.6 243.9 266.8 196.7 312.6 59.6 171.4 wheat 0
243.7 283.6 295.7 283.6 295.7 370.6 243.7 370.6 wheat 0
317.5 192.2 271.0 217.6 202.7 92.6 249.2 67.2 wheat 0
160.7 36.6 304.7 36.6 304.7 76.6 160.7 76.6 wheat 0
295.7 0.6 361.7 0.6 361.7 118.6 295.7 118.6 wheat 0
402.7 0.0 468.7 0.0 468.7 69.6 402.7 69.6 wheat 0
695.2 8.6 776.8 16.8 774.2 42.6 692.6 34.5 wheat 0
170.2 375.2 61.4 397.3 54.3 362.0 163.1 339.9 wheat 0
24.3 306.5 98.6 357.3 77.1 388.7 2.9 337.9 wheat 0
884.7 494.5 836.7 504.2 831.7 479.7 879.8 470.0 wheat 0
504.8 346.4 441.1 352.8 438.7 328.9 502.4 322.5 wheat 0
15.5 770.5 43.4 773.2 34.0 866.8 6.1 864.0 wheat 0
106.7 310.6 18.1 328.6 7.6 277.0 96.3 259.0 wheat 0
