413.7 247.6 488.7 247.6 488.7 436.6 413.7 436.6 wheat 0
623.1 553.1 559.4 559.5 546.4 430.1 610.1 423.7 wheat 0
783.7 622.6 725.9 634.3 696.4 488.7 754.2 477.0 wheat 0
857.0 279.3 822.7 314.6 769.6 263.0 803.9 227.7 wheat 0
575.5 149.6 654.7 203.8 622.0 251.7 542.7 197.4 wheat 0
336.1 133.2 281.8 156.1 262.3 110.1 316.7 87.1 wheat 0
128.5 286.5 161.2 320.2 134.0 346.7 101.2 313.0 wheat 0
17.7 227.7 73.5 239.0 58.8 311.5 3.0 300.2 wheat 0
146.2 419.9 99.7 445.3 76.2 402.3 122.7 376.9 wheat 0
269.5 488.2 357.9 562.7 310.7 618.6 222.4 544.2 wheat 0
255.9 631.6 298.7 635.9 292.6 696.6 249.8 692.3 wheat 0
42.6 572.3 101.6 597.2 70.8 670.0 11.9 645.0 wheat 0
589.7 747.6 507.9 831.9 475.4 800.3 557.2 716.1 wheat 0
539.7 848.6 592.7 848.6 592.7 889.6 539.7 889.6 wheat 0
681.6 869.4 721.3 910.3 686.9 943.8 647.2 902.9 wheat 0
802.5 815.9 768.5 830.3 743.9 772.3 778.0 757.9 wheat 0
990.8 945.6 939.2 961.6 912.6 875.6 964.2 859.6 wheat 0
978.7 150.5 1022.6 174.5 983.7 245.6 939.8 221.6 wheat 0
843.9 176.1 796.1 190.9 781.6 144.1 829.4 129.3 wheat 0
949.7 308.6 1012.7 308.6 1012.7 354.6 949.7 354.6 wheat 0
882.7 473.2 833.9 488.2 821.8 449.1 870.5 434.0 wheat 0
378.6 877.3 485.4 898.9 475.9 946.0 369.1 924.3 wheat 0
188.6 824.4 141.6 833.9 132.8 790.8 179.9 781.3 wheat 0
124.7 910.6 182.7 910.6 182.7 950.6 124.7 950.6 wheat 0
16.7 855.6 61.7 855.6 61.7 899.6 16.7 899.6 wheat 0
181.7 50.6 236.7 50.6 236.7 99.6 181.7 99.6 wheat 0
4.7 12.6 60.7 12.6 60.7 82.6 4.7 82.6 wheat 0
264.5 278.1 298.0 306.4 276.7 331.6 243.2 303.4 wheat 0
396.1 998.1 368.6 1021.3 347.3 996.1 374.9 972.9 wheat 0
735.9 386.3 687.9 396.0 678.6 350.0 726.6 340.2 wheat 0
630.9 387.2 588.0 416.6 544.5 353.0 587.5 323.7 wheat 0
909.4 284.5 941.8 311.8 905.7 354.6 873.3 327.3 wheat 0
428.8 463.1 483.5 468.6 473.7 567.1 418.9 561.6 wheat 0
