290.1 444.5 93.3 552.0 47.8 468.6 244.5 361.1 wheat 0
447.1 419.5 522.1 419.5 522.1 546.5 447.1 546.5 wheat 0
396.8 451.0 462.9 471.5 431.1 574.5 364.9 554.0 wheat 0
402.1 492.5 342.2 517.8 238.2 272.0 298.1 246.7 wheat 0
418.1 402.5 372.9 427.2 320.5 331.4 365.7 306.7 wheat 0
420.1 0.0 506.1 0.0 506.1 210.5 420.1 210.5 wheat 0
702.1 340.5 655.0 350.1 638.3 267.7 685.4 258.2 wheat 0
800.1 475.7 863.1 510.1 765.1 689.5 702.1 655.1 wheat 0
972.1 641.5 795.2 696.2 775.8 633.5 952.7 578.8 wheat 0
1014.1 436.5 881.5 603.5 825.0 558.7 957.5 391.6 wheat 0
566.0 859.7 451.1 956.5 405.6 902.5 520.5 805.7 wheat 0
260.1 829.5 170.5 857.2 153.8 803.3 243.4 775.6 wheat 0
201.1 704.5 21.7 760.0 1.6 694.8 180.9 639.3 wheat 0
948.6 765.0 868.1 890.5 815.6 856.8 896.1 731.3 wheat 0
148.1 943.5 64.5 989.1 28.2 922.5 111.7 876.9 wheat 0
0.0 90.5 59.1 90.5 59.1 324.4 0.0 324.4 wheat 0
