571.1 600.3 676.6 621.7 668.7 660.6 563.2 639.2 wheat 0
912.4 684.2 947.9 703.6 898.7 793.6 863.2 774.2 wheat 0
972.4 716.3 998.1 727.2 977.1 776.9 951.3 766.0 wheat 0
1024.2 886.0 994.3 889.0 989.3 839.2 1019.2 836.2 wheat 0
1023.1 993.0 999.4 1006.0 967.3 947.2 991.0 934.2 wheat 0
985.7 987.6 947.7 999.4 939.9 974.3 978.0 962.6 wheat 0
724.5 815.0 803.0 839.3 792.7 872.6 714.2 848.3 wheat 0
802.3 682.3 828.4 685.0 825.7 711.6 799.6 709.0 wheat 0
821.4 667.2 774.6 671.9 773.1 657.0 819.9 652.3 wheat 0
762.9 691.4 737.1 742.2 675.6 710.9 701.4 660.1 wheat 0
667.7 582.3 621.5 614.0 579.7 552.9 626.0 521.3 wheat 0
675.8 483.5 635.7 491.6 630.6 466.1 670.7 458.0 wheat 0
553.3 452.1 665.7 499.6 650.5 535.7 538.1 488.1 wheat 0
572.8 429.4 659.7 476.9 647.7 498.8 560.8 451.4 wheat 0
787.7 469.6 745.2 498.7 721.0 463.4 763.6 434.3 wheat 0
908.0 436.8 946.7 453.1 933.5 484.5 894.8 468.1 wheat 0
757.9 261.6 784.6 272.9 768.6 310.6 741.9 299.4 wheat 0
861.7 380.6 819.4 398.5 807.4 370.0 849.7 352.1 wheat 0
1016.4 358.7 991.6 366.4 977.1 319.6 1001.9 311.9 wheat 0
969.5 208.5 946.6 215.6 925.9 148.7 948.9 141.6 wheat 0
926.7 5.6 959.7 5.6 959.7 55.6 926.7 55.6 wheat 0
868.2 21.2 829.7 53.6 813.0 33.7 851.4 1.3 wheat 0
740.7 6.6 779.7 6.6 779.7 33.6 740.7 33.6 wheat 0
536.9 683.0 621.6 691.5 617.7 729.6 533.1 721.1 wheat 0
399.0 625.7 444.4 656.8 427.5 681.5 382.1 650.5 wheat 0
378.7 520.0 401.2 524.6 393.7 561.6 371.2 557.0 wheat 0
410.8 574.9 390.7 595.6 367.4 572.9 387.5 552.2 wheat 0
413.8 492.6 438.5 497.6 428.5 547.0 403.7 542.0 wheat 0
550.9 244.8 617.6 265.4 606.7 300.6 540.0 280.0 wheat 0
632.8 194.4 668.3 218.6 649.7 245.9 614.2 221.6 wheat 0
610.7 183.6 560.2 199.2 532.6 110.2 583.2 94.5 wheat 0
406.2 264.2 370.0 271.5 354.3 194.1 390.5 186.7 wheat 0
443.2 53.2 496.8 98.3 473.7 125.6 420.2 80.5 wheat 0
477.3 135.9 439.1 147.7 428.2 112.4 466.4 100.5 wheat 0
174.7 7.6 264.1 45.4 245.8 88.6 156.4 50.9 wheat 0
298.1 187.3 266.0 214.4 245.4 189.9 277.5 162.8 wheat 0
173.5 190.9 219.7 222.5 200.0 251.4 153.7 219.7 wheat 0
231.0 536.6 201.7 552.6 161.3 478.6 190.6 462.6 wheat 0
258.6 538.4 238.0 552.5 197.9 493.9 218.5 479.8 wheat 0
300.7 622.6 345.7 622.6 345.7 659.6 300.7 659.6 wheat 0
217.7 646.6 277.7 646.6 277.7 674.6 217.7 674.6 wheat 0
232.9 659.8 293.8 665.9 289.7 706.6 228.8 700.5 wheat 0
334.7 717.6 357.7 717.6 357.7 756.6 334.7 756.6 wheat 0
441.7 767.8 472.2 777.3 459.8 817.4 429.2 807.9 wheat 0
518.1 775.4 540.6 794.4 511.7 828.6 489.2 809.7 wheat 0
393.9 865.8 351.1 901.8 335.6 883.5 378.4 847.4 wheat 0
249.4 820.3 202.7 859.6 180.2 832.9 226.9 793.6 wheat 0
131.9 718.5 179.2 758.3 158.0 783.5 110.7 743.6 wheat 0
163.6 692.9 193.2 709.0 179.7 733.6 150.2 717.5 wheat 0
59.2 554.9 125.9 591.3 106.3 627.3 39.6 590.9 wheat 0
2.7 619.6 90.7 619.6 90.7 659.6 2.7 659.6 wheat 0
94.3 770.7 118.0 795.1 69.2 842.5 45.5 818.1 wheat 0
668.7 993.0 714.7 993.0 714.7 1023.0 668.7 1023.0 wheat 0
390.3 8.2 433.1 44.3 413.2 68.0 370.3 31.9 wheat 0
133.7 298.6 162.7 298.6 162.7 316.6 133.7 316.6 wheat 0
