600.1 190.5 471.3 244.9 443.1 178.2 571.8 123.7 wheat 0
246.1 88.5 337.1 88.5 337.1 189.5 246.1 189.5 wheat 0
40.1 424.4 147.1 457.5 128.2 518.6 21.1 485.5 wheat 0
412.1 416.5 258.6 481.4 237.8 432.0 391.2 367.1 wheat 0
224.1 541.5 297.1 541.5 297.1 638.5 224.1 638.5 wheat 0
423.1 609.5 344.5 625.4 334.7 577.2 413.3 561.3 wheat 0
472.9 617.6 535.1 643.9 479.1 776.5 416.9 750.2 wheat 0
431.1 548.5 632.1 548.5 632.1 612.5 431.1 612.5 wheat 0
711.9 561.9 810.1 615.5 782.0 666.9 683.9 613.2 wheat 0
835.9 615.2 934.1 645.5 922.4 683.1 824.3 652.8 wheat 0
766.1 493.5 867.1 493.5 867.1 543.5 766.1 543.5 wheat 0
655.1 410.5 723.1 410.5 723.1 470.5 655.1 470.5 wheat 0
808.1 432.5 755.3 443.2 743.1 383.3 795.9 372.6 wheat 0
971.1 186.5 708.6 329.9 676.0 270.4 938.5 126.9 wheat 0
903.9 180.0 961.8 219.7 838.1 400.5 780.1 360.9 wheat 0
834.2 380.3 993.1 412.5 983.1 461.5 824.3 429.3 wheat 0
307.1 274.5 387.1 274.5 387.1 308.5 307.1 308.5 wheat 0
