852.2 670.1 896.6 707.5 808.9 811.7 764.5 774.3 wheat 0
905.1 713.5 959.1 713.5 959.1 812.5 905.1 812.5 wheat 0
967.4 643.8 1023.0 681.9 993.1 725.5 937.6 687.5 wheat 0
895.7 532.7 956.4 545.1 936.1 645.5 875.3 633.2 wheat 0
898.7 440.5 991.1 479.5 972.5 523.5 880.1 484.5 wheat 0
940.1 374.5 905.0 410.6 789.2 298.1 824.3 262.0 wheat 0
998.1 321.5 951.7 341.1 914.4 252.9 960.8 233.3 wheat 0
933.3 136.2 978.6 155.4 959.1 201.5 913.8 182.4 wheat 0
997.1 147.5 957.3 169.2 917.6 96.5 957.3 74.8 wheat 0
857.0 95.1 825.3 127.8 753.5 58.1 785.2 25.4 wheat 0
876.0 5.2 964.9 32.7 951.1 77.5 862.1 50.0 wheat 0
749.2 118.3 815.3 186.3 781.1 219.5 715.0 151.5 wheat 0
587.4 245.1 734.1 290.5 717.0 345.7 570.3 300.4 wheat 0
665.1 108.5 613.8 113.7 606.0 35.9 657.3 30.8 wheat 0
452.1 110.5 407.2 124.4 382.2 43.7 427.1 29.8 wheat 0
431.1 301.5 390.8 329.0 310.3 211.3 350.5 183.8 wheat 0
505.1 312.5 475.8 342.6 423.4 291.7 452.7 261.6 wheat 0
531.1 241.5 503.4 276.3 444.8 229.7 472.4 194.9 wheat 0
584.1 248.5 543.8 276.0 494.2 203.5 534.4 176.0 wheat 0
394.1 214.5 442.1 214.5 442.1 252.5 394.1 252.5 wheat 0
508.1 404.5 497.8 441.5 427.4 421.9 437.6 385.0 wheat 0
584.6 457.5 656.1 496.5 632.0 540.5 560.6 501.5 wheat 0
663.6 414.1 726.9 467.4 693.1 507.5 629.8 454.2 wheat 0
742.1 628.5 681.2 634.6 669.5 518.2 730.4 512.1 wheat 0
768.1 661.5 716.1 672.0 703.0 607.5 755.0 597.0 wheat 0
805.1 716.5 772.0 730.5 749.0 676.3 782.1 662.3 wheat 0
777.1 411.5 644.2 438.4 632.5 380.6 765.3 353.7 wheat 0
650.9 313.5 780.0 353.4 766.1 398.5 636.9 358.6 wheat 0
653.3 387.3 574.0 411.9 561.9 372.7 641.2 348.2 wheat 0
554.1 418.5 514.9 435.1 484.9 364.0 524.0 347.4 wheat 0
637.1 727.5 592.5 736.5 573.1 640.7 617.6 631.7 wheat 0
597.5 707.1 697.1 761.5 674.5 802.9 574.9 748.5 wheat 0
607.6 799.3 705.1 852.5 679.3 899.6 581.9 846.4 wheat 0
506.0 863.7 552.9 878.2 537.1 929.5 490.1 915.0 wheat 0
674.1 962.5 624.1 996.7 599.7 961.0 649.6 926.8 wheat 0
339.1 371.5 287.1 382.0 262.1 258.5 314.0 248.0 wheat 0
358.4 377.0 442.1 447.5 408.2 487.7 324.5 417.3 wheat 0
306.8 547.8 374.1 604.5 344.4 639.7 277.1 583.0 wheat 0
319.5 553.7 427.1 564.5 423.7 598.3 316.1 587.5 wheat 0
263.1 480.1 352.1 498.1 343.1 542.5 254.1 524.5 wheat 0
332.1 459.5 268.4 486.4 233.5 403.9 297.1 376.9 wheat 0
208.4 272.1 266.1 331.5 241.7 355.2 184.0 295.9 wheat 0
130.6 181.4 249.1 262.5 218.2 307.6 99.7 226.6 wheat 0
219.9 172.4 304.2 198.4 289.1 247.5 204.8 221.4 wheat 0
247.1 167.5 208.5 183.8 187.9 135.0 226.4 118.7 wheat 0
61.6 52.5 192.2 65.6 186.4 123.5 55.7 110.4 wheat 0
145.1 167.5 89.3 173.1 76.2 42.3 131.9 36.7 wheat 0
104.5 319.2 150.1 338.5 127.0 393.2 81.4 373.9 wheat 0
12.1 587.2 142.1 613.5 131.9 663.8 2.0 637.5 wheat 0
71.7 638.2 205.1 750.5 169.1 793.2 35.7 680.9 wheat 0
317.1 710.5 258.4 722.4 241.9 641.4 300.6 629.5 wheat 0
208.3 586.7 298.1 614.5 285.5 655.2 195.7 627.5 wheat 0
212.1 594.5 174.2 620.4 86.1 491.7 124.0 465.8 wheat 0
127.4 492.6 286.1 508.5 279.7 572.3 121.0 556.4 wheat 0
19.3 518.6 141.6 530.9 136.1 586.5 13.7 574.2 wheat 0
95.7 813.3 179.1 883.5 144.8 924.1 61.5 854.0 wheat 0
126.1 981.5 73.9 1003.6 37.3 917.1 89.5 895.0 wheat 0
326.1 966.5 284.9 1008.9 229.3 955.0 270.5 912.5 wheat 0
401.0 908.7 456.2 965.5 419.1 1001.5 363.9 944.7 wheat 0
397.6 635.2 489.1 663.5 476.0 705.7 384.5 677.4 wheat 0
307.6 798.4 408.1 808.5 402.6 863.1 302.1 853.0 wheat 0
390.1 855.4 484.1 884.5 470.8 927.3 376.8 898.2 wheat 0
212.0 349.7 265.1 360.5 257.2 399.1 204.2 388.3 wheat 0
