296.3 219.0 359.3 219.0 359.3 407.0 296.3 407.0 wheat 0
203.9 388.4 157.1 393.1 145.7 279.7 192.5 275.0 wheat 0
577.8 292.6 552.9 324.0 404.9 206.5 429.7 175.1 wheat 0
356.2 93.9 414.5 112.0 389.4 193.2 331.1 175.1 wheat 0
695.6 151.8 473.7 174.0 468.0 117.3 689.9 95.1 wheat 0
699.2 140.8 740.5 169.0 657.5 290.3 616.2 262.1 wheat 0
693.7 251.0 734.2 278.7 657.9 390.1 617.5 362.4 wheat 0
697.3 427.1 581.9 438.7 577.3 392.9 692.7 381.4 wheat 0
580.0 448.1 681.5 458.3 676.6 507.0 575.1 496.8 wheat 0
474.4 315.3 575.3 370.4 553.3 410.8 452.3 355.7 wheat 0
558.4 239.2 586.0 293.6 379.3 398.8 351.6 344.5 wheat 0
803.9 491.3 756.0 511.6 710.8 404.7 758.7 384.5 wheat 0
874.8 549.0 833.3 566.5 790.9 466.1 832.3 448.6 wheat 0
738.2 519.0 792.1 529.9 783.4 573.1 729.5 562.1 wheat 0
978.3 617.7 1013.4 647.3 890.4 793.4 855.2 763.8 wheat 0
456.7 666.5 304.9 749.5 280.9 705.6 432.7 622.6 wheat 0
521.4 778.5 659.6 836.9 643.2 875.6 505.1 817.2 wheat 0
99.9 680.5 137.6 696.5 103.8 776.6 66.0 760.6 wheat 0
122.9 387.0 94.3 423.0 23.8 367.1 52.4 331.1 wheat 0
923.9 137.5 884.1 171.0 808.7 81.5 848.5 48.0 wheat 0
