656.9 251.4 721.2 271.3 617.7 605.6 553.5 585.7 wheat 0
796.7 567.6 1021.4 613.2 1009.7 670.6 785.1 625.1 wheat 0
783.6 676.7 1023.6 751.0 1006.7 805.6 766.7 731.4 wheat 0
951.7 836.6 652.8 929.1 640.5 889.3 939.4 796.8 wheat 0
747.5 981.7 706.7 1009.6 511.1 723.6 551.9 695.7 wheat 0
810.5 995.4 770.7 1022.6 590.3 758.9 630.1 731.6 wheat 0
492.8 745.7 541.8 760.9 483.7 948.6 434.8 933.5 wheat 0
385.2 905.2 437.4 927.3 398.7 1018.6 346.6 996.6 wheat 0
652.4 943.9 466.3 1022.6 453.1 991.3 639.1 912.6 wheat 0
258.1 753.1 574.7 861.6 562.0 898.7 245.4 790.2 wheat 0
121.6 673.1 488.7 747.5 479.8 791.0 112.7 716.6 wheat 0
226.7 1009.6 182.5 1023.3 143.3 896.6 187.5 882.9 wheat 0
566.3 608.4 245.7 640.6 241.4 597.6 562.0 565.4 wheat 0
774.4 248.5 821.4 259.5 745.7 582.6 698.7 571.6 wheat 0
968.8 442.5 924.7 472.6 827.3 330.2 871.4 300.1 wheat 0
964.8 430.8 1020.7 469.1 997.6 502.8 941.7 464.6 wheat 0
417.7 230.3 642.4 299.8 631.4 335.1 406.7 265.6 wheat 0
502.9 150.0 543.6 172.3 321.5 578.9 280.7 556.6 wheat 0
328.8 227.6 536.7 489.6 498.1 520.3 290.2 258.3 wheat 0
188.7 56.7 440.7 134.6 422.2 194.5 170.2 116.6 wheat 0
791.6 112.2 585.8 153.9 578.6 118.1 784.3 76.4 wheat 0
918.1 47.1 785.7 158.6 748.7 114.6 881.0 3.1 wheat 0
873.7 60.0 916.7 73.3 876.8 202.2 833.8 189.0 wheat 0
953.9 60.4 986.8 88.1 861.7 236.6 828.9 208.9 wheat 0
1018.2 151.1 841.3 300.1 805.4 257.5 982.3 108.5 wheat 0
977.5 207.9 1017.4 235.3 920.7 376.6 880.8 349.3 wheat 0
601.7 495.6 426.8 591.2 408.6 557.9 583.6 462.4 wheat 0
240.1 544.1 284.7 574.6 45.6 924.2 0.9 893.7 wheat 0
336.3 527.9 25.7 685.6 2.0 638.8 312.5 481.1 wheat 0
296.4 477.6 172.7 571.6 149.4 540.9 273.0 446.9 wheat 0
98.7 704.6 38.4 755.4 18.2 731.4 78.5 680.6 wheat 0
155.7 491.6 95.8 510.2 20.4 266.4 80.3 247.8 wheat 0
273.7 396.6 235.2 423.0 99.9 225.1 138.4 198.8 wheat 0
35.8 88.1 251.9 206.1 219.4 265.6 3.3 147.6 wheat 0
9.0 186.2 87.3 219.3 76.0 246.0 -2.3 212.9 wheat 0
821.7 730.6 849.7 730.6 849.7 796.6 821.7 796.6 wheat 0
880.7 869.6 941.7 869.6 941.7 906.6 880.7 906.6 wheat 0
577.7 646.9 681.0 678.8 672.7 705.6 569.4 673.7 wheat 0
