61.1 189.1 119.6 189.1 119.6 288.5 61.1 288.5 wheat 0
310.6 255.5 257.7 266.2 243.3 195.1 296.2 184.4 wheat 0
232.6 552.5 179.2 581.7 138.7 507.5 192.1 478.3 wheat 0
454.6 258.5 391.5 271.3 370.7 168.6 433.8 155.8 wheat 0
242.6 729.5 195.8 755.1 138.7 650.4 185.5 624.9 wheat 0
174.4 339.6 88.1 366.3 75.9 326.8 162.1 300.1 wheat 0
709.7 443.5 557.6 490.5 539.8 432.8 691.8 385.7 wheat 0
243.6 650.9 341.6 704.5 316.7 750.2 218.6 696.6 wheat 0
364.6 773.5 280.2 782.0 272.5 705.1 356.9 696.6 wheat 0
29.0 822.6 152.7 890.2 126.3 938.5 2.6 870.9 wheat 0
799.1 181.1 892.1 181.1 892.1 235.1 799.1 235.1 wheat 0
512.8 39.2 617.6 96.5 586.5 153.6 481.6 96.3 wheat 0
255.1 279.1 342.1 279.1 342.1 346.1 255.1 346.1 wheat 0
841.1 406.1 924.1 406.1 924.1 460.1 841.1 460.1 wheat 0
1013.6 242.5 939.1 257.6 913.8 132.5 988.3 117.4 wheat 0
890.6 6.1 962.1 6.1 962.1 101.5 890.6 101.5 wheat 0
45.1 4.1 105.1 4.1 105.1 103.1 45.1 103.1 wheat 0
600.1 238.1 658.1 238.1 658.1 299.1 600.1 299.1 wheat 0
718.4 658.2 782.3 671.2 749.6 832.5 685.7 819.5 wheat 0
871.5 486.3 911.0 507.9 855.8 608.8 816.3 587.3 wheat 0
451.6 566.5 392.5 578.5 369.3 464.3 428.5 452.3 wheat 0
383.1 706.5 449.6 706.5 449.6 755.1 383.1 755.1 wheat 0
437.6 776.1 499.3 809.8 465.6 871.5 403.9 837.8 wheat 0
44.2 680.7 103.6 755.5 65.6 785.7 6.2 710.9 wheat 0
641.1 120.1 701.1 120.1 701.1 193.1 641.1 193.1 wheat 0
667.1 202.1 760.1 202.1 760.1 278.1 667.1 278.1 wheat 0
836.6 385.5 781.1 396.8 759.3 289.2 814.8 277.9 wheat 0
166.5 261.1 253.6 334.5 214.0 381.6 126.9 308.2 wheat 0
857.1 634.1 934.1 634.1 934.1 689.1 857.1 689.1 wheat 0
772.1 723.1 835.1 723.1 835.1 779.1 772.1 779.1 wheat 0
937.1 350.5 1001.6 350.5 1001.6 477.1 937.1 477.1 wheat 0
975.6 600.5 916.3 606.5 906.4 508.1 965.7 502.2 wheat 0
671.1 911.0 822.9 941.8 808.6 1012.5 656.7 981.7 wheat 0
275.1 395.1 347.1 395.1 347.1 475.1 275.1 475.1 wheat 0
732.5 549.4 801.1 563.3 779.6 669.5 710.9 655.6 wheat 0
401.6 696.5 356.6 705.6 343.3 640.0 388.3 630.8 wheat 0
349.6 668.5 305.4 682.2 285.9 619.1 330.1 605.4 wheat 0
667.6 14.5 716.6 14.5 716.6 121.5 667.6 121.5 wheat 0
710.6 40.5 758.6 40.5 758.6 138.5 710.6 138.5 wheat 0
749.6 121.8 818.5 128.7 811.6 197.5 742.7 190.6 wheat 0
793.6 485.5 715.8 493.3 703.4 369.6 781.2 361.8 wheat 0
376.6 748.5 458.6 748.5 458.6 795.5 376.6 795.5 wheat 0
544.6 967.5 479.1 1012.4 448.5 967.7 514.0 922.8 wheat 0
696.6 408.5 661.7 427.6 620.6 352.4 655.5 333.3 wheat 0
350.1 223.1 408.1 228.9 395.6 353.5 337.6 347.7 wheat 0
