217.1 208.5 306.1 208.5 306.1 326.5 217.1 326.5 wheat 0
522.1 204.0 592.1 211.0 585.1 281.5 515.0 274.5 wheat 0
680.1 75.5 781.1 75.5 781.1 168.5 680.1 168.5 wheat 0
837.2 431.5 908.7 446.0 895.1 513.5 823.5 499.0 wheat 0
739.1 547.5 671.3 561.2 646.7 439.7 714.4 425.9 wheat 0
711.5 626.0 832.1 708.5 785.6 776.4 665.0 693.9 wheat 0
767.1 893.5 709.7 917.8 672.2 829.2 729.6 804.9 wheat 0
507.1 701.0 638.1 701.0 638.1 801.5 507.1 801.5 wheat 0
434.1 876.5 502.3 876.5 502.3 1024.0 434.1 1024.0 wheat 0
889.6 47.3 975.8 64.8 959.1 147.5 872.8 130.0 wheat 0
208.9 -0.0 372.5 89.4 327.1 172.5 163.4 83.1 wheat 0
334.1 134.5 117.1 226.2 76.3 129.9 293.3 38.1 wheat 0
6.1 127.5 79.1 127.5 79.1 202.5 6.1 202.5 wheat 0
109.1 818.5 28.2 834.9 7.9 734.6 88.7 718.2 wheat 0
495.0 232.9 626.1 304.5 591.5 367.7 460.4 296.1 wheat 0
