483.9 708.7 465.7 718.6 425.1 644.1 443.2 634.2 wheat 0
605.5 717.2 619.1 724.7 584.7 787.6 571.1 780.2 wheat 0
810.1 564.1 720.6 582.3 714.2 550.8 803.7 532.6 wheat 0
1024.0 609.0 912.5 620.2 910.3 597.8 1021.7 586.6 wheat 0
806.4 544.8 854.4 571.0 837.7 601.6 789.7 575.4 wheat 0
601.1 636.6 564.3 640.3 559.3 590.6 596.1 586.9 wheat 0
711.5 612.4 684.1 618.0 675.9 577.8 703.4 572.2 wheat 0
708.4 714.1 685.5 721.2 673.1 681.1 696.0 674.0 wheat 0
735.7 711.6 718.6 721.0 695.1 677.9 712.2 668.6 wheat 0
888.3 725.0 1019.7 738.2 1016.7 767.6 885.4 754.4 wheat 0
823.8 707.9 866.7 762.0 848.7 776.3 805.8 722.2 wheat 0
279.1 862.3 315.8 893.3 298.4 913.9 261.7 883.0 wheat 0
282.4 905.9 230.4 941.5 218.0 923.3 270.0 887.8 wheat 0
143.7 907.6 120.0 912.4 113.7 881.7 137.5 876.9 wheat 0
111.4 963.3 149.7 995.6 136.3 1011.6 97.9 979.3 wheat 0
241.7 555.6 224.6 567.4 185.7 510.6 202.9 498.9 wheat 0
317.7 600.2 300.7 617.6 255.5 573.6 272.4 556.2 wheat 0
87.5 531.4 69.2 546.8 27.9 497.9 46.3 482.4 wheat 0
171.7 371.6 222.7 371.6 222.7 403.6 171.7 403.6 wheat 0
338.3 314.0 307.7 339.7 287.1 315.3 317.7 289.5 wheat 0
593.6 233.9 635.0 251.4 624.9 275.4 583.4 257.8 wheat 0
550.0 217.3 581.3 238.8 565.5 261.9 534.1 240.4 wheat 0
730.0 361.9 804.6 369.4 802.5 390.3 727.9 382.8 wheat 0
816.4 438.5 895.6 446.4 892.7 474.6 813.6 466.7 wheat 0
838.4 325.0 872.2 328.4 867.1 380.2 833.2 376.8 wheat 0
823.0 88.1 851.5 103.7 812.7 174.6 784.2 159.0 wheat 0
469.7 128.6 403.1 135.3 400.2 106.2 466.8 99.6 wheat 0
369.5 118.6 402.8 125.3 396.0 158.7 362.7 151.9 wheat 0
207.7 198.6 230.7 198.6 230.7 242.6 207.7 242.6 wheat 0
162.3 155.9 195.7 174.1 185.1 193.4 151.8 175.2 wheat 0
560.7 43.4 623.3 69.9 612.8 94.8 550.2 68.3 wheat 0
688.2 73.9 628.4 99.2 618.2 75.3 678.1 50.0 wheat 0
559.7 137.5 596.0 148.7 589.8 168.8 553.5 157.5 wheat 0
764.4 48.0 779.3 66.8 751.1 89.2 736.2 70.4 wheat 0
1001.7 283.6 975.3 298.1 955.4 261.6 981.8 247.2 wheat 0
311.6 42.1 267.3 79.5 251.8 61.1 296.2 23.8 wheat 0
193.9 79.3 215.6 91.2 183.7 149.6 162.0 137.7 wheat 0
82.5 88.5 65.7 109.6 9.1 64.7 25.9 43.6 wheat 0
513.7 985.6 553.7 985.6 553.7 1008.6 513.7 1008.6 wheat 0
