478.7 329.6 512.7 329.6 512.7 409.6 478.7 409.6 wheat 0
404.7 280.6 429.7 280.6 429.7 351.6 404.7 351.6 wheat 0
470.7 118.6 496.7 118.6 496.7 207.6 470.7 207.6 wheat 0
425.7 21.6 460.7 21.6 460.7 144.6 425.7 144.6 wheat 0
28.2 16.5 54.1 19.1 45.2 107.7 19.4 105.1 wheat 0
458.2 260.3 436.3 272.3 402.2 210.0 424.2 198.0 wheat 0
107.7 385.6 130.8 387.9 125.1 444.7 102.0 442.4 wheat 0
986.9 79.9 1001.8 92.4 968.7 131.6 953.9 119.1 wheat 0
924.7 70.9 951.2 76.3 938.7 137.6 912.3 132.3 wheat 0
776.8 37.3 781.3 53.6 712.7 72.6 708.2 56.4 wheat 0
617.9 132.6 638.3 143.7 610.9 193.7 590.6 182.6 wheat 0
563.3 995.8 552.6 1016.7 511.1 995.6 521.7 974.6 wheat 0
369.6 620.7 370.7 636.6 330.3 639.5 329.2 623.6 wheat 0
182.6 535.9 193.1 556.6 142.3 582.4 131.8 561.7 wheat 0
628.7 836.6 608.1 854.0 552.0 787.4 572.7 770.0 wheat 0
379.7 966.6 403.7 976.7 385.0 1020.9 361.1 1010.8 wheat 0
631.5 548.1 624.7 565.6 584.9 550.1 591.7 532.6 wheat 0
570.0 603.3 538.7 609.6 527.6 554.8 558.9 548.5 wheat 0
635.7 733.6 614.7 751.3 561.2 687.8 582.2 670.1 wheat 0
455.7 711.4 484.3 714.3 478.7 769.6 450.2 766.8 wheat 0
396.7 765.6 417.9 767.7 414.7 799.6 393.5 797.5 wheat 0
48.5 791.0 72.5 801.1 39.7 878.6 15.8 868.5 wheat 0
352.2 716.0 364.1 734.6 315.7 765.6 303.8 747.0 wheat 0
397.6 563.6 394.7 585.6 358.8 580.9 361.6 559.0 wheat 0
393.2 470.5 383.8 490.9 341.7 471.6 351.1 451.2 wheat 0
101.7 729.6 93.1 746.6 47.8 723.6 56.4 706.5 wheat 0
1024.0 847.1 1005.7 859.6 964.6 799.6 982.9 787.1 wheat 0
983.9 556.1 977.7 582.6 936.1 572.9 942.3 546.4 wheat 0
968.0 440.2 974.7 464.6 937.1 475.1 930.4 450.7 wheat 0
866.8 325.6 890.7 325.6 890.7 367.7 866.8 367.7 wheat 0
694.2 198.7 700.7 215.6 657.2 232.5 650.6 215.7 wheat 0
896.3 974.2 879.4 983.5 846.3 922.9 863.2 913.7 wheat 0
