618.4 949.6 581.7 969.6 419.6 672.8 456.3 652.8 wheat 0
640.7 932.6 589.2 934.2 578.5 575.4 630.0 573.9 wheat 0
955.6 871.7 910.7 885.6 833.9 637.3 878.8 623.4 wheat 0
861.5 894.5 820.7 898.6 792.3 614.9 833.0 610.8 wheat 0
746.6 624.5 810.2 651.4 784.7 711.6 721.1 684.7 wheat 0
805.8 819.0 760.7 843.6 604.6 557.8 649.6 533.2 wheat 0
377.4 499.3 645.0 526.1 641.1 564.9 373.5 538.1 wheat 0
500.4 450.1 248.3 568.8 227.1 523.8 479.2 405.1 wheat 0
349.4 338.9 392.0 343.2 356.7 694.6 314.2 690.3 wheat 0
414.4 715.7 361.7 721.0 352.1 625.5 404.8 620.2 wheat 0
466.7 310.7 512.4 324.8 414.7 640.6 369.0 626.5 wheat 0
665.4 394.2 806.2 422.8 798.7 459.6 657.9 431.1 wheat 0
854.2 386.4 1022.8 457.7 1006.7 495.6 838.1 424.3 wheat 0
867.7 367.6 819.0 388.2 683.6 67.8 732.3 47.2 wheat 0
307.7 816.6 35.7 931.6 13.9 880.3 286.0 765.2 wheat 0
354.8 823.1 122.7 1018.6 89.4 979.0 321.5 783.6 wheat 0
224.7 1009.6 177.3 1019.2 135.3 812.1 182.7 802.5 wheat 0
138.6 581.9 181.7 595.2 101.7 853.6 58.7 840.3 wheat 0
379.5 909.4 410.8 930.8 348.7 1021.6 317.4 1000.2 wheat 0
658.1 228.6 509.7 415.6 477.2 389.8 625.6 202.8 wheat 0
650.7 55.6 396.5 269.7 363.6 230.7 617.8 16.6 wheat 0
626.6 28.6 661.5 58.0 544.7 196.6 509.8 167.2 wheat 0
737.2 137.1 656.0 162.2 643.3 121.1 724.5 96.0 wheat 0
1023.7 45.6 773.1 123.1 761.6 85.9 1012.2 8.4 wheat 0
966.7 327.6 921.4 336.8 855.0 9.2 900.3 0.0 wheat 0
982.0 67.0 1023.0 75.3 966.7 352.9 925.7 344.6 wheat 0
981.4 406.0 1021.8 423.0 966.1 554.7 925.7 537.6 wheat 0
867.9 481.7 983.9 530.8 967.6 569.5 851.5 520.4 wheat 0
985.1 552.9 1023.9 569.3 944.7 756.6 905.9 740.2 wheat 0
757.7 905.6 814.7 905.6 814.7 1023.6 757.7 1023.6 wheat 0
274.1 34.8 107.7 148.6 89.0 121.2 255.4 7.4 wheat 0
58.7 5.6 93.7 5.6 93.7 88.6 58.7 88.6 wheat 0
206.7 364.6 160.3 396.4 16.8 186.6 63.2 154.9 wheat 0
43.5 249.8 223.7 401.6 190.0 441.7 9.7 289.9 wheat 0
69.1 414.8 232.4 552.4 202.7 587.6 39.4 450.0 wheat 0
446.8 37.3 575.1 50.1 571.7 84.0 443.4 71.1 wheat 0
