677.8 239.5 723.9 248.8 692.7 402.7 646.6 393.4 wheat 0
594.6 265.7 643.2 286.2 625.7 327.6 577.1 307.1 wheat 0
529.0 252.0 561.3 255.2 552.7 340.6 520.5 337.4 wheat 0
407.2 101.6 452.0 126.1 380.7 256.6 335.9 232.1 wheat 0
436.7 331.6 468.7 331.6 468.7 427.6 436.7 427.6 wheat 0
456.7 303.6 377.0 337.3 366.1 311.6 445.8 277.9 wheat 0
173.7 251.6 217.7 251.6 217.7 328.6 173.7 328.6 wheat 0
320.7 409.6 301.5 425.8 267.0 384.8 286.2 368.7 wheat 0
431.8 456.1 373.7 480.6 358.0 443.4 416.0 418.8 wheat 0
197.2 443.7 278.4 468.9 269.3 498.5 188.1 473.4 wheat 0
280.5 487.1 216.9 513.9 206.0 488.2 269.6 461.3 wheat 0
306.2 519.8 376.7 541.6 368.0 569.8 297.5 548.0 wheat 0
191.5 544.5 222.6 554.1 188.7 663.6 157.6 654.0 wheat 0
77.0 381.2 119.0 394.2 104.5 441.0 62.5 428.0 wheat 0
73.7 451.6 48.4 477.7 3.5 434.1 28.8 408.0 wheat 0
71.7 420.6 110.7 420.6 110.7 462.6 71.7 462.6 wheat 0
505.7 755.6 456.3 770.9 431.7 691.3 481.1 676.1 wheat 0
320.7 931.6 415.7 931.6 415.7 977.6 320.7 977.6 wheat 0
627.7 867.6 562.1 880.9 533.3 739.0 599.0 725.7 wheat 0
605.7 678.6 565.0 691.2 548.6 638.2 589.3 625.6 wheat 0
693.1 771.7 654.7 783.6 626.0 690.9 664.4 679.0 wheat 0
769.7 766.6 736.6 789.3 662.7 681.4 695.9 658.7 wheat 0
736.7 700.6 780.7 700.6 780.7 851.6 736.7 851.6 wheat 0
587.7 443.6 614.7 443.6 614.7 475.6 587.7 475.6 wheat 0
666.7 410.6 711.7 410.6 711.7 432.6 666.7 432.6 wheat 0
838.6 256.8 874.9 268.0 864.9 300.5 828.6 289.2 wheat 0
816.7 296.6 863.7 296.6 863.7 327.6 816.7 327.6 wheat 0
856.9 315.1 903.9 347.2 887.6 371.2 840.5 339.0 wheat 0
871.6 433.6 909.7 459.6 881.7 500.6 843.6 474.6 wheat 0
975.4 437.1 895.0 453.4 888.1 419.1 968.4 402.8 wheat 0
890.9 573.5 1023.7 614.6 1010.7 656.6 877.9 615.5 wheat 0
309.7 904.6 282.9 910.1 272.2 857.6 299.1 852.1 wheat 0
646.2 28.2 693.2 37.8 685.3 77.0 638.2 67.4 wheat 0
350.7 9.6 384.7 9.6 384.7 29.6 350.7 29.6 wheat 0
393.8 1.5 435.3 19.0 428.7 34.7 387.2 17.2 wheat 0
1010.4 523.2 988.3 532.5 961.1 468.1 983.2 458.7 wheat 0
772.7 934.0 832.3 984.2 818.8 1000.3 759.1 950.0 wheat 0
627.1 999.4 593.0 1013.8 563.4 943.8 597.5 929.4 wheat 0
296.7 978.6 390.7 978.6 390.7 1004.6 296.7 1004.6 wheat 0
928.7 4.6 978.7 4.6 978.7 30.6 928.7 30.6 wheat 0
210.7 96.6 173.8 116.8 121.1 20.3 158.0 0.2 wheat 0
861.7 828.6 883.7 828.6 883.7 859.6 861.7 859.6 wheat 0
851.8 934.3 926.3 949.4 921.7 971.9 847.2 956.8 wheat 0
