346.2 194.0 410.7 221.3 331.3 409.2 266.8 381.9 wheat 0
349.1 90.6 294.4 96.1 285.4 6.6 340.1 1.1 wheat 0
240.6 616.8 196.0 647.3 146.9 575.5 191.5 545.0 wheat 0
144.4 878.2 215.1 885.3 208.1 955.0 137.4 947.9 wheat 0
290.1 845.9 346.7 893.6 268.8 986.1 212.2 938.4 wheat 0
952.7 943.6 904.0 953.5 886.8 868.9 935.6 859.0 wheat 0
834.7 805.6 881.7 805.6 881.7 909.6 834.7 909.6 wheat 0
656.8 704.8 721.6 771.6 685.7 806.4 620.9 739.7 wheat 0
876.6 647.5 922.4 652.1 914.8 727.7 869.1 723.1 wheat 0
879.9 431.3 938.8 449.5 895.7 588.6 836.8 570.4 wheat 0
914.4 562.1 947.8 580.4 924.7 622.6 891.3 604.4 wheat 0
674.7 460.6 709.7 460.6 709.7 496.6 674.7 496.6 wheat 0
656.9 627.6 688.7 660.3 663.7 684.6 631.9 651.9 wheat 0
770.6 348.3 734.6 368.0 691.9 289.9 727.9 270.2 wheat 0
791.9 281.1 826.2 288.1 806.6 385.1 772.3 378.2 wheat 0
890.3 147.1 919.8 150.1 907.7 270.6 878.2 267.6 wheat 0
972.7 142.6 1016.7 142.6 1016.7 295.6 972.7 295.6 wheat 0
916.4 -0.6 949.7 6.1 927.1 117.9 893.8 111.1 wheat 0
309.3 265.1 276.0 271.9 254.1 164.1 287.5 157.3 wheat 0
980.5 703.9 1019.3 707.7 1011.9 781.4 973.1 777.5 wheat 0
