343.2 185.7 443.7 240.6 424.6 275.7 324.0 220.8 wheat 0
919.9 393.4 999.6 409.6 992.5 444.8 912.7 428.6 wheat 0
781.7 348.6 770.6 381.1 733.5 368.4 744.6 335.9 wheat 0
749.6 229.5 706.7 273.6 682.2 249.8 725.0 205.6 wheat 0
779.7 272.6 740.6 326.4 717.0 309.2 756.2 255.5 wheat 0
862.0 231.9 838.7 331.6 802.2 323.1 825.4 223.4 wheat 0
861.4 181.9 823.7 233.6 798.1 215.0 835.8 163.3 wheat 0
656.5 142.9 672.7 184.6 642.7 196.3 626.5 154.6 wheat 0
741.9 79.8 733.7 142.6 707.3 139.2 715.4 76.3 wheat 0
777.0 36.5 765.7 84.6 735.2 77.5 746.4 29.4 wheat 0
738.7 93.6 659.1 160.7 640.2 138.3 719.9 71.2 wheat 0
656.4 263.0 641.7 375.6 613.8 372.0 628.4 259.3 wheat 0
539.4 425.7 474.7 514.6 441.8 490.7 506.5 401.8 wheat 0
215.7 315.6 199.2 364.0 165.5 352.4 182.0 304.1 wheat 0
241.7 386.6 237.1 422.5 204.3 418.3 209.0 382.4 wheat 0
246.4 126.1 240.7 169.6 219.8 166.9 225.4 123.3 wheat 0
66.1 36.2 57.7 100.6 20.1 95.7 28.4 31.3 wheat 0
140.7 108.6 99.3 173.2 71.1 155.1 112.6 90.5 wheat 0
322.7 103.6 236.2 121.2 230.8 94.5 317.3 76.9 wheat 0
812.7 23.6 874.1 57.1 860.7 81.6 799.4 48.1 wheat 0
804.8 63.2 825.0 135.9 793.7 144.6 773.5 71.9 wheat 0
665.7 51.6 558.0 97.1 549.4 76.6 657.0 31.1 wheat 0
1004.7 321.6 952.1 326.9 949.4 299.3 1002.0 294.0 wheat 0
885.2 285.8 948.0 298.5 940.5 335.3 877.7 322.6 wheat 0
892.3 0.0 956.2 65.8 933.7 87.6 869.9 21.8 wheat 0
501.4 88.8 476.7 194.6 440.7 186.2 465.4 80.4 wheat 0
890.7 480.6 821.9 509.7 805.4 470.6 874.2 441.5 wheat 0
636.3 627.5 748.2 627.5 748.2 650.8 636.3 650.8 wheat 0
688.6 681.6 793.7 681.6 793.7 712.6 688.6 712.6 wheat 0
336.2 917.3 401.6 972.3 381.1 996.6 315.7 941.6 wheat 0
279.7 884.6 208.3 933.5 193.3 911.5 264.7 862.7 wheat 0
454.7 642.6 337.0 706.9 316.0 668.6 433.8 604.3 wheat 0
452.2 701.5 477.7 793.6 443.9 803.0 418.3 710.9 wheat 0
47.2 889.4 109.7 942.1 89.6 966.0 27.1 913.3 wheat 0
167.4 813.2 199.7 863.6 168.5 883.7 136.1 833.3 wheat 0
437.7 356.6 422.0 383.4 395.7 368.0 411.4 341.2 wheat 0
407.3 297.3 396.7 342.6 375.9 337.7 386.4 292.4 wheat 0
447.9 437.5 414.7 534.6 378.3 522.2 411.5 425.0 wheat 0
398.9 475.9 418.3 588.7 378.9 595.5 359.5 482.7 wheat 0
103.8 757.5 133.7 834.6 92.5 850.7 62.5 773.6 wheat 0
207.6 703.1 238.7 751.6 207.3 771.8 176.1 723.3 wheat 0
157.2 647.4 194.7 782.6 149.8 795.1 112.3 659.9 wheat 0
94.4 621.4 57.7 715.6 21.9 701.7 58.6 607.5 wheat 0
119.6 556.1 32.0 629.9 6.2 599.3 93.8 525.5 wheat 0
70.7 362.6 41.4 375.0 32.4 353.6 61.7 341.2 wheat 0
56.7 311.6 19.8 323.0 12.3 298.5 49.2 287.1 wheat 0
13.1 421.7 71.2 439.7 60.7 473.6 2.6 455.6 wheat 0
149.7 414.6 110.7 426.6 101.8 397.7 140.7 385.6 wheat 0
533.3 44.9 524.7 81.6 496.9 75.1 505.4 38.4 wheat 0
322.7 956.6 342.3 981.2 314.8 1003.0 295.3 978.4 wheat 0
317.7 634.6 284.7 676.2 255.6 653.1 288.6 611.5 wheat 0
507.4 639.8 420.0 676.8 409.7 652.6 497.2 615.6 wheat 0
531.5 583.3 481.0 625.9 460.2 601.2 510.7 558.6 wheat 0
858.7 929.6 889.3 955.4 862.8 986.9 832.2 961.1 wheat 0
817.3 895.5 790.7 953.6 769.1 943.7 795.7 885.6 wheat 0
653.1 857.1 668.7 947.6 642.1 952.2 626.5 861.7 wheat 0
933.1 781.6 910.6 804.8 885.7 780.6 908.3 757.4 wheat 0
946.9 851.4 921.7 900.8 898.6 889.0 923.7 839.6 wheat 0
841.9 840.1 871.4 852.6 857.3 886.1 827.7 873.6 wheat 0
997.4 768.7 965.1 801.9 945.5 782.8 977.7 749.6 wheat 0
506.7 947.6 545.0 995.9 510.8 1023.0 472.5 974.8 wheat 0
388.1 779.2 381.3 831.1 354.0 827.5 360.7 775.6 wheat 0
751.7 751.6 741.1 797.3 709.4 789.9 720.1 744.2 wheat 0
590.7 802.8 581.7 872.0 563.7 869.6 572.7 800.5 wheat 0
518.9 923.8 564.9 928.4 560.7 970.2 514.7 965.6 wheat 0
718.3 486.7 663.7 532.6 643.5 508.6 698.0 462.6 wheat 0
595.7 509.7 628.7 509.7 628.7 553.6 595.7 553.6 wheat 0
406.3 805.3 479.1 836.1 468.2 861.9 395.4 831.1 wheat 0
467.7 818.6 547.7 818.6 547.7 848.6 467.7 848.6 wheat 0
535.0 732.6 568.8 751.1 541.7 800.6 507.9 782.1 wheat 0
161.7 971.9 128.9 975.2 126.8 954.3 159.6 951.0 wheat 0
148.2 895.7 119.3 915.5 106.3 896.5 135.2 876.7 wheat 0
181.2 954.0 202.3 986.8 181.3 1000.3 160.2 967.5 wheat 0
538.2 341.6 577.9 358.4 564.2 390.6 524.6 373.9 wheat 0
875.1 795.5 834.3 799.6 831.3 769.7 872.1 765.6 wheat 0
148.8 362.4 120.4 368.2 113.6 334.8 142.1 329.1 wheat 0
500.0 182.0 524.1 206.8 502.7 227.6 478.6 202.8 wheat 0
771.7 475.6 711.6 494.2 702.0 463.2 762.1 444.6 wheat 0
721.0 483.1 750.4 489.1 740.5 538.1 711.1 532.1 wheat 0
951.2 507.0 979.5 526.4 943.7 578.6 915.4 559.3 wheat 0
990.9 546.1 1010.0 552.0 990.5 615.1 971.4 609.2 wheat 0
973.3 471.1 1001.0 482.8 988.1 513.2 960.5 501.5 wheat 0
206.7 440.6 252.7 440.6 252.7 471.6 206.7 471.6 wheat 0
173.8 378.4 192.5 401.9 173.7 416.8 155.0 393.3 wheat 0
