746.3 732.4 815.9 746.6 806.7 791.6 737.1 777.5 wheat 0
743.1 782.8 805.8 809.3 785.7 856.6 723.1 830.1 wheat 0
876.3 434.4 924.1 449.2 895.1 542.8 847.4 528.0 wheat 0
927.8 471.8 964.7 509.8 916.7 556.5 879.7 518.4 wheat 0
146.5 161.9 198.0 177.8 163.7 288.6 112.2 272.7 wheat 0
282.1 241.0 313.7 273.6 256.2 329.5 224.6 296.9 wheat 0
1.7 348.6 43.7 348.6 43.7 399.6 1.7 399.6 wheat 0
108.1 430.9 159.7 446.8 143.4 499.4 91.8 483.4 wheat 0
169.2 532.9 237.4 561.8 220.2 602.3 152.1 573.5 wheat 0
19.1 569.8 85.8 576.5 80.7 626.6 14.0 619.9 wheat 0
98.7 760.6 19.7 776.6 6.7 712.8 85.8 696.8 wheat 0
86.3 183.0 112.1 209.6 66.2 254.2 40.4 227.6 wheat 0
252.7 60.6 135.7 124.6 112.1 81.3 229.1 17.4 wheat 0
1021.7 854.6 941.4 870.9 931.7 823.1 1012.1 806.8 wheat 0
1023.6 789.9 959.9 802.8 954.9 778.3 1018.6 765.4 wheat 0
