577.2 287.7 666.1 315.1 608.4 501.4 519.6 473.9 wheat 0
603.2 27.2 714.0 61.4 697.5 114.9 586.6 80.7 wheat 0
863.6 143.1 797.3 171.2 749.0 57.0 815.3 28.9 wheat 0
864.1 62.6 920.2 93.2 866.6 191.5 810.4 160.8 wheat 0
127.5 1.1 285.4 33.1 266.3 127.0 108.4 95.0 wheat 0
315.3 158.6 371.1 215.9 261.3 322.5 205.6 265.1 wheat 0
573.7 507.1 514.8 532.0 450.9 381.0 509.9 356.1 wheat 0
378.2 421.6 445.1 442.3 406.4 567.5 339.5 546.8 wheat 0
90.3 624.9 161.0 632.0 145.3 788.2 74.7 781.1 wheat 0
97.4 956.0 32.7 969.1 3.3 824.1 68.0 811.0 wheat 0
173.3 829.0 261.3 829.0 261.3 1024.0 173.3 1024.0 wheat 0
545.1 901.4 335.9 966.1 318.5 909.7 527.7 845.0 wheat 0
538.2 813.4 472.6 820.0 460.4 698.6 526.1 692.1 wheat 0
664.1 807.5 595.4 814.3 589.5 755.6 658.2 748.7 wheat 0
735.9 543.3 887.6 590.2 862.3 672.0 710.6 625.1 wheat 0
928.3 400.0 1010.3 400.0 1010.3 568.0 928.3 568.0 wheat 0
950.6 495.5 918.3 536.2 818.0 456.6 850.3 415.9 wheat 0
1015.5 882.2 945.8 889.2 931.2 742.9 1000.8 735.9 wheat 0
870.3 726.4 808.2 745.6 781.3 658.7 843.4 639.5 wheat 0
730.7 1018.8 654.4 1026.4 638.6 868.3 714.8 860.6 wheat 0
