547.3 604.7 639.9 633.3 624.1 684.5 531.5 655.9 wheat 0
464.1 467.0 363.0 487.5 351.8 432.2 452.9 411.7 wheat 0
355.1 327.5 288.2 341.1 280.6 303.3 347.4 289.8 wheat 0
179.7 614.4 223.8 623.3 212.5 679.2 168.4 670.3 wheat 0
241.1 267.5 171.3 315.2 145.7 277.8 215.4 230.0 wheat 0
339.3 35.7 461.4 73.5 443.2 132.1 321.1 94.3 wheat 0
462.3 281.9 496.5 300.6 465.8 356.7 431.6 338.0 wheat 0
346.3 674.2 454.1 707.5 437.7 760.3 330.0 727.0 wheat 0
416.6 888.3 467.6 888.3 467.6 935.3 416.6 935.3 wheat 0
235.6 843.3 279.6 843.3 279.6 884.3 235.6 884.3 wheat 0
473.6 557.3 522.6 557.3 522.6 605.3 473.6 605.3 wheat 0
786.1 692.5 736.7 726.3 681.1 645.0 730.4 611.2 wheat 0
876.4 85.8 916.1 107.4 887.1 160.5 847.4 138.9 wheat 0
243.1 94.9 216.1 164.5 172.0 147.4 199.0 77.8 wheat 0
728.4 555.0 788.3 580.3 768.1 628.1 708.2 602.7 wheat 0
196.0 550.5 248.1 561.1 236.2 619.9 184.1 609.3 wheat 0
194.0 548.5 246.1 559.1 234.2 617.9 182.1 607.3 wheat 0
174.1 323.1 235.1 323.1 235.1 433.1 174.1 433.1 wheat 0
567.3 443.8 646.0 510.2 608.0 555.3 529.3 489.0 wheat 0
388.1 679.5 340.8 699.5 304.4 613.2 351.6 593.2 wheat 0
90.7 711.1 141.1 745.5 61.6 861.6 11.3 827.2 wheat 0
272.1 708.1 342.1 708.1 342.1 781.1 272.1 781.1 wheat 0
537.1 824.5 465.2 863.8 436.5 811.2 508.4 772.0 wheat 0
830.2 876.1 734.6 956.6 703.1 919.1 798.7 838.6 wheat 0
1019.8 247.5 884.1 289.4 862.5 219.7 998.2 177.7 wheat 0
290.1 505.1 365.1 505.1 365.1 560.1 290.1 560.1 wheat 0
347.1 139.1 468.1 176.5 449.6 236.4 328.6 198.9 wheat 0
357.1 938.5 297.9 956.8 271.3 870.6 330.4 852.3 wheat 0
333.1 86.5 283.5 107.5 257.8 46.8 307.4 25.8 wheat 0
652.1 181.5 589.5 194.2 574.7 120.8 637.2 108.1 wheat 0
533.1 178.5 475.8 196.2 445.8 99.3 503.1 81.6 wheat 0
771.0 420.8 839.7 449.9 801.8 539.6 733.1 510.5 wheat 0
933.1 523.5 898.6 577.1 820.5 527.0 855.0 473.4 wheat 0
870.1 400.5 926.1 400.5 926.1 468.5 870.1 468.5 wheat 0
959.1 677.5 889.9 684.5 883.2 617.7 952.4 610.7 wheat 0
796.8 744.8 772.1 793.5 665.0 739.0 689.8 690.3 wheat 0
892.1 815.5 837.5 845.3 792.8 763.5 847.4 733.7 wheat 0
500.5 243.9 587.1 252.6 582.1 302.5 495.5 293.8 wheat 0
386.3 490.3 435.6 495.3 427.1 580.5 377.8 575.6 wheat 0
324.4 652.7 289.1 682.5 239.7 623.9 275.1 594.1 wheat 0
987.9 721.1 924.1 801.5 875.4 762.9 939.2 682.5 wheat 0
