191.1 216.1 300.1 216.1 300.1 264.1 191.1 264.1 wheat 0
194.6 737.8 75.8 788.1 54.7 738.3 173.5 688.1 wheat 0
253.1 630.1 364.1 630.1 364.1 680.1 253.1 680.1 wheat 0
693.1 328.1 757.1 328.1 757.1 398.1 693.1 398.1 wheat 0
760.1 198.1 833.1 198.1 833.1 272.1 760.1 272.1 wheat 0
530.1 197.1 588.1 197.1 588.1 297.1 530.1 297.1 wheat 0
126.1 284.1 205.1 284.1 205.1 341.1 126.1 341.1 wheat 0
241.1 881.1 385.1 881.1 385.1 952.1 241.1 952.1 wheat 0
756.1 436.1 914.1 436.1 914.1 510.1 756.1 510.1 wheat 0
364.1 524.1 424.1 524.1 424.1 592.1 364.1 592.1 wheat 0
333.1 200.1 421.1 200.1 421.1 260.1 333.1 260.1 wheat 0
318.7 60.6 251.6 175.4 188.6 138.6 255.7 23.7 wheat 0
483.1 9.1 596.1 9.1 596.1 70.1 483.1 70.1 wheat 0
221.1 322.1 322.1 322.1 322.1 404.1 221.1 404.1 wheat 0
606.1 798.1 717.1 798.1 717.1 866.1 606.1 866.1 wheat 0
812.1 524.1 965.1 524.1 965.1 586.1 812.1 586.1 wheat 0
841.1 598.1 933.1 598.1 933.1 686.1 841.1 686.1 wheat 0
799.1 746.1 865.1 746.1 865.1 810.1 799.1 810.1 wheat 0
892.1 764.1 971.1 764.1 971.1 810.1 892.1 810.1 wheat 0
54.1 160.1 139.1 160.1 139.1 225.1 54.1 225.1 wheat 0
336.1 121.1 383.1 121.1 383.1 174.1 336.1 174.1 wheat 0
380.1 130.1 460.1 130.1 460.1 184.1 380.1 184.1 wheat 0
782.1 24.1 881.1 24.1 881.1 97.1 782.1 97.1 wheat 0
803.1 95.1 885.1 95.1 885.1 166.1 803.1 166.1 wheat 0
7.1 34.1 69.1 34.1 69.1 106.1 7.1 106.1 wheat 0
580.1 600.1 641.1 600.1 641.1 709.1 580.1 709.1 wheat 0
565.1 529.1 658.1 529.1 658.1 596.1 565.1 596.1 wheat 0
426.1 409.1 533.1 409.1 533.1 453.1 426.1 453.1 wheat 0
517.1 352.1 602.1 352.1 602.1 405.1 517.1 405.1 wheat 0
698.1 865.1 757.1 865.1 757.1 910.1 698.1 910.1 wheat 0
672.1 917.1 754.1 917.1 754.1 975.1 672.1 975.1 wheat 0
840.5 328.6 803.8 374.8 702.8 294.6 739.5 248.4 wheat 0
907.1 269.1 989.1 269.1 989.1 377.1 907.1 377.1 wheat 0
151.6 510.7 106.3 567.9 3.6 486.5 49.0 429.3 wheat 0
274.1 9.1 385.1 9.1 385.1 55.1 274.1 55.1 wheat 0
