372.0 212.3 497.7 251.2 482.3 301.0 356.6 262.1 wheat 0
587.3 304.0 667.3 304.0 667.3 393.0 587.3 393.0 wheat 0
685.3 218.0 738.3 218.0 738.3 279.0 685.3 279.0 wheat 0
722.3 279.0 780.3 279.0 780.3 332.0 722.3 332.0 wheat 0
940.5 127.5 1001.6 169.3 928.2 276.6 867.1 234.8 wheat 0
692.3 12.0 754.3 12.0 754.3 69.0 692.3 69.0 wheat 0
272.9 168.2 352.1 201.6 333.8 244.9 254.6 211.4 wheat 0
241.5 216.2 166.9 257.0 140.1 207.8 214.7 167.1 wheat 0
268.0 284.1 341.5 299.0 331.6 348.0 258.1 333.1 wheat 0
157.3 390.0 280.3 390.0 280.3 439.0 157.3 439.0 wheat 0
528.9 554.8 590.6 580.9 552.8 670.3 491.1 644.2 wheat 0
639.6 771.1 589.6 781.2 572.1 695.0 622.1 684.9 wheat 0
380.3 706.0 468.3 706.0 468.3 754.0 380.3 754.0 wheat 0
337.5 691.7 273.8 698.1 267.1 631.4 330.8 625.0 wheat 0
190.5 557.3 264.8 608.1 228.1 661.8 153.8 611.0 wheat 0
25.8 504.5 73.6 519.3 48.8 599.6 1.0 584.8 wheat 0
91.9 116.9 15.5 132.4 6.7 89.2 83.2 73.7 wheat 0
100.3 720.0 74.0 771.7 -1.7 733.1 24.6 681.4 wheat 0
303.7 1006.8 222.1 1015.0 217.0 964.3 298.6 956.1 wheat 0
986.5 900.9 929.8 906.6 917.1 780.2 973.8 774.5 wheat 0
800.5 549.3 877.1 557.0 871.1 616.7 794.5 609.0 wheat 0
932.3 957.0 1004.3 957.0 1004.3 1020.0 932.3 1020.0 wheat 0
521.4 907.6 613.0 916.8 607.2 974.5 515.7 965.3 wheat 0
