566.3 413.0 632.3 413.0 632.3 483.0 566.3 483.0 wheat 0
620.1 481.7 676.7 520.4 587.3 651.0 530.7 612.3 wheat 0
788.4 480.0 850.2 506.1 811.3 598.0 749.6 571.9 wheat 0
342.3 584.0 398.3 584.0 398.3 640.0 342.3 640.0 wheat 0
360.0 640.2 461.8 695.8 430.6 752.9 328.8 697.3 wheat 0
267.1 512.8 328.0 554.4 228.3 700.0 167.5 658.4 wheat 0
187.6 572.7 59.4 642.7 33.1 594.4 161.2 524.4 wheat 0
142.7 706.0 185.7 750.3 93.3 840.0 50.3 795.7 wheat 0
418.3 903.0 266.3 933.9 254.0 873.4 406.1 842.6 wheat 0
328.3 899.0 402.3 899.0 402.3 962.0 328.3 962.0 wheat 0
283.6 887.0 224.9 892.9 220.1 845.1 278.8 839.2 wheat 0
698.0 819.9 556.7 834.0 552.7 794.2 694.0 780.1 wheat 0
970.4 897.5 925.3 906.7 906.2 812.6 951.3 803.4 wheat 0
985.9 769.7 933.9 805.2 897.8 752.4 949.7 716.8 wheat 0
614.3 885.0 669.3 885.0 669.3 1023.0 614.3 1023.0 wheat 0
433.3 98.0 535.3 98.0 535.3 163.0 433.3 163.0 wheat 0
305.9 13.6 418.3 24.8 411.7 90.5 299.3 79.2 wheat 0
731.6 861.8 898.3 975.8 861.0 1030.3 694.3 916.2 wheat 0
