696.7 348.1 950.4 373.5 943.8 439.2 690.1 413.7 wheat 0
811.3 258.8 841.1 296.4 812.2 319.4 782.3 281.8 wheat 0
760.5 329.6 674.7 388.3 651.0 353.6 736.8 294.9 wheat 0
629.0 276.7 520.1 310.4 506.5 266.5 615.4 232.8 wheat 0
341.7 419.6 417.7 419.6 417.7 536.6 341.7 536.6 wheat 0
362.5 437.8 277.7 473.6 262.0 436.4 346.7 400.6 wheat 0
256.1 402.2 141.8 437.6 125.7 385.6 240.0 350.3 wheat 0
70.7 439.6 145.2 490.6 115.7 533.6 41.3 482.7 wheat 0
120.7 551.3 184.4 564.2 161.8 675.9 98.1 663.0 wheat 0
283.1 560.0 342.4 592.4 258.7 745.6 199.4 713.2 wheat 0
466.0 576.6 523.3 607.9 367.7 892.6 310.5 861.3 wheat 0
523.1 638.6 584.2 664.4 487.7 892.6 426.6 866.8 wheat 0
730.9 730.6 785.8 741.7 754.6 895.6 699.7 884.5 wheat 0
725.5 901.2 796.7 915.6 775.1 1022.3 703.9 1007.8 wheat 0
1023.7 685.6 912.7 746.3 884.2 694.3 995.3 633.6 wheat 0
664.8 788.6 613.9 816.4 550.6 700.6 601.5 672.8 wheat 0
570.3 791.7 628.8 803.6 584.2 1023.5 525.7 1011.6 wheat 0
219.3 841.2 273.5 852.1 241.7 1008.6 187.6 997.6 wheat 0
275.3 869.7 312.2 900.8 240.7 985.6 203.8 954.5 wheat 0
216.7 236.6 189.3 264.8 120.9 198.4 148.3 170.2 wheat 0
53.7 162.9 14.5 170.9 -0.2 98.3 39.0 90.4 wheat 0
5.7 198.6 44.7 198.6 44.7 232.6 5.7 232.6 wheat 0
355.0 15.4 406.8 43.7 346.7 153.6 294.9 125.3 wheat 0
519.2 0.3 560.7 52.6 528.2 78.4 486.7 26.1 wheat 0
700.7 5.6 779.7 5.6 779.7 98.6 700.7 98.6 wheat 0
379.7 265.6 418.7 265.6 418.7 315.6 379.7 315.6 wheat 0
367.7 358.6 433.7 358.6 433.7 418.6 367.7 418.6 wheat 0
273.2 1.9 307.5 8.8 293.2 79.4 258.9 72.4 wheat 0
926.3 918.0 955.1 954.3 872.7 1019.6 844.0 983.4 wheat 0
797.3 604.7 821.9 618.1 792.2 672.5 767.6 659.1 wheat 0
371.0 863.6 428.3 881.4 416.5 919.6 359.2 901.9 wheat 0
