794.2 579.6 855.2 642.5 644.1 847.5 583.0 784.7 wheat 0
901.1 274.5 976.1 274.5 976.1 425.5 901.1 425.5 wheat 0
396.1 109.5 488.1 109.5 488.1 172.5 396.1 172.5 wheat 0
290.1 263.1 379.1 263.1 379.1 352.5 290.1 352.5 wheat 0
486.1 526.5 434.6 542.4 413.0 472.7 464.5 456.8 wheat 0
442.8 507.4 494.9 523.5 454.1 655.5 402.0 639.4 wheat 0
261.1 414.1 318.8 419.9 309.1 516.5 251.4 510.7 wheat 0
275.8 517.9 304.3 562.2 204.1 626.5 175.6 582.2 wheat 0
264.1 531.5 210.6 554.1 169.0 455.6 222.4 433.0 wheat 0
144.2 40.1 210.1 60.5 141.0 283.9 75.1 263.5 wheat 0
348.1 859.5 382.1 859.5 382.1 1000.5 348.1 1000.5 wheat 0
602.1 985.5 564.7 1023.9 449.3 911.8 486.6 873.4 wheat 0
777.3 453.9 858.8 462.1 852.1 529.5 770.5 521.3 wheat 0
826.3 425.2 706.1 507.5 674.8 461.8 795.1 379.5 wheat 0
