358.3 434.7 416.3 446.5 388.1 585.5 330.1 573.8 wheat 0
656.1 619.5 601.3 636.4 546.9 460.5 601.6 443.6 wheat 0
466.3 434.8 600.1 547.5 570.4 582.8 436.6 470.1 wheat 0
879.6 433.5 934.6 463.5 864.1 592.5 809.1 562.5 wheat 0
959.0 415.0 1000.9 437.9 959.1 514.5 917.2 491.6 wheat 0
785.1 751.5 839.1 751.5 839.1 852.5 785.1 852.5 wheat 0
954.1 845.5 822.4 872.2 812.9 825.0 944.5 798.4 wheat 0
675.4 892.0 757.1 908.5 750.1 943.0 668.5 926.4 wheat 0
782.1 890.5 703.8 906.4 695.2 863.8 773.4 848.0 wheat 0
660.9 743.5 554.6 754.2 549.7 706.2 656.1 695.5 wheat 0
774.1 696.5 702.3 735.7 684.2 702.6 756.0 663.4 wheat 0
900.1 377.5 852.2 387.2 823.4 244.9 871.2 235.2 wheat 0
859.1 398.5 781.0 406.3 777.4 370.1 855.4 362.3 wheat 0
794.1 242.5 751.3 246.8 740.9 143.3 783.7 139.0 wheat 0
886.1 240.5 840.4 254.6 781.1 63.0 826.8 48.8 wheat 0
934.1 167.5 887.4 193.0 806.7 45.3 853.4 19.8 wheat 0
863.8 34.5 1010.1 134.5 984.4 172.1 838.1 72.0 wheat 0
416.1 0.0 479.1 0.0 479.1 128.5 416.1 128.5 wheat 0
385.1 266.5 288.6 332.5 261.5 292.9 358.0 226.9 wheat 0
190.1 315.5 151.7 327.4 107.3 184.0 145.7 172.2 wheat 0
71.9 116.2 195.1 183.5 175.7 218.9 52.5 151.6 wheat 0
138.1 269.5 52.3 286.9 43.4 242.8 129.1 225.4 wheat 0
229.0 504.8 266.0 530.1 215.1 604.5 178.1 579.2 wheat 0
29.8 556.3 60.7 565.8 40.1 632.5 9.1 622.9 wheat 0
107.1 817.5 55.1 833.6 46.5 805.9 98.5 789.9 wheat 0
179.1 799.5 111.6 813.2 104.3 777.1 171.8 763.4 wheat 0
347.1 750.5 322.1 771.6 294.2 738.4 319.2 717.4 wheat 0
291.1 714.5 265.7 725.2 244.8 675.7 270.1 665.0 wheat 0
459.8 811.4 334.6 864.3 317.2 823.2 442.5 770.3 wheat 0
563.1 791.2 593.3 804.0 566.1 868.5 535.8 855.7 wheat 0
580.3 743.5 650.1 743.5 650.1 786.5 580.3 786.5 wheat 0
