365.1 86.5 319.4 91.1 313.2 30.2 358.9 25.6 wheat 0
307.9 94.3 359.3 99.4 342.1 271.5 290.6 266.4 wheat 0
469.1 290.5 405.1 296.9 400.2 248.7 464.2 242.2 wheat 0
554.1 310.5 451.2 331.4 444.2 296.7 547.0 275.9 wheat 0
640.1 657.5 616.8 686.8 547.5 631.9 570.8 602.6 wheat 0
885.1 507.5 720.5 620.1 696.8 585.3 861.3 472.8 wheat 0
816.1 447.5 781.5 454.5 755.1 324.1 789.6 317.1 wheat 0
684.8 173.5 736.1 208.5 716.7 236.8 665.5 201.7 wheat 0
974.1 166.5 879.0 195.9 867.3 158.2 962.4 128.8 wheat 0
993.1 191.5 926.3 295.6 886.5 270.1 953.4 166.0 wheat 0
836.2 581.7 873.8 613.3 807.1 692.5 769.5 660.9 wheat 0
890.1 802.5 802.0 811.3 797.6 766.9 885.6 758.1 wheat 0
905.3 788.4 999.1 852.5 971.5 892.8 877.8 828.6 wheat 0
381.8 663.9 464.1 748.5 440.5 771.4 358.3 686.7 wheat 0
441.7 702.9 553.1 725.5 546.7 757.1 435.3 734.5 wheat 0
556.1 594.5 520.5 613.9 423.0 435.5 458.6 416.0 wheat 0
354.3 349.7 394.1 366.6 348.1 475.5 308.2 458.7 wheat 0
62.2 358.1 184.1 441.5 153.9 485.6 32.0 402.2 wheat 0
75.5 427.0 113.3 434.7 95.1 524.5 57.3 516.9 wheat 0
245.3 755.6 199.1 846.5 164.6 829.0 210.9 738.1 wheat 0
282.5 777.0 320.4 784.7 277.1 998.5 239.1 990.8 wheat 0
527.1 973.5 493.9 1007.7 371.6 888.8 404.7 854.7 wheat 0
198.7 840.2 235.8 847.7 224.1 905.5 187.0 898.0 wheat 0
360.3 541.3 390.7 557.9 357.1 619.5 326.6 602.9 wheat 0
356.2 390.6 548.1 490.5 530.1 525.1 338.1 425.2 wheat 0
287.4 263.5 323.7 278.8 276.1 391.5 239.8 376.2 wheat 0
379.1 324.5 312.3 338.1 306.2 308.3 373.0 294.8 wheat 0
