241.3 312.0 309.3 312.0 309.3 448.0 241.3 448.0 wheat 0
422.3 130.0 480.3 130.0 480.3 244.0 422.3 244.0 wheat 0
587.1 344.2 607.1 383.4 529.5 422.9 509.6 383.7 wheat 0
657.3 138.0 718.3 138.0 718.3 276.0 657.3 276.0 wheat 0
821.1 73.5 878.8 79.3 865.6 210.6 807.9 204.8 wheat 0
982.6 178.3 1012.0 236.2 897.1 294.8 867.6 236.8 wheat 0
763.5 397.0 823.2 409.2 802.2 513.0 742.4 500.9 wheat 0
583.1 536.6 488.3 576.7 464.5 520.5 559.4 480.4 wheat 0
428.3 493.0 486.3 493.0 486.3 549.0 428.3 549.0 wheat 0
259.3 26.0 321.3 26.0 321.3 117.0 259.3 117.0 wheat 0
408.4 3.1 460.2 31.4 411.3 120.9 359.5 92.7 wheat 0
147.3 6.0 207.3 6.0 207.3 74.0 147.3 74.0 wheat 0
144.2 658.3 240.5 710.9 209.3 768.0 113.0 715.4 wheat 0
470.9 749.0 566.0 768.2 554.7 824.1 459.6 804.8 wheat 0
571.1 715.9 646.5 731.2 636.6 780.2 561.1 764.9 wheat 0
810.6 764.7 857.4 812.8 757.3 910.0 710.5 861.9 wheat 0
714.8 949.1 837.2 961.3 830.8 1025.0 708.4 1012.7 wheat 0
950.4 878.2 1001.0 899.6 963.3 988.9 912.6 967.5 wheat 0
64.9 913.1 110.7 927.3 81.8 1020.9 35.9 1006.8 wheat 0
0.0 758.3 68.3 758.3 68.3 863.0 0.0 863.0 wheat 0
660.3 525.0 701.3 525.0 701.3 565.0 660.3 565.0 wheat 0
948.5 11.6 1015.0 32.2 968.8 181.6 902.3 161.0 wheat 0
