270.0 530.0 86.2 567.2 70.5 489.8 254.3 452.6 wheat 0
29.3 556.3 93.3 556.3 93.3 658.3 29.3 658.3 wheat 0
301.3 829.3 413.3 829.3 413.3 899.3 301.3 899.3 wheat 0
502.0 876.9 451.3 898.3 404.0 786.4 454.7 765.0 wheat 0
589.3 854.3 644.3 854.3 644.3 946.3 589.3 946.3 wheat 0
773.3 902.3 904.3 902.3 904.3 974.3 773.3 974.3 wheat 0
509.1 633.7 605.1 714.6 557.3 771.3 461.3 690.5 wheat 0
687.3 534.3 737.0 576.2 694.9 626.1 645.2 584.3 wheat 0
801.2 351.6 967.6 442.5 933.3 505.3 766.9 414.4 wheat 0
1023.0 486.7 970.7 552.6 936.3 525.3 988.6 459.4 wheat 0
485.3 143.3 562.3 143.3 562.3 339.3 485.3 339.3 wheat 0
260.3 384.3 208.4 419.9 111.8 278.7 163.7 243.1 wheat 0
312.3 272.9 376.7 292.8 357.3 355.3 293.0 335.4 wheat 0
189.5 244.6 281.2 253.8 277.0 295.5 185.3 286.3 wheat 0
327.3 121.3 389.3 121.3 389.3 238.3 327.3 238.3 wheat 0
509.3 158.3 469.6 191.8 388.3 95.3 428.0 61.8 wheat 0
612.7 142.1 688.2 157.4 659.0 301.5 583.5 286.2 wheat 0
834.3 215.3 911.0 247.7 852.8 385.2 776.2 352.8 wheat 0
308.5 97.2 258.3 160.3 135.9 63.2 186.0 -0.0 wheat 0
209.3 168.3 158.3 189.9 135.0 134.8 186.0 113.2 wheat 0
120.3 247.3 64.2 253.0 50.9 120.4 107.0 114.8 wheat 0
812.6 64.2 932.6 88.6 924.3 129.3 804.3 105.0 wheat 0
768.3 148.6 709.6 173.4 656.6 48.1 715.3 23.3 wheat 0
