651.1 831.5 587.8 851.1 529.0 661.0 592.3 641.4 wheat 0
653.8 689.3 695.7 702.3 681.1 749.5 639.2 736.5 wheat 0
493.1 761.6 571.1 769.4 567.1 809.5 489.1 801.7 wheat 0
295.7 827.0 401.5 859.8 383.1 919.5 277.2 886.8 wheat 0
441.0 903.8 479.3 907.6 471.1 989.5 432.7 985.7 wheat 0
489.2 910.4 531.2 918.9 516.1 993.5 474.1 985.0 wheat 0
624.1 966.5 533.2 1004.9 511.0 952.2 601.8 913.8 wheat 0
452.1 698.5 422.0 729.5 355.6 665.0 385.7 634.1 wheat 0
372.1 807.5 284.8 816.3 280.4 772.1 367.6 763.4 wheat 0
117.8 816.1 187.2 830.1 167.1 929.5 97.7 915.4 wheat 0
142.0 478.1 216.0 501.0 200.1 552.5 126.1 529.6 wheat 0
387.5 598.5 353.1 627.5 275.4 535.3 309.8 506.3 wheat 0
553.1 558.5 514.2 591.2 428.2 489.1 467.1 456.4 wheat 0
619.1 506.5 582.4 531.6 539.9 469.6 576.6 444.5 wheat 0
665.2 452.4 716.0 457.5 703.1 586.5 652.2 581.4 wheat 0
800.1 556.5 777.1 601.6 696.5 560.6 719.4 515.5 wheat 0
919.1 524.5 888.6 571.9 822.8 529.7 853.2 482.2 wheat 0
957.9 535.3 1023.1 548.5 1013.9 593.9 948.7 580.7 wheat 0
774.1 690.5 742.1 730.7 626.5 638.9 658.4 598.7 wheat 0
452.0 270.6 513.2 276.7 500.1 407.5 438.8 401.4 wheat 0
589.1 314.5 541.9 346.8 460.8 228.2 508.0 196.0 wheat 0
374.1 250.5 333.2 267.8 306.6 204.9 347.5 187.6 wheat 0
505.1 117.5 460.8 126.5 447.3 60.0 491.6 51.0 wheat 0
533.1 165.5 488.5 174.5 477.9 122.1 522.4 113.0 wheat 0
718.7 62.4 767.9 72.4 755.1 135.5 705.9 125.5 wheat 0
845.4 184.6 984.1 198.5 979.3 246.2 840.6 232.3 wheat 0
844.7 224.5 982.1 282.5 966.6 319.1 829.3 261.1 wheat 0
1009.1 115.5 980.4 171.8 841.8 101.3 870.5 45.0 wheat 0
181.1 88.5 121.8 94.5 115.2 28.6 174.5 22.7 wheat 0
74.1 111.5 26.3 121.2 17.8 79.5 65.6 69.8 wheat 0
53.1 205.5 7.5 210.1 1.1 145.9 46.6 141.3 wheat 0
73.9 317.1 140.1 330.5 130.9 375.7 64.8 362.3 wheat 0
659.9 912.9 737.1 928.5 730.6 960.6 653.4 944.9 wheat 0
881.2 930.2 944.9 973.8 917.1 1014.5 853.3 970.9 wheat 0
864.6 875.7 762.4 896.4 753.8 854.2 856.1 833.5 wheat 0
918.1 750.5 889.2 774.8 819.7 692.4 848.6 668.1 wheat 0
977.1 684.5 952.4 705.3 918.6 665.1 943.2 644.4 wheat 0
833.1 730.5 804.7 759.7 733.6 690.6 762.0 661.5 wheat 0
428.0 415.4 376.1 431.5 351.5 352.1 403.5 336.0 wheat 0
899.1 426.5 851.7 441.2 829.3 368.8 876.7 354.2 wheat 0
720.1 401.5 756.1 401.5 756.1 454.5 720.1 454.5 wheat 0
541.1 545.5 590.1 545.5 590.1 610.5 541.1 610.5 wheat 0
