622.5 560.1 589.6 587.8 520.0 505.2 552.9 477.5 wheat 0
812.2 555.8 873.4 618.9 839.7 651.6 778.5 588.6 wheat 0
816.7 450.2 791.7 481.6 745.8 445.1 770.7 413.7 wheat 0
734.0 299.8 778.6 318.6 755.7 372.6 711.2 353.8 wheat 0
800.7 298.6 752.7 303.4 747.1 248.2 795.2 243.4 wheat 0
761.7 184.6 803.7 184.6 803.7 240.6 761.7 240.6 wheat 0
789.7 125.6 825.7 125.6 825.7 187.6 789.7 187.6 wheat 0
931.8 68.1 983.5 103.4 956.7 142.6 905.0 107.2 wheat 0
933.7 582.6 1018.5 618.4 999.8 662.6 915.0 626.8 wheat 0
938.0 712.8 980.9 717.1 973.7 788.6 930.8 784.3 wheat 0
831.8 726.5 928.5 756.4 915.7 797.6 819.0 767.7 wheat 0
885.1 734.6 859.1 756.5 820.4 710.6 846.4 688.7 wheat 0
843.7 791.6 889.7 791.6 889.7 827.6 843.7 827.6 wheat 0
968.7 848.6 926.4 857.2 915.3 802.9 957.7 794.3 wheat 0
987.7 848.6 1023.0 848.6 1023.0 897.3 987.7 897.3 wheat 0
998.4 884.7 974.0 905.3 943.0 868.6 967.5 848.0 wheat 0
784.2 622.1 764.1 633.1 748.2 604.1 768.4 593.1 wheat 0
707.6 656.3 767.8 674.9 739.7 765.6 679.6 747.0 wheat 0
645.8 944.1 546.4 974.9 531.7 927.1 631.0 896.4 wheat 0
608.7 647.6 644.4 672.1 577.7 769.6 542.0 745.2 wheat 0
646.7 731.6 671.7 731.6 671.7 783.6 646.7 783.6 wheat 0
561.1 750.3 595.4 793.6 548.7 830.6 514.4 787.4 wheat 0
523.7 825.6 373.6 856.1 363.5 806.3 513.6 775.8 wheat 0
479.7 707.6 434.1 754.6 395.5 717.2 441.2 670.2 wheat 0
386.7 565.8 451.3 593.1 433.7 634.6 369.1 607.3 wheat 0
582.7 968.6 628.7 968.6 628.7 1017.6 582.7 1017.6 wheat 0
330.0 784.7 281.3 818.0 260.4 787.5 309.1 754.2 wheat 0
243.0 843.1 273.4 868.7 250.7 895.6 220.3 870.0 wheat 0
216.7 595.6 252.7 595.6 252.7 659.6 216.7 659.6 wheat 0
165.0 652.2 208.0 665.5 191.5 719.0 148.5 705.7 wheat 0
84.0 838.1 128.1 847.1 108.5 944.1 64.4 935.2 wheat 0
162.7 610.6 89.7 641.5 74.8 606.4 147.9 575.5 wheat 0
175.8 539.2 140.3 563.5 112.7 523.0 148.1 498.8 wheat 0
86.5 476.6 126.0 498.2 104.0 538.6 64.5 517.0 wheat 0
95.3 541.3 121.7 546.6 115.2 579.0 88.7 573.6 wheat 0
96.8 661.2 22.2 684.3 10.7 647.0 85.2 624.0 wheat 0
80.5 715.1 133.3 751.2 117.0 775.2 64.1 739.0 wheat 0
2.7 691.6 30.7 691.6 30.7 736.6 2.7 736.6 wheat 0
215.3 274.5 81.1 301.7 71.1 252.7 205.4 225.5 wheat 0
194.7 262.6 235.7 262.6 235.7 299.6 194.7 299.6 wheat 0
312.0 170.2 362.0 204.3 333.7 245.6 283.8 211.4 wheat 0
350.7 269.6 396.7 269.6 396.7 322.6 350.7 322.6 wheat 0
569.4 154.3 448.7 191.6 433.0 140.9 553.7 103.5 wheat 0
201.8 82.9 163.6 115.1 121.7 65.4 159.9 33.2 wheat 0
335.7 6.6 370.7 6.6 370.7 50.6 335.7 50.6 wheat 0
