410.0 165.5 338.4 187.6 305.6 81.6 377.2 59.4 wheat 0
551.6 346.3 661.3 421.4 624.1 475.8 514.3 400.7 wheat 0
524.4 505.5 377.1 520.3 370.2 451.6 517.5 436.8 wheat 0
852.9 528.4 967.6 625.0 925.7 674.7 811.0 578.1 wheat 0
226.5 498.6 300.1 506.0 290.1 605.5 216.5 598.1 wheat 0
47.0 466.7 236.0 525.1 210.3 608.0 21.4 549.6 wheat 0
196.7 629.9 259.8 649.4 211.9 804.2 148.9 784.7 wheat 0
380.4 855.3 304.0 870.8 264.2 674.8 340.7 659.3 wheat 0
458.3 692.0 557.3 692.0 557.3 747.0 458.3 747.0 wheat 0
565.1 990.8 488.4 998.5 472.6 840.3 549.2 832.6 wheat 0
990.6 1000.5 917.0 1023.2 875.1 887.6 948.6 864.8 wheat 0
841.3 339.0 903.3 339.0 903.3 431.0 841.3 431.0 wheat 0
1016.0 379.0 959.3 384.7 951.6 308.1 1008.3 302.4 wheat 0
82.3 129.0 138.3 129.0 138.3 196.0 82.3 196.0 wheat 0
