180.1 315.1 265.1 315.1 265.1 434.1 180.1 434.1 wheat 0
345.1 266.1 462.1 266.1 462.1 345.1 345.1 345.1 wheat 0
409.1 369.1 553.1 369.1 553.1 481.1 409.1 481.1 wheat 0
556.1 326.1 635.1 326.1 635.1 393.1 556.1 393.1 wheat 0
610.1 259.1 681.1 259.1 681.1 316.1 610.1 316.1 wheat 0
825.4 439.9 771.0 495.9 684.9 412.3 739.3 356.3 wheat 0
738.9 487.8 681.7 546.6 573.4 441.4 630.6 382.6 wheat 0
787.1 296.1 858.1 296.1 858.1 386.1 787.1 386.1 wheat 0
69.1 27.1 139.1 27.1 139.1 114.1 69.1 114.1 wheat 0
80.1 448.1 169.1 448.1 169.1 519.1 80.1 519.1 wheat 0
219.2 614.4 183.8 684.0 83.1 632.7 118.5 563.2 wheat 0
248.1 729.7 194.7 797.0 88.2 712.5 141.6 645.1 wheat 0
164.7 859.3 110.0 928.3 13.6 851.8 68.3 782.9 wheat 0
670.1 606.1 792.1 606.1 792.1 690.1 670.1 690.1 wheat 0
814.1 669.1 893.1 669.1 893.1 774.1 814.1 774.1 wheat 0
888.1 435.1 1013.1 435.1 1013.1 498.1 888.1 498.1 wheat 0
887.1 166.1 1015.1 166.1 1015.1 228.1 887.1 228.1 wheat 0
289.1 606.1 403.1 606.1 403.1 672.1 289.1 672.1 wheat 0
329.1 702.1 466.1 702.1 466.1 787.1 329.1 787.1 wheat 0
307.1 774.1 415.1 774.1 415.1 846.1 307.1 846.1 wheat 0
243.1 910.1 327.1 910.1 327.1 991.1 243.1 991.1 wheat 0
573.1 891.1 687.1 891.1 687.1 1001.1 573.1 1001.1 wheat 0
3.1 405.1 75.1 405.1 75.1 484.1 3.1 484.1 wheat 0
927.1 12.1 997.1 12.1 997.1 81.1 927.1 81.1 wheat 0
256.1 434.1 347.1 434.1 347.1 505.1 256.1 505.1 wheat 0
