199.5 777.3 271.1 807.5 255.7 843.8 184.2 813.5 wheat 0
229.1 832.5 201.5 867.3 115.9 799.4 143.5 764.6 wheat 0
237.8 845.8 312.7 908.9 286.3 940.3 211.4 877.1 wheat 0
242.1 889.5 215.3 912.0 172.4 861.0 199.1 838.5 wheat 0
173.1 880.5 141.1 907.5 85.0 840.9 117.0 814.0 wheat 0
109.1 860.5 76.4 878.4 50.0 830.1 82.7 812.2 wheat 0
419.1 768.5 387.3 774.9 372.5 701.6 404.2 695.2 wheat 0
362.9 755.9 436.5 763.3 431.2 816.1 357.6 808.7 wheat 0
354.5 825.0 384.1 834.1 361.1 908.5 331.5 899.4 wheat 0
325.1 893.5 294.1 914.7 264.0 870.6 294.9 849.4 wheat 0
190.1 960.5 162.4 979.4 100.3 888.6 127.9 869.7 wheat 0
167.1 977.5 129.1 998.2 100.5 945.9 138.5 925.2 wheat 0
300.6 926.4 360.1 951.5 347.2 982.0 287.7 956.8 wheat 0
499.1 638.5 466.8 656.1 416.3 563.7 448.6 546.1 wheat 0
509.1 586.5 467.4 599.4 445.3 528.0 487.0 515.1 wheat 0
360.1 564.5 324.8 571.7 302.6 462.5 337.9 455.3 wheat 0
317.5 569.2 378.1 581.5 371.0 616.2 310.5 603.9 wheat 0
237.4 537.2 286.1 598.5 256.2 622.2 207.5 560.9 wheat 0
219.1 686.5 189.9 695.5 165.2 616.0 194.4 606.9 wheat 0
109.1 604.1 175.8 617.6 169.0 650.9 102.4 637.4 wheat 0
150.1 584.5 133.8 601.2 96.6 565.1 112.8 548.4 wheat 0
123.1 563.5 93.9 575.9 68.7 516.4 97.9 504.1 wheat 0
97.1 626.5 57.0 630.5 50.2 562.4 90.2 558.4 wheat 0
283.2 664.1 367.1 672.5 362.7 715.8 278.8 707.3 wheat 0
551.9 849.9 600.1 899.5 570.6 928.1 522.5 878.5 wheat 0
503.1 911.5 542.1 911.5 542.1 967.5 503.1 967.5 wheat 0
692.1 902.5 737.1 902.5 737.1 952.5 692.1 952.5 wheat 0
828.1 915.5 810.7 942.6 768.1 915.3 785.5 888.2 wheat 0
906.7 888.1 947.3 910.3 916.1 967.5 875.5 945.3 wheat 0
962.1 843.5 1021.1 843.5 1021.1 915.5 962.1 915.5 wheat 0
722.1 849.5 767.1 849.5 767.1 897.5 722.1 897.5 wheat 0
687.1 816.5 647.9 824.4 630.2 737.1 669.4 729.2 wheat 0
706.1 738.5 681.6 755.2 634.7 686.7 659.1 669.9 wheat 0
714.1 709.5 681.8 731.6 629.9 655.7 662.2 633.7 wheat 0
781.1 649.5 812.1 649.5 812.1 704.5 781.1 704.5 wheat 0
812.1 624.5 843.1 624.5 843.1 666.5 812.1 666.5 wheat 0
850.1 587.5 884.1 587.5 884.1 684.5 850.1 684.5 wheat 0
888.1 629.5 941.1 629.5 941.1 678.5 888.1 678.5 wheat 0
981.1 599.5 947.1 610.0 932.0 561.3 966.0 550.8 wheat 0
888.7 519.7 925.2 523.4 919.1 584.5 882.6 580.8 wheat 0
816.1 568.5 788.1 580.4 765.8 527.7 793.8 515.9 wheat 0
828.1 513.5 797.0 516.6 789.6 442.6 820.6 439.5 wheat 0
596.1 502.5 638.1 502.5 638.1 576.5 596.1 576.5 wheat 0
646.2 558.5 706.1 599.5 687.1 627.3 627.2 586.3 wheat 0
521.7 517.4 573.1 552.5 552.0 583.4 500.6 548.2 wheat 0
512.8 577.4 566.2 593.9 557.1 623.5 503.7 607.0 wheat 0
375.1 971.5 409.1 971.5 409.1 996.5 375.1 996.5 wheat 0
216.1 951.5 247.1 951.5 247.1 983.5 216.1 983.5 wheat 0
586.1 647.5 618.1 647.5 618.1 734.5 586.1 734.5 wheat 0
529.3 399.6 600.1 421.5 588.7 458.2 518.0 436.3 wheat 0
597.1 349.5 557.9 370.9 515.7 293.8 554.9 272.4 wheat 0
670.2 297.1 724.1 352.5 699.1 376.7 645.3 321.3 wheat 0
715.0 249.3 784.1 307.5 758.3 338.0 689.3 279.9 wheat 0
843.1 277.5 811.3 280.7 806.0 228.2 837.8 225.0 wheat 0
987.1 240.5 951.3 265.0 895.7 183.6 931.4 159.2 wheat 0
779.1 176.5 752.1 191.2 715.1 123.5 742.1 108.8 wheat 0
697.1 175.5 739.1 175.5 739.1 267.5 697.1 267.5 wheat 0
688.1 285.5 661.1 300.2 621.4 227.5 648.3 212.8 wheat 0
632.1 231.5 588.4 255.3 539.8 166.3 583.4 142.5 wheat 0
558.1 24.2 639.8 58.7 628.1 86.5 546.3 52.0 wheat 0
518.7 5.4 587.2 42.8 566.1 81.5 497.6 44.1 wheat 0
795.1 104.5 763.3 111.0 746.1 26.3 777.9 19.9 wheat 0
351.1 181.5 394.1 181.5 394.1 284.5 351.1 284.5 wheat 0
345.1 250.5 301.4 274.4 244.6 170.5 288.3 146.6 wheat 0
289.1 266.5 259.7 291.3 191.6 210.5 221.0 185.7 wheat 0
178.7 225.5 267.1 316.5 236.0 346.7 147.6 255.7 wheat 0
175.1 344.5 137.6 365.0 81.1 261.6 118.6 241.1 wheat 0
126.1 429.5 92.3 448.0 52.0 374.3 85.8 355.8 wheat 0
201.1 218.5 168.6 240.7 109.3 154.0 141.7 131.8 wheat 0
135.1 214.5 105.8 234.5 58.0 164.7 87.3 144.7 wheat 0
123.0 82.5 196.5 97.4 188.1 138.5 114.6 123.6 wheat 0
390.4 97.5 406.7 122.8 376.1 142.5 359.8 117.1 wheat 0
238.5 113.7 281.1 118.0 278.1 148.5 235.4 144.2 wheat 0
714.1 459.5 676.4 471.2 657.5 409.8 695.1 398.2 wheat 0
939.1 322.5 978.1 322.5 978.1 392.5 939.1 392.5 wheat 0
243.8 -0.0 294.6 27.7 275.1 63.5 224.3 35.8 wheat 0
