658.6 318.5 712.6 335.2 676.8 450.8 622.8 434.1 wheat 0
376.9 547.8 440.8 554.2 433.6 626.5 369.7 620.1 wheat 0
423.6 575.7 519.4 595.1 509.6 643.5 413.7 624.1 wheat 0
493.6 713.5 551.6 713.5 551.6 813.5 493.6 813.5 wheat 0
743.6 819.5 687.1 867.0 590.4 752.2 646.8 704.7 wheat 0
730.6 654.5 820.6 654.5 820.6 705.5 730.6 705.5 wheat 0
958.6 618.5 867.1 668.5 840.7 620.2 932.2 570.2 wheat 0
934.9 453.1 1012.4 460.9 1000.1 584.3 922.6 576.5 wheat 0
928.6 432.5 803.1 485.5 773.3 414.8 898.7 361.8 wheat 0
828.6 317.5 746.5 373.7 711.4 322.4 793.5 266.2 wheat 0
725.6 48.5 910.6 48.5 910.6 115.5 725.6 115.5 wheat 0
780.6 2.5 898.6 2.5 898.6 55.5 780.6 55.5 wheat 0
440.6 0.0 544.6 0.0 544.6 76.5 440.6 76.5 wheat 0
543.6 232.5 597.6 232.5 597.6 295.5 543.6 295.5 wheat 0
66.6 187.5 138.6 187.5 138.6 265.5 66.6 265.5 wheat 0
300.6 401.5 238.8 414.0 220.0 321.1 281.7 308.6 wheat 0
230.6 386.5 172.7 411.0 121.5 289.9 179.4 265.4 wheat 0
283.6 463.5 158.2 516.5 136.2 464.3 261.5 411.3 wheat 0
270.2 428.6 313.4 437.3 297.6 515.5 254.3 506.7 wheat 0
383.6 509.5 353.4 540.5 292.8 481.6 322.9 450.6 wheat 0
90.6 409.5 135.6 409.5 135.6 479.5 90.6 479.5 wheat 0
17.6 433.5 67.6 433.5 67.6 540.5 17.6 540.5 wheat 0
365.6 662.5 237.1 716.8 206.3 643.9 334.7 589.6 wheat 0
609.6 905.5 560.7 938.9 491.7 838.0 540.5 804.6 wheat 0
515.6 930.5 612.6 930.5 612.6 993.5 515.6 993.5 wheat 0
136.3 684.6 289.4 700.0 282.6 768.5 129.4 753.1 wheat 0
155.6 938.5 87.9 1008.2 43.8 965.4 111.5 895.7 wheat 0
881.6 739.5 842.3 779.9 807.5 746.1 846.8 705.7 wheat 0
803.6 609.5 718.3 656.1 692.2 608.2 777.4 561.6 wheat 0
1013.6 258.5 912.8 289.7 894.1 229.4 994.9 198.2 wheat 0
