230.9 424.7 340.4 435.7 335.7 482.4 226.2 471.4 wheat 0
282.3 380.0 335.3 380.0 335.3 423.0 282.3 423.0 wheat 0
561.3 434.0 616.3 434.0 616.3 518.0 561.3 518.0 wheat 0
701.2 504.1 804.4 536.0 791.4 578.0 688.2 546.1 wheat 0
865.3 424.9 903.8 457.4 844.3 528.0 805.8 495.6 wheat 0
495.2 145.1 374.9 182.3 357.4 126.0 477.8 88.7 wheat 0
392.1 29.6 483.7 38.8 478.5 90.5 387.0 81.3 wheat 0
160.7 100.1 206.6 138.7 128.0 232.0 82.1 193.4 wheat 0
151.2 364.2 53.6 405.4 31.4 352.9 129.0 311.7 wheat 0
138.2 695.4 196.5 713.4 165.4 813.7 107.2 795.7 wheat 0
340.8 668.6 374.4 710.9 267.8 795.5 234.3 753.2 wheat 0
408.7 799.6 376.4 840.4 305.9 784.4 338.2 743.7 wheat 0
149.6 892.4 90.4 910.7 57.0 802.7 116.2 784.4 wheat 0
274.8 913.9 224.9 924.0 202.8 815.2 252.8 805.1 wheat 0
636.5 767.0 687.2 788.4 631.1 921.1 580.5 899.6 wheat 0
532.9 948.3 534.7 1011.2 382.8 1015.7 380.9 952.7 wheat 0
831.7 954.8 829.9 1015.1 777.5 1013.5 779.3 953.3 wheat 0
