242.5 200.2 328.6 226.8 279.9 384.2 193.8 357.6 wheat 0
492.9 162.2 608.9 162.2 608.9 225.2 492.9 225.2 wheat 0
740.3 61.5 824.5 78.6 804.9 175.2 720.7 158.1 wheat 0
741.9 240.2 808.3 285.7 740.9 384.2 674.5 338.7 wheat 0
857.8 406.5 928.0 444.8 840.9 604.2 770.7 565.8 wheat 0
749.2 532.6 817.5 579.3 727.9 710.2 659.7 663.5 wheat 0
483.9 612.2 334.1 627.2 325.1 538.3 475.0 523.2 wheat 0
605.9 651.2 480.0 809.9 415.5 758.6 541.4 600.0 wheat 0
599.9 667.2 683.9 667.2 683.9 939.2 599.9 939.2 wheat 0
601.9 871.9 507.9 1018.2 450.5 981.3 544.4 835.0 wheat 0
248.9 853.2 304.9 853.2 304.9 1007.2 248.9 1007.2 wheat 0
239.9 720.2 98.4 748.9 84.5 680.3 226.0 651.6 wheat 0
253.6 683.8 305.5 727.5 192.9 861.2 141.1 817.5 wheat 0
186.8 461.6 250.1 514.9 126.9 661.2 63.6 607.9 wheat 0
348.7 301.2 401.0 317.4 363.9 437.2 311.6 421.0 wheat 0
538.1 417.9 592.8 434.9 559.9 541.2 505.2 524.3 wheat 0
942.9 420.2 1024.0 420.2 1024.0 564.6 942.9 564.6 wheat 0
204.9 594.2 274.9 594.2 274.9 645.2 204.9 645.2 wheat 0
427.9 945.2 370.1 984.8 336.2 935.3 394.1 895.7 wheat 0
198.9 781.2 68.8 852.3 41.5 802.3 171.7 731.3 wheat 0
41.6 91.3 161.9 215.2 120.4 255.6 -0.0 131.7 wheat 0
