909.9 103.5 818.7 153.4 790.4 101.6 881.6 51.8 wheat 0
514.9 68.8 428.3 128.1 398.4 84.4 485.0 25.1 wheat 0
186.8 414.7 166.5 454.6 87.0 414.1 107.3 374.2 wheat 0
380.9 477.7 418.8 493.7 391.7 557.7 353.8 541.7 wheat 0
744.2 516.3 698.1 588.1 652.1 558.5 698.2 486.8 wheat 0
490.1 819.1 556.1 819.1 556.1 910.1 490.1 910.1 wheat 0
334.1 802.1 391.1 802.1 391.1 862.1 334.1 862.1 wheat 0
879.1 410.1 946.1 410.1 946.1 469.1 879.1 469.1 wheat 0
512.9 666.1 580.5 712.4 553.4 752.0 485.8 705.7 wheat 0
645.1 750.6 684.7 767.3 656.2 834.6 616.6 817.8 wheat 0
22.9 695.9 69.0 704.8 51.0 798.6 4.8 789.7 wheat 0
69.1 670.1 126.1 670.1 126.1 739.1 69.1 739.1 wheat 0
100.1 905.1 154.1 905.1 154.1 980.1 100.1 980.1 wheat 0
867.3 593.7 967.4 626.9 953.8 667.7 853.7 634.5 wheat 0
678.2 357.4 719.4 380.0 691.1 431.7 649.9 409.2 wheat 0
15.1 535.1 94.1 535.1 94.1 583.1 15.1 583.1 wheat 0
469.1 985.9 424.6 1016.4 373.2 941.3 417.7 910.8 wheat 0
694.1 597.1 739.1 597.1 739.1 647.1 694.1 647.1 wheat 0
87.8 42.5 156.3 89.4 131.5 125.7 63.0 78.8 wheat 0
216.3 642.9 195.8 668.7 154.2 635.7 174.7 609.9 wheat 0
