318.4 189.7 361.0 195.3 347.3 300.4 304.6 294.8 wheat 0
401.3 207.0 455.3 207.0 455.3 281.0 401.3 281.0 wheat 0
517.6 243.4 476.4 265.9 450.0 217.7 491.3 195.1 wheat 0
510.8 304.5 554.4 328.4 492.3 442.0 448.7 418.2 wheat 0
563.3 384.0 672.3 384.0 672.3 427.0 563.3 427.0 wheat 0
225.5 451.9 377.3 516.0 356.1 566.2 204.3 502.0 wheat 0
744.3 528.0 564.1 546.1 557.9 484.1 738.1 466.0 wheat 0
673.4 700.4 725.0 716.3 681.2 857.7 629.7 841.8 wheat 0
775.7 887.2 729.3 935.0 630.0 838.6 676.5 790.8 wheat 0
690.3 822.0 879.3 822.0 879.3 872.0 690.3 872.0 wheat 0
868.4 666.8 1006.9 709.7 991.2 760.3 852.7 717.4 wheat 0
981.2 655.2 936.4 679.6 876.5 569.9 921.2 545.5 wheat 0
996.5 440.3 958.9 479.1 872.1 394.8 909.7 356.0 wheat 0
765.3 121.0 869.3 121.0 869.3 179.0 765.3 179.0 wheat 0
553.6 734.3 612.4 746.2 589.0 861.8 530.2 849.9 wheat 0
535.8 666.2 583.4 681.4 560.8 751.9 513.2 736.7 wheat 0
657.2 736.6 589.4 757.6 576.4 715.5 644.2 694.5 wheat 0
461.7 797.5 409.2 813.7 389.9 751.6 442.5 735.4 wheat 0
498.3 830.0 531.0 863.7 451.4 941.1 418.6 907.4 wheat 0
381.4 945.1 322.9 1005.4 281.3 965.0 339.8 904.7 wheat 0
120.9 751.1 224.8 772.1 213.7 827.0 109.8 806.0 wheat 0
182.0 847.5 144.0 873.5 88.7 792.6 126.6 766.6 wheat 0
868.3 901.0 746.2 984.6 721.1 947.9 843.2 864.4 wheat 0
885.2 924.1 770.2 1021.0 743.3 989.0 858.3 892.2 wheat 0
916.3 859.7 997.1 903.8 968.3 956.4 887.6 912.3 wheat 0
