223.3 286.6 164.8 304.7 128.3 186.8 186.8 168.7 wheat 0
106.8 461.1 176.1 461.1 176.1 526.7 106.8 526.7 wheat 0
628.1 130.7 696.8 130.7 696.8 192.7 628.1 192.7 wheat 0
287.1 417.1 385.1 417.1 385.1 488.1 287.1 488.1 wheat 0
293.1 574.1 383.1 574.1 383.1 650.1 293.1 650.1 wheat 0
458.1 597.1 541.1 597.1 541.1 666.1 458.1 666.1 wheat 0
425.1 755.1 510.1 755.1 510.1 811.1 425.1 811.1 wheat 0
53.1 837.1 144.1 837.1 144.1 903.1 53.1 903.1 wheat 0
619.1 493.1 708.1 493.1 708.1 557.1 619.1 557.1 wheat 0
553.1 663.1 630.1 663.1 630.1 725.1 553.1 725.1 wheat 0
642.1 618.1 726.1 618.1 726.1 707.1 642.1 707.1 wheat 0
725.1 637.1 800.1 637.1 800.1 743.1 725.1 743.1 wheat 0
716.1 447.1 789.1 447.1 789.1 541.1 716.1 541.1 wheat 0
278.1 337.1 341.1 337.1 341.1 400.1 278.1 400.1 wheat 0
465.0 364.5 430.4 418.4 351.3 367.6 385.9 313.8 wheat 0
501.1 904.1 607.1 904.1 607.1 952.1 501.1 952.1 wheat 0
902.1 573.1 1024.0 573.1 1024.0 627.1 902.1 627.1 wheat 0
716.1 363.1 780.1 363.1 780.1 427.1 716.1 427.1 wheat 0
109.1 38.1 185.1 38.1 185.1 110.1 109.1 110.1 wheat 0
210.1 72.1 280.1 72.1 280.1 126.1 210.1 126.1 wheat 0
881.1 148.1 965.1 148.1 965.1 206.1 881.1 206.1 wheat 0
839.1 488.1 924.1 488.1 924.1 564.1 839.1 564.1 wheat 0
715.1 286.1 769.1 286.1 769.1 339.1 715.1 339.1 wheat 0
144.9 751.5 79.0 787.4 58.4 749.7 124.2 713.7 wheat 0
350.9 1.0 429.0 43.7 409.1 80.1 331.0 37.4 wheat 0
