543.3 140.0 498.0 186.7 429.3 120.0 474.7 73.4 wheat 0
700.3 77.0 798.3 77.0 798.3 146.0 700.3 146.0 wheat 0
741.3 312.0 821.3 312.0 821.3 413.0 741.3 413.0 wheat 0
897.3 222.0 994.3 252.0 978.1 304.4 881.1 274.4 wheat 0
994.5 397.5 949.3 435.5 897.2 373.6 942.3 335.6 wheat 0
891.3 567.0 949.3 567.0 949.3 625.0 891.3 625.0 wheat 0
864.3 673.0 951.3 673.0 951.3 784.0 864.3 784.0 wheat 0
908.9 807.3 829.7 861.5 799.7 817.8 879.0 763.6 wheat 0
547.8 726.4 700.3 757.3 687.8 819.0 535.3 788.0 wheat 0
680.3 874.0 748.3 874.0 748.3 952.0 680.3 952.0 wheat 0
540.2 823.7 607.3 852.0 563.1 956.5 496.0 928.2 wheat 0
451.3 837.0 508.3 837.0 508.3 949.0 451.3 949.0 wheat 0
469.4 652.2 351.0 688.9 331.2 624.9 449.7 588.2 wheat 0
248.3 610.0 316.3 610.0 316.3 724.0 248.3 724.0 wheat 0
297.8 530.6 179.3 567.3 164.8 520.5 283.3 483.8 wheat 0
171.3 334.8 307.5 362.4 296.4 417.3 160.1 389.7 wheat 0
404.3 329.0 281.5 396.1 254.4 346.5 377.2 279.4 wheat 0
519.3 328.0 472.8 375.9 397.2 302.5 443.7 254.6 wheat 0
140.5 36.0 205.3 56.0 179.8 138.5 115.0 118.4 wheat 0
167.3 914.4 27.8 990.6 0.0 939.7 139.5 863.5 wheat 0
