624.1 682.5 565.1 694.5 528.8 515.4 587.8 503.4 wheat 0
785.1 632.5 723.8 651.5 679.3 507.9 740.6 488.9 wheat 0
839.1 511.5 880.6 554.2 803.1 629.5 761.6 586.8 wheat 0
984.1 616.5 858.1 669.8 831.7 607.2 957.6 554.0 wheat 0
866.1 447.5 798.4 468.5 752.7 320.8 820.4 299.9 wheat 0
1023.8 416.2 953.1 430.5 923.4 284.4 994.2 270.0 wheat 0
588.1 240.5 537.9 274.8 482.4 193.6 532.5 159.3 wheat 0
532.6 47.9 586.5 84.8 536.1 158.5 482.2 121.6 wheat 0
629.1 139.5 560.0 186.7 533.8 148.4 602.8 101.2 wheat 0
737.1 164.5 621.0 227.9 593.2 177.0 709.3 113.6 wheat 0
286.4 157.7 345.1 197.8 311.1 247.5 252.4 207.4 wheat 0
435.1 57.5 363.9 147.2 322.5 114.3 393.6 24.6 wheat 0
416.1 299.5 368.2 339.8 343.6 310.5 391.4 270.2 wheat 0
119.1 71.5 175.1 71.5 175.1 156.5 119.1 156.5 wheat 0
7.1 199.5 54.1 199.5 54.1 264.5 7.1 264.5 wheat 0
190.1 657.5 152.6 696.1 105.9 650.7 143.3 612.1 wheat 0
333.6 802.2 383.9 829.6 344.1 902.5 293.8 875.1 wheat 0
498.1 935.5 454.5 965.3 405.1 893.1 448.7 863.3 wheat 0
602.4 875.8 657.2 881.3 644.1 1012.5 589.2 1007.0 wheat 0
93.1 1013.5 42.2 1023.8 22.5 926.8 73.4 916.5 wheat 0
281.1 969.5 222.3 981.4 210.7 924.2 269.5 912.3 wheat 0
