638.7 176.6 713.7 176.6 713.7 406.6 638.7 406.6 wheat 0
695.7 185.6 725.7 185.6 725.7 227.6 695.7 227.6 wheat 0
795.9 172.7 882.8 220.2 852.6 275.5 765.7 228.0 wheat 0
883.7 2.9 940.4 33.9 859.7 181.6 803.0 150.6 wheat 0
772.0 111.6 561.7 210.6 533.5 150.6 743.7 51.6 wheat 0
788.3 365.8 979.7 470.3 952.7 519.6 761.4 415.1 wheat 0
1017.3 421.6 885.1 442.9 876.1 387.6 1008.4 366.3 wheat 0
886.4 504.4 933.5 530.1 880.7 626.6 833.7 600.9 wheat 0
802.1 647.9 878.2 680.0 859.7 723.6 783.7 691.4 wheat 0
946.7 851.6 793.3 916.5 764.5 848.5 918.0 783.6 wheat 0
918.6 750.3 1006.7 810.6 980.7 848.6 892.6 788.3 wheat 0
1023.7 944.6 951.0 975.4 919.4 900.7 992.2 870.0 wheat 0
315.7 997.6 255.3 1023.2 100.2 656.3 160.6 630.8 wheat 0
184.8 594.6 471.7 826.6 413.4 898.8 126.4 666.7 wheat 0
84.1 855.9 422.7 960.6 403.6 1022.4 65.0 917.6 wheat 0
291.7 898.6 179.9 1013.8 136.3 971.4 248.1 856.3 wheat 0
177.6 53.7 83.7 57.5 81.9 13.5 175.8 9.8 wheat 0
806.7 797.3 856.4 818.3 844.8 845.9 795.0 824.9 wheat 0
752.3 352.4 768.7 384.6 698.9 420.1 682.5 387.9 wheat 0
