799.6 393.6 845.0 407.7 815.1 504.5 769.7 490.5 wheat 0
974.1 408.5 1024.0 408.5 1024.0 495.2 974.1 495.2 wheat 0
886.3 589.9 923.6 601.4 905.1 661.5 867.7 649.9 wheat 0
978.1 592.5 913.4 599.0 909.2 557.0 973.9 550.5 wheat 0
831.1 565.5 728.8 635.5 703.9 599.1 806.2 529.1 wheat 0
728.1 654.5 669.0 666.5 660.2 623.4 719.3 611.4 wheat 0
611.3 707.0 676.1 713.5 671.7 756.7 606.9 750.2 wheat 0
491.1 673.5 420.7 732.8 392.2 698.9 462.5 639.6 wheat 0
431.1 664.5 350.3 732.5 318.9 695.2 399.6 627.2 wheat 0
279.1 311.5 282.3 422.3 245.8 423.4 242.5 312.6 wheat 0
26.8 497.9 69.8 511.2 43.1 597.5 0.1 584.2 wheat 0
0.0 665.5 45.1 665.5 45.1 746.5 0.0 746.5 wheat 0
120.2 485.9 40.8 510.4 31.7 481.0 111.1 456.5 wheat 0
391.1 589.5 333.4 638.1 311.3 611.8 369.0 563.3 wheat 0
405.0 535.3 335.1 573.5 309.2 526.2 379.1 488.0 wheat 0
13.7 955.7 57.8 964.7 47.1 1017.5 2.9 1008.6 wheat 0
254.4 807.9 292.1 819.5 272.3 883.4 234.7 871.8 wheat 0
262.1 825.5 226.0 855.9 194.9 818.9 230.9 788.5 wheat 0
322.1 699.5 273.7 760.5 241.3 734.8 289.7 673.8 wheat 0
829.1 917.5 771.4 957.0 752.7 929.6 810.4 890.2 wheat 0
856.1 979.5 823.9 1001.5 790.2 952.2 822.4 930.3 wheat 0
835.5 693.0 917.1 727.5 900.8 766.1 819.2 731.6 wheat 0
870.1 642.5 832.4 646.3 827.8 600.4 865.5 596.6 wheat 0
975.1 648.5 1023.0 648.5 1023.0 712.5 975.1 712.5 wheat 0
