812.1 381.5 772.8 421.9 704.3 355.4 743.6 315.0 wheat 0
956.1 534.5 926.7 571.5 833.5 497.5 862.8 460.5 wheat 0
886.1 676.5 841.1 681.0 831.8 589.0 876.8 584.5 wheat 0
847.1 656.5 817.2 669.1 790.0 604.7 819.8 592.1 wheat 0
889.2 557.6 920.1 578.7 888.1 625.5 857.2 604.4 wheat 0
914.5 661.2 966.2 666.4 956.1 767.5 904.3 762.3 wheat 0
870.4 680.8 934.1 700.5 919.8 746.5 856.2 726.8 wheat 0
912.6 773.8 958.4 788.0 939.5 849.2 893.7 835.0 wheat 0
720.4 757.0 847.1 810.5 829.4 852.3 702.7 798.8 wheat 0
857.1 797.5 813.7 801.9 808.4 748.6 851.7 744.3 wheat 0
694.6 684.6 748.4 721.4 688.1 809.5 634.3 772.7 wheat 0
700.4 832.0 855.1 916.5 827.6 966.8 672.9 882.3 wheat 0
445.6 520.3 342.8 563.7 319.6 508.7 422.3 465.3 wheat 0
535.1 481.5 485.4 496.9 467.8 440.0 517.5 424.6 wheat 0
757.1 632.5 719.6 671.1 669.0 622.0 706.5 583.4 wheat 0
783.0 429.0 820.2 460.4 772.1 517.5 734.9 486.2 wheat 0
1023.9 602.7 976.1 617.5 951.5 538.0 999.3 523.2 wheat 0
796.1 180.5 867.1 180.5 867.1 247.5 796.1 247.5 wheat 0
919.9 176.5 963.9 200.5 918.1 284.5 874.0 260.5 wheat 0
906.1 366.5 869.0 370.2 863.0 310.1 900.0 306.4 wheat 0
988.1 333.5 888.6 364.3 875.2 321.2 974.7 290.4 wheat 0
505.1 55.5 573.1 55.5 573.1 215.5 505.1 215.5 wheat 0
580.6 282.0 648.1 310.5 631.9 348.7 564.4 320.1 wheat 0
603.1 399.5 567.8 403.1 561.1 337.0 596.4 333.4 wheat 0
616.4 580.6 651.9 600.0 621.1 656.5 585.5 637.1 wheat 0
596.7 630.0 658.1 663.5 637.5 701.1 576.2 667.6 wheat 0
499.1 702.9 471.6 737.5 425.3 700.8 452.8 666.2 wheat 0
420.0 784.5 402.8 828.7 315.3 794.7 332.5 750.5 wheat 0
200.1 807.5 255.1 807.5 255.1 875.5 200.1 875.5 wheat 0
139.1 795.5 207.1 795.5 207.1 851.5 139.1 851.5 wheat 0
404.1 883.7 470.8 883.7 470.8 934.5 404.1 934.5 wheat 0
531.1 974.5 498.2 988.4 473.9 930.9 506.8 917.0 wheat 0
555.1 888.5 493.2 901.1 480.8 840.0 542.7 827.4 wheat 0
472.1 782.5 524.1 782.5 524.1 837.5 472.1 837.5 wheat 0
422.9 727.2 388.1 756.5 333.0 691.1 367.8 661.8 wheat 0
155.1 594.5 119.4 639.4 30.7 569.0 66.3 524.1 wheat 0
226.1 607.5 155.4 629.4 138.0 572.9 208.6 551.0 wheat 0
150.1 497.5 210.1 497.5 210.1 562.5 150.1 562.5 wheat 0
143.1 489.5 104.1 510.8 51.6 414.6 90.5 393.4 wheat 0
63.8 340.6 124.6 346.7 119.1 401.5 58.3 395.4 wheat 0
259.1 393.5 216.8 406.6 196.9 342.1 239.1 329.0 wheat 0
199.1 432.5 156.0 445.8 137.5 385.8 180.5 372.5 wheat 0
218.5 207.9 268.5 212.9 262.1 277.5 212.1 272.5 wheat 0
467.1 385.5 417.6 427.2 363.2 362.6 412.7 320.9 wheat 0
481.1 181.5 425.9 204.8 363.6 57.4 418.7 34.1 wheat 0
388.0 73.0 503.1 84.5 498.1 134.1 383.1 122.6 wheat 0
600.8 135.0 646.4 159.9 599.1 246.5 553.5 221.6 wheat 0
150.1 132.5 86.0 145.5 64.4 38.7 128.4 25.7 wheat 0
195.1 197.5 142.7 213.7 115.0 124.0 167.3 107.9 wheat 0
133.1 240.5 99.0 275.6 43.9 222.1 78.0 187.0 wheat 0
157.1 245.5 100.9 256.9 81.5 161.4 137.7 150.0 wheat 0
187.8 231.0 230.3 249.0 203.1 313.5 160.5 295.5 wheat 0
212.1 339.5 148.6 345.9 140.2 262.7 203.7 256.3 wheat 0
324.0 439.3 399.1 462.5 387.7 499.2 312.6 475.9 wheat 0
329.0 475.8 277.1 519.5 254.5 492.7 306.4 449.0 wheat 0
1023.9 48.6 954.1 96.3 935.1 68.5 1004.8 20.8 wheat 0
501.8 513.7 572.8 513.7 572.8 573.7 501.8 573.7 wheat 0
531.5 615.6 511.8 643.7 462.9 609.4 482.5 581.3 wheat 0
