532.1 607.5 471.7 640.5 415.9 538.4 476.3 505.4 wheat 0
545.1 402.7 580.5 432.5 524.1 499.5 488.7 469.7 wheat 0
629.4 464.6 777.0 510.2 757.1 574.5 609.6 528.9 wheat 0
868.1 336.5 727.0 433.0 692.1 382.1 833.2 285.6 wheat 0
823.3 365.1 880.4 376.7 865.1 452.5 808.0 440.9 wheat 0
887.0 315.9 947.0 328.0 929.1 416.5 869.1 404.4 wheat 0
821.4 493.7 934.7 505.0 929.1 561.5 815.7 550.1 wheat 0
852.7 658.1 917.2 678.1 891.1 762.5 826.6 742.6 wheat 0
858.1 771.5 806.2 793.4 779.5 730.2 831.3 708.3 wheat 0
754.5 774.8 789.9 830.0 694.1 891.5 658.7 836.4 wheat 0
471.1 801.5 406.2 821.6 386.1 756.8 451.0 736.8 wheat 0
414.4 811.8 462.2 816.6 454.1 897.5 406.2 892.7 wheat 0
706.1 966.5 605.1 1009.2 574.0 935.5 674.9 892.9 wheat 0
922.0 982.4 869.9 1004.5 837.8 928.5 889.8 906.4 wheat 0
797.6 938.7 880.4 964.3 862.1 1023.5 779.3 997.9 wheat 0
530.9 988.1 448.3 1023.0 426.5 971.4 509.1 936.5 wheat 0
273.4 967.5 397.1 967.5 397.1 1024.0 273.4 1024.0 wheat 0
70.1 809.7 128.2 841.5 97.1 898.5 39.0 866.8 wheat 0
170.1 821.5 111.6 846.2 90.2 795.5 148.6 770.8 wheat 0
313.0 589.5 383.4 603.7 358.1 728.5 287.7 714.2 wheat 0
364.7 491.5 429.1 497.9 418.1 607.5 353.7 601.1 wheat 0
610.1 628.5 566.8 664.9 478.0 559.6 521.3 523.1 wheat 0
597.1 567.2 645.4 582.1 626.1 644.5 577.8 629.6 wheat 0
353.6 390.8 388.1 444.5 331.9 480.5 297.5 426.9 wheat 0
324.1 526.5 271.4 531.8 264.1 458.9 316.7 453.6 wheat 0
331.1 602.5 281.0 612.7 269.3 555.1 319.4 545.0 wheat 0
13.0 571.8 194.1 608.5 181.0 672.8 0.0 636.1 wheat 0
109.7 662.7 237.1 688.5 227.1 737.5 99.7 711.6 wheat 0
180.5 620.5 284.1 641.5 273.5 693.5 170.0 672.5 wheat 0
320.1 716.5 260.9 734.8 236.9 657.2 296.1 638.9 wheat 0
306.1 373.5 210.4 414.0 185.8 355.7 281.4 315.2 wheat 0
216.1 323.5 149.0 330.2 134.4 185.1 201.5 178.4 wheat 0
96.1 10.5 167.1 10.5 167.1 165.5 96.1 165.5 wheat 0
192.1 102.5 331.1 102.5 331.1 166.5 192.1 166.5 wheat 0
238.4 3.5 293.7 33.7 249.1 115.5 193.7 85.3 wheat 0
750.1 83.5 605.1 112.9 592.5 50.6 737.4 21.2 wheat 0
904.1 163.5 863.8 191.1 771.6 56.4 811.9 28.8 wheat 0
887.1 98.5 970.1 98.5 970.1 160.5 887.1 160.5 wheat 0
1023.0 159.2 980.1 213.3 935.1 177.5 977.9 123.5 wheat 0
776.1 127.5 727.6 168.4 679.1 110.8 727.6 70.0 wheat 0
842.2 178.1 797.1 209.0 732.6 114.7 777.7 83.9 wheat 0
605.1 197.5 804.1 197.5 804.1 258.5 605.1 258.5 wheat 0
550.0 214.8 724.8 232.3 718.1 299.5 543.3 282.0 wheat 0
923.1 786.5 1023.1 786.5 1023.1 872.5 923.1 872.5 wheat 0
