533.1 585.5 484.1 600.6 444.6 472.8 493.5 457.6 wheat 0
534.3 447.8 599.6 468.0 574.1 550.5 508.8 530.3 wheat 0
397.1 531.5 346.2 559.3 306.1 485.8 356.9 458.1 wheat 0
210.1 490.5 145.2 517.9 118.8 455.5 183.6 428.0 wheat 0
607.1 219.5 559.9 239.5 512.9 128.5 560.2 108.6 wheat 0
518.9 254.8 575.1 285.5 554.1 323.9 497.9 293.3 wheat 0
693.1 518.5 652.6 522.6 644.2 438.5 684.6 434.4 wheat 0
673.2 515.3 727.7 526.3 714.1 593.5 659.6 582.5 wheat 0
743.1 577.5 817.1 577.5 817.1 718.5 743.1 718.5 wheat 0
921.1 814.5 843.6 847.3 823.2 798.9 900.6 766.2 wheat 0
941.7 801.1 1000.5 813.0 974.1 943.5 915.3 931.6 wheat 0
685.5 961.8 582.1 1005.5 551.4 932.9 654.8 889.2 wheat 0
534.1 866.1 593.8 878.2 576.1 965.5 516.4 953.4 wheat 0
531.1 976.5 450.8 1010.4 428.6 957.9 508.8 924.0 wheat 0
545.1 797.5 494.0 807.9 473.5 706.9 524.6 696.5 wheat 0
586.7 779.6 640.1 785.0 633.1 855.5 579.6 850.1 wheat 0
273.1 959.5 231.8 1002.0 172.8 944.6 214.0 902.1 wheat 0
122.3 819.1 182.7 870.0 71.1 1002.5 10.7 951.7 wheat 0
353.1 388.5 298.8 405.3 281.7 349.9 335.9 333.1 wheat 0
18.1 392.5 139.1 392.5 139.1 453.5 18.1 453.5 wheat 0
332.8 667.0 415.8 702.1 391.1 760.5 308.1 725.4 wheat 0
271.1 776.5 229.1 789.5 201.1 698.8 243.0 685.9 wheat 0
338.1 746.5 268.3 768.1 253.7 720.9 323.5 699.3 wheat 0
228.4 852.5 284.3 863.9 275.1 909.5 219.1 898.2 wheat 0
499.1 849.5 390.8 860.4 385.1 803.2 493.3 792.3 wheat 0
433.1 907.5 361.3 922.1 348.3 857.8 420.0 843.3 wheat 0
410.9 843.6 482.5 850.7 478.1 894.5 406.5 887.3 wheat 0
