687.1 239.5 617.3 261.1 544.0 24.0 613.7 2.5 wheat 0
838.5 322.7 938.5 332.7 931.1 406.5 831.1 396.5 wheat 0
604.1 728.5 500.3 738.9 491.7 652.8 595.4 642.4 wheat 0
330.5 627.5 381.5 680.0 316.1 743.5 265.1 691.0 wheat 0
490.1 463.5 426.1 498.5 379.5 413.2 443.5 378.3 wheat 0
284.1 213.8 366.1 248.5 342.2 304.9 260.2 270.3 wheat 0
278.1 487.5 226.6 530.9 166.5 459.6 218.0 416.2 wheat 0
211.1 302.5 129.0 358.6 96.5 311.2 178.6 255.0 wheat 0
803.1 761.5 705.8 771.3 700.7 720.8 798.0 711.1 wheat 0
524.4 813.7 604.6 830.0 588.1 911.5 507.9 895.3 wheat 0
445.4 855.2 514.1 876.5 488.1 960.5 419.4 939.3 wheat 0
758.6 865.1 875.2 888.8 860.1 963.5 743.5 939.9 wheat 0
210.1 988.5 153.8 1005.9 124.7 911.7 180.9 894.3 wheat 0
727.1 926.5 668.3 958.6 610.1 852.0 668.8 819.9 wheat 0
