614.0 599.8 696.7 616.6 659.5 800.2 576.8 783.4 wheat 0
544.9 715.4 467.3 768.5 430.6 714.8 508.2 661.8 wheat 0
650.3 479.2 760.7 490.3 754.2 555.0 643.8 543.9 wheat 0
645.7 450.6 597.2 471.1 542.7 342.0 591.2 321.5 wheat 0
246.5 434.6 321.7 449.9 305.5 529.9 230.3 514.6 wheat 0
94.7 549.6 170.9 613.8 124.7 668.6 48.6 604.4 wheat 0
220.6 684.9 277.9 716.1 243.7 778.6 186.5 747.3 wheat 0
47.7 764.6 232.7 764.6 232.7 833.6 47.7 833.6 wheat 0
99.9 890.0 148.6 923.3 96.6 999.2 47.9 965.9 wheat 0
212.6 998.2 168.8 1002.6 158.9 904.1 202.7 899.7 wheat 0
561.9 884.7 472.7 1023.6 407.1 981.4 496.2 842.5 wheat 0
483.3 928.8 390.7 957.5 371.2 894.4 463.8 865.8 wheat 0
722.6 734.5 834.2 795.5 801.3 855.6 689.7 794.6 wheat 0
819.7 693.0 739.2 775.9 683.2 721.5 763.7 638.6 wheat 0
977.7 792.6 849.0 805.5 841.3 729.4 970.1 716.5 wheat 0
924.1 443.2 989.4 463.4 962.7 549.6 897.5 529.4 wheat 0
991.7 597.6 925.6 618.1 906.1 555.0 972.2 534.6 wheat 0
973.9 606.9 1023.8 649.0 961.7 722.6 911.8 680.6 wheat 0
392.9 39.1 454.5 116.7 403.5 157.1 342.0 79.5 wheat 0
468.6 0.0 541.5 39.8 480.7 151.0 407.8 111.1 wheat 0
494.7 0.0 612.7 0.0 612.7 56.6 494.7 56.6 wheat 0
216.7 0.6 316.7 0.6 316.7 55.6 216.7 55.6 wheat 0
22.7 575.6 70.2 590.3 47.8 663.0 0.3 648.3 wheat 0
