604.9 491.2 712.1 564.5 683.0 607.0 575.9 533.7 wheat 0
828.5 625.8 891.1 638.5 881.5 685.5 819.0 672.9 wheat 0
939.7 624.7 1023.9 682.3 995.1 724.5 910.9 666.9 wheat 0
987.1 793.5 889.0 803.4 884.6 760.1 982.7 750.3 wheat 0
750.1 721.9 847.2 741.6 837.1 791.5 740.0 771.8 wheat 0
719.9 674.9 807.1 722.5 786.2 760.8 699.0 713.2 wheat 0
804.3 788.9 931.1 842.5 912.0 887.7 785.2 834.1 wheat 0
857.7 843.2 997.1 938.5 967.1 982.2 827.8 886.9 wheat 0
732.1 865.5 854.1 865.5 854.1 910.5 732.1 910.5 wheat 0
704.5 887.4 821.9 899.2 817.1 947.5 699.6 935.7 wheat 0
470.1 875.5 552.1 875.5 552.1 919.5 470.1 919.5 wheat 0
521.1 761.5 612.1 761.5 612.1 808.5 521.1 808.5 wheat 0
646.1 712.5 703.1 712.5 703.1 747.5 646.1 747.5 wheat 0
640.1 749.5 690.1 749.5 690.1 776.5 640.1 776.5 wheat 0
573.1 580.1 673.1 648.5 645.9 688.3 545.9 619.9 wheat 0
528.1 648.5 629.1 648.5 629.1 692.5 528.1 692.5 wheat 0
481.3 641.6 544.4 661.1 532.8 698.4 469.8 678.9 wheat 0
307.1 711.5 467.1 711.5 467.1 761.5 307.1 761.5 wheat 0
378.5 826.2 511.1 839.5 505.9 891.3 373.3 878.0 wheat 0
349.1 913.5 465.1 913.5 465.1 966.5 349.1 966.5 wheat 0
284.1 879.5 385.1 879.5 385.1 928.5 284.1 928.5 wheat 0
235.1 951.5 121.9 986.5 106.3 936.3 219.5 901.3 wheat 0
578.1 953.5 715.1 953.5 715.1 1005.5 578.1 1005.5 wheat 0
278.1 750.5 169.3 772.5 160.9 730.8 269.6 708.7 wheat 0
31.9 676.1 156.1 714.5 143.4 755.4 19.3 717.0 wheat 0
281.3 643.0 416.1 656.5 412.5 692.4 277.7 678.8 wheat 0
152.8 557.0 288.1 649.5 263.4 685.6 128.1 593.1 wheat 0
134.2 533.8 260.1 602.5 242.8 634.1 116.9 565.4 wheat 0
292.1 507.5 199.7 516.8 195.0 469.9 287.4 460.6 wheat 0
232.1 462.5 106.9 487.9 97.2 440.1 222.4 414.7 wheat 0
170.0 361.4 233.1 414.5 213.5 437.7 150.5 384.6 wheat 0
38.4 299.5 174.1 341.5 160.3 385.9 24.7 343.9 wheat 0
277.6 237.8 375.1 304.5 345.0 348.4 247.5 281.8 wheat 0
203.8 234.2 292.1 271.5 276.9 307.3 188.6 270.0 wheat 0
447.5 268.1 543.1 308.5 526.5 347.6 431.0 307.2 wheat 0
498.2 396.7 434.1 416.5 421.4 375.5 485.5 355.7 wheat 0
452.9 342.2 605.1 357.5 600.5 403.2 448.3 387.9 wheat 0
599.1 325.5 643.1 325.5 643.1 383.5 599.1 383.5 wheat 0
690.8 297.0 785.1 361.5 763.6 392.9 669.3 328.4 wheat 0
756.9 306.7 863.1 317.4 858.1 367.5 751.9 356.9 wheat 0
832.1 278.8 907.1 310.5 889.5 352.1 814.6 320.4 wheat 0
864.5 163.2 921.1 234.5 882.8 264.9 826.2 193.5 wheat 0
722.9 151.7 824.1 194.5 807.4 234.0 706.2 191.2 wheat 0
674.9 166.1 768.1 205.5 751.2 245.4 658.0 206.0 wheat 0
440.4 99.4 514.1 130.5 496.6 171.9 422.9 140.8 wheat 0
514.3 8.1 586.0 47.3 570.1 76.5 498.3 37.3 wheat 0
264.7 36.1 377.0 151.8 337.1 190.5 224.8 74.9 wheat 0
82.3 91.2 178.1 143.5 158.6 179.2 62.8 126.8 wheat 0
488.2 248.8 555.1 294.5 534.2 324.9 467.4 279.2 wheat 0
792.2 357.7 868.9 381.4 857.1 419.5 780.4 395.8 wheat 0
106.4 891.7 162.8 909.1 150.7 948.3 94.3 930.9 wheat 0
454.1 944.5 525.1 944.5 525.1 972.5 454.1 972.5 wheat 0
