590.4 551.4 464.0 577.0 456.0 537.8 582.5 512.2 wheat 0
858.0 404.4 890.2 418.0 864.5 478.8 832.3 465.2 wheat 0
656.4 293.0 747.6 311.4 736.0 368.3 644.9 349.8 wheat 0
901.2 157.5 836.7 201.6 803.4 152.8 867.8 108.7 wheat 0
738.9 40.9 796.8 52.6 773.5 167.3 715.7 155.6 wheat 0
648.7 266.6 605.4 296.3 514.2 163.0 557.6 133.3 wheat 0
651.4 175.5 595.2 199.3 583.1 170.7 639.3 147.0 wheat 0
509.7 188.6 616.6 278.6 576.6 326.1 469.8 236.0 wheat 0
337.7 167.6 406.7 167.6 406.7 208.6 337.7 208.6 wheat 0
453.8 226.1 289.7 338.4 253.1 284.9 417.2 172.7 wheat 0
273.7 206.6 473.0 290.9 446.9 352.7 247.6 268.4 wheat 0
267.8 277.8 158.7 369.6 128.9 334.2 238.0 242.4 wheat 0
135.7 357.6 191.7 357.6 191.7 469.6 135.7 469.6 wheat 0
276.7 539.6 229.9 559.4 204.7 499.8 251.5 480.0 wheat 0
441.0 400.9 385.7 438.8 361.4 403.3 416.7 365.5 wheat 0
214.6 82.8 135.4 137.0 104.9 92.4 184.1 38.2 wheat 0
162.7 33.6 120.0 69.6 92.0 36.3 134.7 0.3 wheat 0
98.3 223.0 8.8 232.0 5.2 196.2 94.7 187.2 wheat 0
117.2 268.8 175.3 293.3 161.2 326.5 103.2 301.9 wheat 0
99.7 449.6 47.1 485.6 3.0 421.1 55.6 385.1 wheat 0
98.5 518.3 228.7 558.6 219.2 589.4 89.0 549.1 wheat 0
498.1 702.1 391.6 712.8 386.4 661.1 492.9 650.4 wheat 0
499.6 777.2 445.7 822.6 318.2 671.2 372.1 625.9 wheat 0
654.7 615.5 585.7 673.6 556.5 638.9 625.5 580.8 wheat 0
747.8 481.6 780.9 509.5 748.7 547.6 715.7 519.8 wheat 0
754.7 580.6 674.8 596.8 667.0 558.7 747.0 542.5 wheat 0
791.0 501.7 889.7 555.6 856.2 617.1 757.4 563.1 wheat 0
783.2 587.4 822.7 608.9 787.2 673.9 747.8 652.3 wheat 0
663.4 600.1 727.4 613.0 718.7 655.6 654.8 642.7 wheat 0
922.2 572.2 962.8 600.0 909.7 677.6 869.1 649.8 wheat 0
947.7 559.7 1021.3 574.6 1010.7 626.5 937.2 611.6 wheat 0
1020.1 780.6 965.7 803.6 912.4 677.5 966.7 654.5 wheat 0
965.0 856.8 941.3 881.2 900.4 841.5 924.1 817.1 wheat 0
790.7 755.6 829.7 755.6 829.7 872.6 790.7 872.6 wheat 0
763.7 783.6 800.7 783.6 800.7 915.6 763.7 915.6 wheat 0
906.2 943.9 869.7 1000.6 820.3 968.9 856.8 912.1 wheat 0
600.9 736.9 653.9 747.6 640.5 813.3 587.6 802.6 wheat 0
503.6 771.5 627.6 823.9 601.7 885.0 477.7 832.6 wheat 0
698.9 873.0 573.7 958.6 542.0 912.2 667.2 826.6 wheat 0
267.9 690.9 224.0 704.5 211.6 664.4 255.5 650.8 wheat 0
301.3 701.0 336.8 737.6 305.2 768.2 269.7 731.7 wheat 0
183.7 713.6 232.7 713.6 232.7 841.6 183.7 841.6 wheat 0
106.7 721.6 175.7 721.6 175.7 790.6 106.7 790.6 wheat 0
1.7 875.6 59.7 875.6 59.7 1012.6 1.7 1012.6 wheat 0
183.5 967.4 61.1 979.7 57.0 938.9 179.4 926.6 wheat 0
233.7 999.6 348.2 999.6 348.2 1024.0 233.7 1024.0 wheat 0
538.1 934.6 575.9 955.2 542.3 1016.6 504.6 996.0 wheat 0
434.2 915.6 393.0 923.9 375.3 836.7 416.5 828.3 wheat 0
349.8 892.8 416.7 913.5 409.6 936.4 342.8 915.7 wheat 0
474.1 812.6 494.4 826.5 456.7 881.6 436.4 867.7 wheat 0
708.6 689.0 741.1 706.7 699.9 782.2 667.4 764.5 wheat 0
375.0 376.4 348.6 394.4 308.5 335.9 334.9 317.8 wheat 0
