460.6 518.0 523.8 530.8 483.1 731.5 419.9 718.7 wheat 0
785.1 859.5 708.5 901.4 596.2 695.8 672.8 654.0 wheat 0
887.1 972.5 810.4 996.2 750.9 804.1 827.6 780.4 wheat 0
759.1 1006.5 674.0 1023.8 634.7 829.9 719.8 812.6 wheat 0
531.2 840.0 595.4 894.0 514.1 990.5 449.9 936.5 wheat 0
344.7 732.9 394.5 767.0 338.1 849.5 288.3 815.4 wheat 0
331.1 835.8 406.1 851.0 379.1 984.5 304.0 969.3 wheat 0
337.1 884.5 171.0 998.1 123.5 928.7 289.6 815.1 wheat 0
38.7 744.5 92.5 761.1 71.1 830.5 17.2 813.9 wheat 0
172.8 437.4 243.8 451.8 212.1 608.5 141.0 594.1 wheat 0
282.1 476.5 445.1 509.5 431.4 576.7 268.5 543.7 wheat 0
572.3 503.2 628.0 520.4 592.1 636.5 536.4 619.3 wheat 0
727.9 523.3 807.8 567.0 778.1 621.5 698.2 577.9 wheat 0
999.1 734.5 942.0 793.3 776.0 632.0 833.0 573.2 wheat 0
906.1 475.5 834.0 482.7 815.4 298.0 887.5 290.8 wheat 0
938.1 75.5 1016.1 75.5 1016.1 251.5 938.1 251.5 wheat 0
773.8 40.9 837.0 67.6 782.1 197.5 718.9 170.8 wheat 0
799.4 136.1 758.1 200.5 603.7 101.4 645.0 36.9 wheat 0
503.6 44.3 564.9 50.5 550.1 198.5 488.8 192.4 wheat 0
531.9 184.0 706.1 330.7 659.1 386.5 484.9 239.8 wheat 0
445.0 290.1 509.1 317.3 476.1 395.5 411.9 368.4 wheat 0
504.0 349.2 557.1 378.2 529.1 429.5 476.0 400.5 wheat 0
493.1 441.1 544.6 446.2 539.1 501.5 487.5 496.3 wheat 0
393.1 463.5 350.3 499.5 322.3 466.2 365.0 430.2 wheat 0
234.9 364.0 329.1 415.5 301.5 466.0 207.3 414.5 wheat 0
339.1 311.5 212.6 418.1 168.1 365.3 294.6 258.7 wheat 0
24.3 211.7 232.1 299.5 207.8 357.0 -0.0 269.1 wheat 0
249.1 193.5 176.7 215.9 158.6 157.4 231.0 135.1 wheat 0
415.7 71.5 478.1 97.8 438.1 192.5 375.7 166.1 wheat 0
124.1 112.5 73.8 122.7 55.8 34.2 106.1 24.0 wheat 0
