782.7 411.4 812.5 436.5 755.8 503.8 726.0 478.7 wheat 0
749.8 202.7 772.0 221.4 714.7 289.5 692.5 270.8 wheat 0
884.0 8.5 914.6 34.3 833.4 130.7 802.9 104.9 wheat 0
995.5 150.3 1023.0 169.1 972.7 242.6 945.2 223.8 wheat 0
753.1 515.3 767.9 525.5 732.9 576.7 718.1 566.5 wheat 0
810.0 579.0 741.2 592.9 732.5 549.8 801.2 535.8 wheat 0
745.4 574.1 784.6 586.2 763.0 656.0 723.8 643.9 wheat 0
863.0 618.0 764.0 685.8 739.8 650.4 838.8 582.7 wheat 0
921.9 507.7 956.6 531.4 882.1 640.3 847.4 616.6 wheat 0
893.0 667.0 782.4 713.8 766.3 675.6 876.9 628.9 wheat 0
1023.4 635.2 909.2 670.5 896.8 630.3 1011.0 595.0 wheat 0
1004.0 677.0 903.9 708.0 893.7 675.2 993.8 644.2 wheat 0
981.5 654.1 1013.6 681.1 966.5 736.9 934.4 709.9 wheat 0
894.0 708.0 959.0 708.0 959.0 723.0 894.0 723.0 wheat 0
1023.6 712.9 974.8 733.6 967.4 716.1 1016.2 695.4 wheat 0
762.5 779.5 795.9 797.8 759.5 864.5 726.1 846.2 wheat 0
785.9 810.3 824.5 831.4 810.1 857.7 771.5 836.6 wheat 0
702.0 865.0 819.0 865.0 819.0 910.0 702.0 910.0 wheat 0
816.8 832.5 917.2 863.5 904.2 905.5 803.8 874.5 wheat 0
954.6 904.3 1020.1 917.5 1015.4 940.3 950.0 927.0 wheat 0
966.0 796.0 868.9 862.4 840.7 821.2 937.8 754.8 wheat 0
1000.6 857.4 1023.5 864.5 1011.4 903.6 988.5 896.5 wheat 0
1023.0 74.0 966.5 112.6 941.2 75.6 997.6 36.9 wheat 0
