930.7 873.6 973.7 873.6 973.7 960.6 930.7 960.6 wheat 0
1023.6 773.7 990.8 777.0 980.8 677.5 1013.7 674.2 wheat 0
982.7 666.1 1023.9 683.6 988.7 766.6 947.6 749.2 wheat 0
935.0 774.6 880.3 794.5 827.7 650.4 882.4 630.4 wheat 0
787.7 637.6 739.0 678.7 599.3 512.8 648.0 471.8 wheat 0
891.1 766.4 852.7 792.6 757.3 653.1 795.7 626.9 wheat 0
861.5 466.5 912.0 501.0 813.7 644.6 763.3 610.1 wheat 0
787.6 527.8 746.3 550.3 686.9 441.5 728.1 418.9 wheat 0
909.7 440.6 863.9 465.7 754.1 264.6 799.9 239.6 wheat 0
822.7 491.6 774.4 512.0 700.1 336.2 748.4 315.8 wheat 0
606.7 137.6 646.7 137.6 646.7 264.6 606.7 264.6 wheat 0
610.0 98.2 689.5 198.5 653.5 227.0 573.9 126.8 wheat 0
741.6 315.4 691.9 330.7 657.9 220.9 707.6 205.5 wheat 0
943.0 287.8 920.7 331.6 773.2 256.5 795.5 212.7 wheat 0
555.2 269.4 685.6 379.3 661.7 407.6 531.3 297.8 wheat 0
591.7 292.6 556.0 312.2 478.2 169.8 514.0 150.2 wheat 0
461.1 33.3 538.9 66.2 524.7 99.6 447.0 66.8 wheat 0
460.7 78.6 519.5 110.7 503.7 139.7 444.9 107.5 wheat 0
621.5 9.3 700.7 52.6 677.2 95.8 597.9 52.4 wheat 0
691.7 32.6 730.7 32.6 730.7 185.6 691.7 185.6 wheat 0
750.2 830.6 801.7 895.6 768.7 921.8 717.2 856.8 wheat 0
800.8 903.6 868.7 950.1 843.7 986.6 775.8 940.2 wheat 0
777.7 849.6 725.7 860.2 703.5 750.9 755.6 740.3 wheat 0
651.4 808.5 697.4 827.9 649.7 940.6 603.8 921.2 wheat 0
595.6 640.2 622.1 658.4 602.7 686.6 576.2 668.5 wheat 0
574.1 646.0 532.8 688.6 429.4 588.2 470.7 545.6 wheat 0
389.2 669.9 567.1 719.2 551.7 774.6 373.9 725.4 wheat 0
411.3 768.4 526.7 865.6 494.2 904.2 378.8 807.0 wheat 0
537.7 891.8 505.2 901.9 481.8 826.4 514.3 816.4 wheat 0
306.7 773.9 416.8 866.6 384.7 904.6 274.7 811.9 wheat 0
406.9 902.6 549.3 980.4 526.7 1021.6 384.3 943.8 wheat 0
240.7 840.6 304.7 840.6 304.7 876.6 240.7 876.6 wheat 0
204.6 727.1 290.7 799.6 258.7 837.7 172.5 765.1 wheat 0
81.2 739.8 191.0 762.1 184.2 795.4 74.5 773.2 wheat 0
109.0 577.4 315.3 598.1 310.7 643.6 104.4 622.9 wheat 0
171.0 651.3 259.8 699.9 239.7 736.6 150.9 688.1 wheat 0
487.5 300.7 446.7 342.6 281.9 182.5 322.6 140.6 wheat 0
552.7 500.6 502.3 510.8 470.0 351.5 520.4 341.3 wheat 0
349.6 413.3 508.1 499.9 484.7 542.6 326.3 456.1 wheat 0
432.7 523.1 410.3 551.3 350.8 504.1 373.2 475.9 wheat 0
357.8 356.6 395.0 364.2 379.7 439.6 342.5 432.1 wheat 0
287.3 232.5 357.6 270.9 333.7 314.6 263.4 276.2 wheat 0
79.6 189.9 250.3 242.7 236.7 286.6 66.0 233.8 wheat 0
148.2 281.3 128.7 319.7 66.3 287.9 85.8 249.6 wheat 0
214.7 291.6 259.0 337.2 235.0 360.5 190.7 314.9 wheat 0
280.8 423.7 246.0 427.2 237.6 343.6 272.5 340.1 wheat 0
288.6 472.7 254.2 501.6 207.8 446.6 242.3 417.6 wheat 0
199.5 553.4 165.8 581.8 122.0 529.8 155.7 501.4 wheat 0
137.7 586.6 118.0 611.4 44.2 552.9 63.9 528.0 wheat 0
9.7 598.7 62.7 609.4 53.7 653.5 0.8 642.8 wheat 0
392.7 160.6 361.7 186.7 255.5 60.7 286.6 34.6 wheat 0
276.6 96.5 346.7 144.5 321.9 180.8 251.7 132.8 wheat 0
203.4 42.5 270.1 78.9 246.1 122.8 179.4 86.3 wheat 0
142.6 96.8 243.8 128.1 232.9 163.5 131.6 132.1 wheat 0
33.9 3.5 137.1 90.4 110.7 121.6 7.6 34.7 wheat 0
103.7 811.6 86.1 833.8 0.9 766.1 18.5 744.0 wheat 0
