627.6 548.5 547.1 556.6 541.8 504.1 622.3 496.0 wheat 0
661.8 547.4 737.8 555.0 732.6 607.5 656.5 599.9 wheat 0
733.7 649.8 817.3 675.7 806.6 710.5 722.9 684.6 wheat 0
797.5 732.4 909.5 767.1 898.6 802.5 786.6 767.9 wheat 0
887.7 845.6 967.4 889.1 947.6 925.5 867.8 881.9 wheat 0
702.8 926.1 803.2 936.1 799.6 972.5 699.2 962.4 wheat 0
666.6 918.5 637.2 938.6 589.7 869.2 619.1 849.1 wheat 0
501.0 821.5 641.7 850.1 634.6 885.5 493.8 857.0 wheat 0
589.5 732.8 673.0 803.1 646.6 834.5 563.1 764.2 wheat 0
529.8 601.2 572.2 619.2 542.1 690.3 499.7 672.4 wheat 0
351.6 716.5 311.5 733.4 279.3 657.2 319.3 640.3 wheat 0
226.6 762.5 268.6 762.5 268.6 862.5 226.6 862.5 wheat 0
306.6 779.5 340.6 779.5 340.6 827.5 306.6 827.5 wheat 0
310.6 907.5 341.6 907.5 341.6 968.5 310.6 968.5 wheat 0
180.6 828.5 238.6 828.5 238.6 878.5 180.6 878.5 wheat 0
143.7 719.7 194.1 729.9 178.6 806.5 128.1 796.3 wheat 0
184.4 465.8 229.4 474.9 218.6 528.5 173.6 519.4 wheat 0
252.5 445.1 314.8 457.7 306.6 498.5 244.3 485.9 wheat 0
312.6 412.5 268.8 426.0 251.4 369.8 295.2 356.3 wheat 0
243.5 250.2 291.0 254.9 283.6 329.5 236.0 324.7 wheat 0
445.4 293.3 488.9 306.7 476.6 346.5 433.0 333.1 wheat 0
612.6 124.5 695.6 124.5 695.6 172.5 612.6 172.5 wheat 0
740.6 329.5 687.5 334.8 682.1 280.6 735.1 275.3 wheat 0
891.2 243.7 960.2 281.4 941.6 315.5 872.6 277.8 wheat 0
889.8 360.3 955.0 380.5 938.6 433.5 873.4 413.3 wheat 0
790.6 362.5 838.6 362.5 838.6 415.5 790.6 415.5 wheat 0
855.6 519.5 810.8 550.1 749.1 459.9 793.8 429.3 wheat 0
827.6 561.9 895.7 583.0 882.6 625.5 814.4 604.4 wheat 0
722.5 470.8 696.6 497.5 635.3 438.0 661.3 411.3 wheat 0
662.6 347.5 701.6 347.5 701.6 388.5 662.6 388.5 wheat 0
729.5 82.4 793.2 88.8 789.6 124.6 725.9 118.2 wheat 0
797.5 42.4 734.6 85.5 715.8 58.1 778.8 15.0 wheat 0
244.6 91.5 301.6 91.5 301.6 141.5 244.6 141.5 wheat 0
216.1 145.0 255.7 157.2 238.6 212.5 199.0 200.3 wheat 0
307.0 121.4 343.3 128.8 329.6 196.5 293.3 189.2 wheat 0
125.6 408.5 77.0 423.5 50.8 338.6 99.3 323.6 wheat 0
753.6 927.5 700.9 943.8 690.2 909.3 742.9 893.0 wheat 0
