180.9 343.7 287.1 376.5 272.1 425.0 165.9 392.1 wheat 0
369.1 380.5 284.4 397.7 270.3 327.8 354.9 310.7 wheat 0
358.1 307.5 213.0 352.4 193.3 288.8 338.4 244.0 wheat 0
223.4 203.7 327.1 247.5 306.3 296.6 202.7 252.7 wheat 0
444.1 218.5 346.8 300.4 311.4 258.4 408.6 176.5 wheat 0
566.5 460.8 640.1 483.5 626.1 528.6 552.6 505.8 wheat 0
378.1 155.5 296.5 224.2 264.5 186.3 346.1 117.6 wheat 0
214.7 64.0 267.9 86.5 242.1 147.5 188.9 125.0 wheat 0
351.1 100.5 273.3 198.5 225.5 160.5 303.2 62.6 wheat 0
550.1 130.5 366.1 167.8 353.4 105.3 537.4 68.0 wheat 0
449.7 141.3 595.0 202.7 568.1 266.5 422.8 205.1 wheat 0
773.1 166.5 617.3 251.6 595.4 211.4 751.1 126.3 wheat 0
777.0 637.4 824.2 652.0 807.1 707.5 759.8 692.9 wheat 0
704.4 732.1 763.1 744.0 738.1 867.5 679.4 855.6 wheat 0
353.4 385.3 437.1 471.5 394.0 513.3 310.3 427.1 wheat 0
254.1 507.5 138.7 570.5 109.5 517.2 224.9 454.2 wheat 0
307.1 514.5 220.0 532.2 210.1 483.2 297.1 465.6 wheat 0
201.1 568.5 356.1 568.5 356.1 611.5 201.1 611.5 wheat 0
549.1 862.5 451.7 929.1 415.5 876.3 512.9 809.7 wheat 0
722.1 792.5 598.4 948.3 548.2 908.5 671.8 752.7 wheat 0
754.1 926.5 604.3 941.5 598.0 879.1 747.8 864.1 wheat 0
938.4 837.7 789.1 963.5 757.1 925.5 906.4 799.7 wheat 0
923.4 623.5 968.1 669.5 890.3 745.0 845.6 699.1 wheat 0
1014.1 947.5 926.6 965.2 915.6 910.6 1003.0 892.9 wheat 0
919.1 829.0 1003.3 875.0 978.3 920.7 894.1 874.7 wheat 0
682.9 897.5 730.9 917.7 692.1 1009.5 644.1 989.2 wheat 0
553.1 974.5 497.0 980.1 490.7 917.7 546.8 912.1 wheat 0
441.1 959.5 395.6 990.6 289.9 836.0 335.3 804.9 wheat 0
182.4 990.5 90.3 1009.1 81.0 963.2 173.1 944.5 wheat 0
278.4 961.2 144.3 974.7 139.9 931.0 274.1 917.5 wheat 0
294.5 670.7 338.1 694.5 249.5 856.6 206.0 832.8 wheat 0
220.5 697.4 355.1 789.5 333.3 821.3 198.7 729.2 wheat 0
375.1 764.5 296.6 830.6 274.1 803.9 352.5 737.8 wheat 0
337.1 739.5 178.8 806.4 162.8 768.7 321.1 701.8 wheat 0
434.9 584.3 349.7 630.8 326.3 587.8 411.4 541.3 wheat 0
365.1 486.5 467.1 486.5 467.1 548.5 365.1 548.5 wheat 0
649.1 315.5 587.8 392.7 541.5 356.0 602.8 278.8 wheat 0
834.1 322.5 654.6 358.9 641.4 293.6 820.8 257.2 wheat 0
862.9 152.3 912.6 157.2 907.1 212.5 857.4 207.5 wheat 0
924.1 164.5 960.1 164.5 960.1 357.5 924.1 357.5 wheat 0
674.0 345.5 785.1 518.5 732.6 552.2 621.5 379.2 wheat 0
870.1 519.5 785.0 607.1 731.2 554.8 816.3 467.3 wheat 0
770.2 431.4 1000.1 502.5 984.9 551.6 755.1 480.5 wheat 0
812.1 459.5 776.2 496.4 670.8 394.0 706.6 357.1 wheat 0
478.5 313.3 523.2 327.1 502.1 395.5 457.3 381.7 wheat 0
509.5 344.3 549.5 356.6 534.1 406.5 494.1 394.1 wheat 0
0.1 3.4 66.1 3.4 66.1 214.5 0.1 214.5 wheat 0
23.6 201.1 67.1 205.5 60.3 272.6 16.8 268.3 wheat 0
485.1 18.5 599.1 18.5 599.1 84.5 485.1 84.5 wheat 0
828.2 30.8 967.7 44.8 961.1 110.5 821.6 96.5 wheat 0
778.0 41.3 1023.4 65.9 1018.1 119.5 772.6 94.9 wheat 0
672.1 0.0 778.1 0.0 778.1 42.5 672.1 42.5 wheat 0
554.4 351.1 647.8 390.6 633.1 425.5 539.7 386.0 wheat 0
65.6 710.3 92.1 721.5 63.8 788.2 37.4 777.0 wheat 0
