698.3 916.2 736.3 942.2 687.2 1014.0 649.2 988.0 wheat 0
546.7 759.6 704.7 759.6 704.7 795.6 546.7 795.6 wheat 0
509.7 723.6 575.7 723.6 575.7 749.6 509.7 749.6 wheat 0
456.5 860.6 509.4 871.3 503.0 902.7 450.1 891.9 wheat 0
283.6 765.7 239.5 774.7 230.9 732.5 275.0 723.6 wheat 0
304.0 656.8 275.7 680.7 232.5 629.4 260.8 605.6 wheat 0
315.6 483.9 285.7 514.6 240.6 470.8 270.4 440.1 wheat 0
241.7 512.6 276.7 512.6 276.7 539.6 241.7 539.6 wheat 0
520.7 659.6 483.3 685.2 396.0 557.7 433.5 532.1 wheat 0
461.2 529.2 588.5 616.4 563.7 652.6 436.3 565.5 wheat 0
560.6 562.5 524.4 569.9 515.8 527.7 552.1 520.4 wheat 0
562.8 572.2 607.6 596.6 593.7 622.1 548.9 597.6 wheat 0
596.7 622.6 625.7 622.6 625.7 653.6 596.7 653.6 wheat 0
675.7 614.6 755.7 614.6 755.7 642.6 675.7 642.6 wheat 0
803.7 639.6 759.7 648.5 747.1 586.2 791.1 577.3 wheat 0
864.0 620.7 843.7 641.6 814.6 613.3 834.9 592.4 wheat 0
884.4 633.1 919.5 647.9 891.0 715.1 856.0 700.3 wheat 0
879.2 720.3 810.6 734.2 804.3 702.9 872.9 689.0 wheat 0
946.7 631.6 983.7 631.6 983.7 662.6 946.7 662.6 wheat 0
965.1 715.1 932.7 721.6 927.4 695.2 959.7 688.6 wheat 0
983.6 831.7 948.3 838.9 941.9 807.5 977.2 800.4 wheat 0
995.2 765.5 1018.1 767.8 1015.2 796.7 992.3 794.4 wheat 0
1006.7 853.6 1022.7 853.6 1022.7 894.6 1006.7 894.6 wheat 0
845.7 984.1 809.4 1021.4 795.8 1008.1 832.0 970.8 wheat 0
113.1 875.1 51.3 887.6 45.4 858.2 107.1 845.7 wheat 0
49.7 602.6 106.7 602.6 106.7 632.6 49.7 632.6 wheat 0
434.1 358.4 544.5 418.7 522.7 458.6 412.4 398.3 wheat 0
282.2 398.0 349.0 418.7 339.3 450.2 272.4 429.5 wheat 0
616.8 418.2 587.4 424.2 578.7 381.0 608.1 375.1 wheat 0
855.8 515.6 928.5 565.3 903.6 601.6 831.0 551.9 wheat 0
977.0 502.0 913.7 521.6 904.0 490.0 967.3 470.5 wheat 0
850.1 378.8 879.5 391.3 855.4 448.4 825.9 435.9 wheat 0
895.8 351.5 862.0 374.6 832.6 331.7 866.5 308.6 wheat 0
519.3 368.7 477.2 412.0 323.7 262.9 365.7 219.6 wheat 0
422.4 164.7 394.5 183.9 330.8 90.7 358.7 71.6 wheat 0
397.4 26.1 431.2 29.5 424.1 100.1 390.3 96.7 wheat 0
385.1 88.9 444.0 138.5 421.4 165.3 362.5 115.7 wheat 0
579.7 182.6 517.7 195.2 497.0 93.1 559.0 80.5 wheat 0
667.1 165.8 733.8 202.3 710.7 244.6 644.0 208.1 wheat 0
504.0 251.1 541.7 262.8 528.7 304.6 491.0 293.0 wheat 0
733.1 104.7 768.4 111.9 754.3 181.5 719.0 174.3 wheat 0
749.8 54.4 816.9 110.9 792.7 139.6 725.6 83.1 wheat 0
780.7 173.6 810.7 173.6 810.7 229.6 780.7 229.6 wheat 0
796.7 316.6 742.1 333.5 732.3 301.6 786.9 284.7 wheat 0
839.1 84.3 904.5 151.7 874.4 181.0 808.9 113.5 wheat 0
790.7 0.6 832.7 0.6 832.7 89.6 790.7 89.6 wheat 0
145.7 330.6 166.0 344.5 142.8 378.3 122.6 364.4 wheat 0
131.8 384.5 156.7 387.0 150.7 446.7 125.8 444.2 wheat 0
119.8 37.1 187.4 83.4 163.7 118.1 96.0 71.8 wheat 0
244.5 2.8 280.8 10.1 263.9 93.4 227.7 86.1 wheat 0
286.9 123.7 328.7 127.9 320.5 209.5 278.7 205.3 wheat 0
244.7 140.6 273.7 140.6 273.7 192.6 244.7 192.6 wheat 0
356.9 64.6 331.4 78.5 315.6 49.6 341.1 35.7 wheat 0
112.8 254.6 164.0 282.6 146.0 315.6 94.7 287.6 wheat 0
3.7 72.6 46.7 72.6 46.7 209.6 3.7 209.6 wheat 0
65.7 111.6 96.7 111.6 96.7 173.6 65.7 173.6 wheat 0
124.7 245.6 98.0 253.9 86.7 217.6 113.5 209.3 wheat 0
560.5 137.0 596.3 140.5 591.0 193.3 555.2 189.7 wheat 0
325.2 351.4 378.8 388.1 365.3 407.9 311.6 371.2 wheat 0
999.7 152.6 952.8 192.2 927.9 162.7 974.9 123.1 wheat 0
683.6 128.2 708.0 153.4 692.9 168.0 668.5 142.9 wheat 0
317.0 593.4 351.3 600.4 345.5 628.8 311.2 621.8 wheat 0
251.5 568.7 285.9 579.4 280.0 598.5 245.6 587.8 wheat 0
472.7 532.7 448.2 546.1 422.7 499.6 447.3 486.1 wheat 0
