5.7 756.6 80.7 756.6 80.7 797.6 5.7 797.6 wheat 0
338.3 840.7 402.3 875.7 382.2 912.5 318.1 877.5 wheat 0
669.5 897.4 797.6 967.4 776.0 1006.9 647.9 936.9 wheat 0
238.3 930.5 334.8 996.5 316.2 1023.8 219.6 957.7 wheat 0
436.1 623.8 552.1 672.8 535.4 712.5 419.3 663.4 wheat 0
732.2 691.6 830.7 774.6 806.8 803.0 708.2 720.0 wheat 0
684.7 804.6 804.7 804.6 804.7 844.6 684.7 844.6 wheat 0
613.4 702.9 724.5 749.8 709.7 784.6 598.7 737.7 wheat 0
670.7 652.6 565.4 674.0 557.0 632.8 662.4 611.5 wheat 0
744.7 645.6 845.7 645.6 845.7 674.6 744.7 674.6 wheat 0
768.6 550.9 898.0 563.9 894.7 596.6 765.3 583.6 wheat 0
738.1 516.9 913.2 534.5 909.4 572.3 734.3 554.7 wheat 0
852.0 586.8 999.5 616.7 991.3 657.5 843.7 627.6 wheat 0
673.3 554.5 757.2 562.9 754.6 588.6 670.7 580.2 wheat 0
502.2 531.6 565.6 544.5 555.8 592.4 492.5 579.6 wheat 0
556.1 525.0 623.8 571.3 607.4 595.2 539.7 548.9 wheat 0
677.2 447.6 743.2 475.5 728.7 509.6 662.8 481.7 wheat 0
724.7 380.0 808.7 388.5 805.7 417.6 721.8 409.2 wheat 0
723.8 278.1 777.4 283.5 773.7 319.6 720.1 314.2 wheat 0
916.4 252.6 811.6 309.9 797.8 284.6 902.6 227.4 wheat 0
1016.7 245.6 912.3 302.7 897.9 276.3 1002.3 219.2 wheat 0
874.2 346.8 993.8 371.1 987.2 403.4 867.7 379.2 wheat 0
568.4 413.7 472.9 423.3 469.1 385.5 564.6 375.9 wheat 0
457.6 419.5 577.9 431.6 575.0 459.9 454.8 447.8 wheat 0
448.7 311.6 525.7 311.6 525.7 341.6 448.7 341.6 wheat 0
553.3 269.3 659.8 280.0 657.2 305.9 550.7 295.2 wheat 0
455.7 349.6 341.6 361.1 338.2 327.1 452.3 315.7 wheat 0
400.7 187.6 478.7 187.6 478.7 218.6 400.7 218.6 wheat 0
509.2 236.9 376.9 263.7 371.3 236.3 503.6 209.5 wheat 0
578.4 249.0 501.0 272.9 492.1 244.3 569.5 220.3 wheat 0
762.7 131.6 686.6 195.7 664.2 169.1 740.3 105.0 wheat 0
722.7 158.6 827.7 158.6 827.7 187.6 722.7 187.6 wheat 0
744.7 106.6 850.7 106.6 850.7 139.6 744.7 139.6 wheat 0
783.7 76.6 885.7 76.6 885.7 97.6 783.7 97.6 wheat 0
864.6 31.5 798.7 76.6 779.1 48.0 845.0 2.9 wheat 0
326.7 488.6 429.7 488.6 429.7 526.6 326.7 526.6 wheat 0
374.9 533.4 461.7 570.2 446.7 605.6 359.9 568.9 wheat 0
290.2 459.8 367.8 467.6 365.2 493.4 287.6 485.7 wheat 0
294.5 553.8 377.3 579.5 362.7 626.6 279.9 601.0 wheat 0
207.3 343.5 272.3 363.6 260.2 402.7 195.2 382.7 wheat 0
271.7 328.6 184.7 355.5 172.5 316.0 259.5 289.1 wheat 0
368.7 170.6 289.1 186.8 282.6 154.6 362.2 138.5 wheat 0
442.9 154.9 377.9 190.4 362.6 162.3 427.5 126.8 wheat 0
101.7 67.6 178.7 67.6 178.7 107.6 101.7 107.6 wheat 0
51.7 362.6 115.7 362.6 115.7 394.6 51.7 394.6 wheat 0
110.0 572.0 79.5 592.9 26.4 515.3 57.0 494.4 wheat 0
60.8 630.1 127.6 650.8 116.7 686.1 49.8 665.4 wheat 0
119.4 543.6 99.2 552.2 82.0 511.6 102.3 503.1 wheat 0
61.7 607.6 88.7 607.6 88.7 628.6 61.7 628.6 wheat 0
0.7 626.6 29.7 626.6 29.7 656.6 0.7 656.6 wheat 0
626.9 330.0 534.8 348.6 528.6 318.3 620.7 299.6 wheat 0
