807.7 897.6 929.7 897.6 929.7 933.6 807.7 933.6 wheat 0
883.6 735.6 948.7 790.3 924.8 818.6 859.8 763.9 wheat 0
838.5 782.1 867.7 827.5 845.0 842.1 815.8 796.7 wheat 0
804.1 818.5 843.1 858.7 819.4 881.7 780.4 841.5 wheat 0
776.3 671.8 818.3 707.3 802.2 726.4 760.2 691.0 wheat 0
674.7 693.6 578.1 703.3 574.0 662.4 670.6 652.7 wheat 0
741.7 697.8 789.1 737.8 771.7 758.4 724.3 718.5 wheat 0
671.7 603.9 580.2 613.1 575.8 569.3 667.3 560.1 wheat 0
621.4 552.8 567.5 563.8 561.1 532.4 615.0 521.5 wheat 0
659.1 506.3 637.6 521.0 618.4 492.9 639.9 478.2 wheat 0
727.7 507.6 754.7 507.6 754.7 537.6 727.7 537.6 wheat 0
893.7 459.3 947.8 515.1 928.7 533.6 874.6 477.9 wheat 0
863.1 626.0 905.7 634.6 902.0 652.8 859.4 644.2 wheat 0
953.3 607.8 974.9 630.1 959.1 645.4 937.5 623.2 wheat 0
704.3 278.6 618.3 305.2 609.2 275.6 695.1 249.0 wheat 0
793.7 351.4 765.7 370.6 735.7 326.8 763.8 307.6 wheat 0
855.5 315.4 885.1 321.4 858.7 451.6 829.1 445.6 wheat 0
1023.9 315.9 954.7 353.6 934.1 315.9 1003.2 278.1 wheat 0
670.7 62.6 693.7 62.6 693.7 84.6 670.7 84.6 wheat 0
944.8 0.0 978.7 0.0 978.7 42.6 944.8 42.6 wheat 0
487.5 206.2 528.7 223.6 473.7 353.8 432.5 336.4 wheat 0
443.7 341.6 500.7 341.6 500.7 392.6 443.7 392.6 wheat 0
387.7 340.6 429.7 340.6 429.7 364.6 387.7 364.6 wheat 0
440.7 252.6 408.0 275.0 393.7 254.1 426.4 231.7 wheat 0
457.0 94.3 488.7 104.1 472.7 155.6 441.1 145.8 wheat 0
516.8 3.2 538.0 12.1 517.7 60.0 496.5 51.1 wheat 0
350.4 84.5 317.0 91.3 303.1 22.7 336.4 15.9 wheat 0
325.3 334.5 284.7 356.6 268.8 327.4 309.4 305.3 wheat 0
273.2 382.2 228.6 412.7 208.3 383.0 252.9 352.5 wheat 0
135.7 401.6 89.0 416.1 51.1 293.7 97.9 279.3 wheat 0
135.4 264.2 163.1 272.8 151.0 312.0 123.3 303.4 wheat 0
93.0 220.1 61.4 237.3 46.5 210.1 78.1 192.9 wheat 0
98.7 71.1 136.7 74.9 127.7 164.6 89.7 160.8 wheat 0
289.4 617.8 258.0 624.2 246.1 565.4 277.5 559.0 wheat 0
179.7 692.6 217.5 704.3 204.7 745.6 167.0 733.9 wheat 0
179.7 756.5 215.6 771.7 200.8 806.7 164.9 791.5 wheat 0
239.7 757.6 268.7 757.6 268.7 831.6 239.7 831.6 wheat 0
258.7 901.6 233.0 909.6 202.4 810.7 228.1 802.7 wheat 0
150.3 816.5 182.7 826.5 171.2 863.8 138.7 853.7 wheat 0
158.9 928.5 187.3 934.3 171.6 1011.7 143.2 1005.9 wheat 0
463.1 890.0 502.6 911.6 485.4 943.2 445.9 921.6 wheat 0
510.7 930.6 543.7 930.6 543.7 958.6 510.7 958.6 wheat 0
494.7 973.6 541.7 973.6 541.7 1018.6 494.7 1018.6 wheat 0
12.2 825.7 55.4 834.4 47.2 874.6 4.1 865.8 wheat 0
966.7 840.1 1011.9 859.2 1001.7 883.1 956.6 864.0 wheat 0
846.3 985.4 912.0 992.0 909.1 1020.8 843.5 1014.2 wheat 0
176.7 149.6 149.7 164.4 86.5 48.7 113.5 33.9 wheat 0
