186.4 523.5 297.0 583.9 279.7 615.6 169.1 555.2 wheat 0
234.2 479.9 314.8 535.1 298.7 558.6 218.1 503.5 wheat 0
350.6 472.3 409.2 532.6 393.7 547.6 335.2 487.3 wheat 0
200.4 656.7 259.2 688.8 250.1 705.5 191.3 673.4 wheat 0
238.9 680.1 344.0 712.6 333.7 745.6 228.7 713.1 wheat 0
112.5 691.7 177.4 727.2 163.0 753.5 98.1 718.0 wheat 0
284.3 897.2 380.7 946.1 366.7 973.6 270.3 924.6 wheat 0
365.6 777.2 431.4 813.2 418.9 836.0 353.1 800.0 wheat 0
398.5 725.3 465.1 732.0 462.0 762.9 395.4 756.2 wheat 0
468.1 661.9 526.3 710.9 503.7 737.6 445.6 688.6 wheat 0
456.7 937.6 513.9 976.7 497.7 1000.4 440.6 961.3 wheat 0
234.4 955.8 291.1 961.5 288.0 992.4 231.3 986.7 wheat 0
562.4 915.2 620.6 939.8 606.9 972.2 548.7 947.6 wheat 0
607.0 964.7 565.2 1007.7 544.4 987.5 586.2 944.5 wheat 0
716.9 929.1 645.3 943.6 639.6 915.2 711.1 900.7 wheat 0
770.9 1004.5 689.3 1012.6 686.5 984.8 768.1 976.6 wheat 0
770.8 896.0 822.8 939.8 804.7 961.2 752.7 917.4 wheat 0
859.7 1006.7 837.1 1011.3 824.8 950.5 847.3 945.9 wheat 0
822.5 902.2 893.2 950.6 874.7 977.6 804.0 929.2 wheat 0
906.7 918.5 985.4 942.8 972.7 983.6 894.1 959.3 wheat 0
772.2 690.2 829.7 721.6 814.5 749.4 757.0 718.0 wheat 0
900.2 723.5 940.7 745.6 926.8 771.1 886.3 748.9 wheat 0
515.7 739.6 565.7 739.6 565.7 775.6 515.7 775.6 wheat 0
512.6 629.8 568.4 647.1 557.7 681.6 501.9 664.3 wheat 0
372.2 606.7 417.7 631.6 402.3 659.9 356.7 635.0 wheat 0
353.5 571.6 459.7 629.6 444.2 658.1 337.9 600.0 wheat 0
758.3 516.6 824.8 537.2 814.7 569.6 748.3 549.1 wheat 0
812.7 609.6 786.8 614.9 776.0 561.9 802.0 556.6 wheat 0
736.9 612.9 790.9 642.5 777.7 666.6 723.7 637.1 wheat 0
909.9 617.8 944.7 653.6 926.2 671.6 891.4 635.8 wheat 0
943.7 548.6 1012.7 548.6 1012.7 585.6 943.7 585.6 wheat 0
909.7 554.6 876.4 564.9 861.9 518.3 895.3 508.0 wheat 0
721.1 496.2 697.1 506.4 664.4 429.0 688.4 418.9 wheat 0
159.6 328.0 235.1 369.2 220.7 395.6 145.2 354.4 wheat 0
252.0 297.1 285.7 339.6 262.5 358.1 228.7 315.5 wheat 0
335.4 307.5 406.7 367.6 389.4 388.3 318.0 328.1 wheat 0
402.2 333.1 459.0 344.7 453.3 373.1 396.4 361.6 wheat 0
481.8 353.7 582.3 363.7 578.7 399.6 478.2 389.5 wheat 0
522.4 318.7 590.7 347.6 581.7 369.1 513.3 340.1 wheat 0
898.6 322.4 968.5 329.4 965.7 356.6 895.8 349.6 wheat 0
927.5 352.0 967.9 360.2 962.7 385.6 922.4 377.4 wheat 0
501.0 187.4 554.5 232.5 536.5 253.9 482.9 208.8 wheat 0
519.5 124.8 622.4 230.8 593.7 258.6 490.8 152.7 wheat 0
289.5 60.6 332.0 104.3 309.0 126.6 266.5 82.9 wheat 0
202.7 93.6 287.0 164.6 266.7 188.6 182.5 117.6 wheat 0
206.7 252.6 179.5 271.2 107.9 166.6 135.2 148.0 wheat 0
116.7 291.3 94.4 314.3 14.8 236.9 37.1 214.0 wheat 0
48.7 57.3 130.0 91.7 115.5 126.1 34.1 91.7 wheat 0
124.6 29.0 184.4 54.3 173.9 79.2 114.0 53.9 wheat 0
348.7 0.0 437.7 0.0 437.7 30.0 348.7 30.0 wheat 0
682.4 3.1 760.8 19.0 753.1 57.2 674.7 41.3 wheat 0
924.7 107.9 968.8 163.5 943.8 183.4 899.6 127.8 wheat 0
998.3 74.1 972.7 91.6 926.6 24.1 952.1 6.6 wheat 0
208.7 996.6 277.7 996.6 277.7 1023.6 208.7 1023.6 wheat 0
374.7 1000.6 458.7 1000.6 458.7 1022.6 374.7 1022.6 wheat 0
636.8 346.5 676.4 373.6 660.6 396.7 621.0 369.6 wheat 0
57.4 330.3 27.8 339.5 5.1 265.9 34.7 256.8 wheat 0
844.7 387.6 820.9 400.6 802.0 366.0 825.8 352.9 wheat 0
