105.0 870.9 204.1 901.5 191.2 943.1 92.2 912.4 wheat 0
395.4 820.9 462.1 841.5 452.0 874.0 385.3 853.4 wheat 0
529.9 811.9 587.2 836.1 573.1 869.5 515.8 845.3 wheat 0
366.1 777.5 323.2 786.2 305.3 698.0 348.2 689.3 wheat 0
161.7 709.7 241.1 776.5 210.6 812.7 131.3 745.8 wheat 0
145.1 746.5 109.0 776.9 39.9 694.8 76.0 664.5 wheat 0
45.2 619.0 111.1 674.5 90.9 698.4 25.0 642.9 wheat 0
192.7 601.4 273.1 609.5 269.7 643.2 189.3 635.2 wheat 0
181.6 510.6 260.9 577.4 238.1 604.5 158.7 537.7 wheat 0
210.0 480.5 299.0 518.1 281.1 560.5 192.1 522.9 wheat 0
198.9 433.8 302.8 477.8 288.2 512.2 184.3 468.3 wheat 0
90.1 367.3 176.8 394.1 167.1 425.5 80.4 398.7 wheat 0
180.5 388.2 235.1 425.5 215.4 454.2 160.8 416.9 wheat 0
387.1 438.5 348.6 464.8 308.2 405.8 346.7 379.5 wheat 0
476.1 454.5 433.8 477.6 400.5 416.5 442.7 393.4 wheat 0
386.1 460.5 433.1 460.5 433.1 536.5 386.1 536.5 wheat 0
516.1 623.5 487.5 647.6 376.6 515.9 405.2 491.9 wheat 0
387.1 597.5 432.1 597.5 432.1 636.5 387.1 636.5 wheat 0
786.1 727.5 743.1 740.8 721.7 671.6 764.6 658.3 wheat 0
879.6 768.5 831.1 801.7 777.7 723.8 826.2 690.6 wheat 0
968.1 827.5 925.0 851.1 871.2 752.6 914.3 729.0 wheat 0
947.5 780.0 994.1 780.0 994.1 828.5 947.5 828.5 wheat 0
861.9 557.7 920.1 563.5 916.8 596.3 858.6 590.4 wheat 0
795.1 553.5 837.1 553.5 837.1 611.5 795.1 611.5 wheat 0
949.1 497.5 902.2 507.0 887.6 434.9 934.4 425.4 wheat 0
1021.1 478.5 964.2 484.2 954.8 389.9 1011.6 384.2 wheat 0
850.1 395.5 811.6 427.9 746.9 351.2 785.4 318.8 wheat 0
748.1 411.5 708.1 428.4 676.7 354.1 716.6 337.2 wheat 0
644.9 256.8 723.1 299.5 700.9 340.0 622.8 297.3 wheat 0
651.8 189.7 720.1 218.5 705.5 252.8 637.3 224.0 wheat 0
677.1 93.4 751.1 169.5 721.0 198.7 647.1 122.6 wheat 0
716.0 47.0 807.1 85.5 793.1 118.6 702.0 80.1 wheat 0
778.3 253.1 854.1 268.5 845.8 309.3 770.0 294.0 wheat 0
862.3 252.7 928.1 280.5 909.9 323.5 844.1 295.7 wheat 0
924.6 184.9 964.1 225.5 941.9 247.0 902.5 206.4 wheat 0
969.2 82.7 1014.1 152.5 980.4 174.1 935.6 104.3 wheat 0
931.5 144.1 991.6 162.7 982.1 193.5 921.9 174.9 wheat 0
619.1 139.5 586.9 157.1 549.8 89.1 582.0 71.6 wheat 0
602.1 98.5 560.3 111.4 537.0 36.1 578.7 23.1 wheat 0
405.1 216.6 478.1 247.5 463.1 282.9 390.1 252.1 wheat 0
263.6 155.7 340.8 188.3 328.1 218.5 250.8 185.8 wheat 0
225.7 241.2 274.1 316.5 242.2 337.0 193.8 261.7 wheat 0
220.7 204.7 274.1 215.5 267.5 247.7 214.2 236.9 wheat 0
111.1 136.8 191.1 180.5 173.8 212.2 93.7 168.5 wheat 0
104.4 15.0 184.1 69.5 168.5 92.3 88.8 37.8 wheat 0
119.1 75.5 207.1 75.5 207.1 108.5 119.1 108.5 wheat 0
59.3 413.0 133.1 463.5 111.6 494.8 37.8 444.3 wheat 0
384.5 760.0 415.1 798.5 395.3 814.2 364.8 775.7 wheat 0
291.1 961.5 378.1 961.5 378.1 1000.5 291.1 1000.5 wheat 0
87.1 944.5 153.1 944.5 153.1 992.5 87.1 992.5 wheat 0
129.1 989.5 206.1 989.5 206.1 1018.5 129.1 1018.5 wheat 0
375.3 855.3 460.1 881.5 445.1 929.9 360.4 903.7 wheat 0
442.9 899.6 522.1 907.5 518.4 944.2 439.2 936.2 wheat 0
576.5 921.0 701.1 959.5 686.7 1006.1 562.1 967.5 wheat 0
685.6 836.1 743.1 867.5 724.4 901.7 667.0 870.4 wheat 0
648.5 883.6 737.1 892.5 732.3 940.1 643.7 931.2 wheat 0
872.1 995.5 788.0 1003.9 783.9 963.4 868.0 955.0 wheat 0
566.1 462.5 535.4 483.5 492.0 419.9 522.6 399.0 wheat 0
643.1 290.5 606.9 315.3 567.8 258.2 604.0 233.4 wheat 0
