352.1 242.1 564.1 242.1 564.1 297.1 352.1 297.1 wheat 0
275.4 364.2 472.2 425.1 450.9 493.9 254.1 433.0 wheat 0
553.6 171.4 482.1 185.9 453.7 45.8 525.2 31.3 wheat 0
152.0 99.0 213.7 111.6 189.3 232.1 127.6 219.6 wheat 0
625.1 84.1 697.1 84.1 697.1 189.1 625.1 189.1 wheat 0
739.9 444.8 678.1 487.1 601.8 375.5 663.6 333.2 wheat 0
672.6 528.3 615.6 576.3 515.1 457.1 572.1 409.1 wheat 0
513.6 679.1 491.1 760.1 303.4 708.0 325.9 626.9 wheat 0
216.4 651.3 190.6 717.5 62.9 667.8 88.7 601.7 wheat 0
8.1 748.1 65.1 748.1 65.1 905.1 8.1 905.1 wheat 0
887.7 464.5 828.1 497.1 741.3 338.1 800.9 305.5 wheat 0
780.1 528.1 885.1 528.1 885.1 601.1 780.1 601.1 wheat 0
695.5 634.2 737.1 699.0 621.8 773.0 580.2 708.2 wheat 0
825.1 79.1 891.1 79.1 891.1 205.1 825.1 205.1 wheat 0
794.8 285.2 737.0 324.7 671.5 229.0 729.3 189.4 wheat 0
878.1 192.1 1024.0 192.1 1024.0 263.6 878.1 263.6 wheat 0
369.1 763.0 316.9 816.8 212.2 715.1 264.4 661.3 wheat 0
722.0 851.0 547.0 925.0 516.3 852.2 691.3 778.2 wheat 0
948.3 755.3 887.0 818.5 768.0 702.8 829.3 639.7 wheat 0
878.0 844.8 937.0 869.7 876.2 1013.4 817.3 988.5 wheat 0
