240.1 373.5 314.1 373.5 314.1 564.5 240.1 564.5 wheat 0
476.1 799.5 388.4 808.3 352.6 450.9 440.2 442.1 wheat 0
494.1 855.5 302.2 894.4 289.8 833.1 481.6 794.2 wheat 0
743.1 706.5 448.2 831.2 425.9 778.4 720.7 653.7 wheat 0
837.1 728.5 774.4 755.0 754.0 706.7 816.7 680.2 wheat 0
1001.1 821.5 798.1 884.3 781.6 831.0 984.6 768.2 wheat 0
994.1 868.5 831.6 918.8 818.6 876.7 981.1 826.5 wheat 0
857.6 882.3 884.1 923.5 789.7 984.1 763.2 942.9 wheat 0
186.7 809.6 238.3 820.1 198.1 1018.5 146.4 1008.0 wheat 0
361.1 928.5 303.3 960.0 267.3 894.0 325.0 862.5 wheat 0
142.1 943.5 275.8 970.6 265.1 1023.5 131.3 996.4 wheat 0
118.1 789.5 157.1 789.5 157.1 875.5 118.1 875.5 wheat 0
664.1 463.5 541.2 515.5 524.3 475.5 647.2 423.5 wheat 0
790.8 416.2 959.9 433.2 953.1 501.5 783.9 484.5 wheat 0
865.1 521.5 739.3 560.4 726.3 518.4 852.1 479.5 wheat 0
904.1 217.5 748.4 413.7 721.7 392.5 877.4 196.3 wheat 0
732.1 260.5 892.1 260.5 892.1 310.5 732.1 310.5 wheat 0
1009.1 336.5 841.9 450.9 811.6 406.5 978.7 292.1 wheat 0
845.1 43.7 947.6 149.3 901.1 194.5 798.5 88.9 wheat 0
901.2 25.5 1021.7 76.5 995.1 139.5 874.6 88.6 wheat 0
702.1 75.5 751.1 75.5 751.1 202.5 702.1 202.5 wheat 0
669.1 233.5 461.7 297.6 446.3 247.7 653.6 183.5 wheat 0
492.1 243.5 427.5 270.8 340.1 64.0 404.6 36.7 wheat 0
388.1 260.5 317.6 274.8 305.1 213.3 375.6 199.1 wheat 0
301.1 347.5 237.3 353.9 228.2 262.4 291.9 256.0 wheat 0
234.1 288.5 188.5 302.6 157.0 201.0 202.6 186.9 wheat 0
119.5 143.7 189.0 150.7 168.1 359.5 98.6 352.5 wheat 0
141.1 238.5 103.7 258.9 47.8 156.6 85.2 136.2 wheat 0
57.1 113.5 208.1 113.5 208.1 162.5 57.1 162.5 wheat 0
566.1 317.5 390.2 371.9 372.1 313.3 547.9 258.9 wheat 0
605.1 398.5 461.1 459.4 445.8 423.2 589.8 362.3 wheat 0
668.1 359.5 457.9 536.6 424.3 496.7 634.5 319.7 wheat 0
777.1 174.5 601.1 355.7 570.7 326.2 746.7 145.0 wheat 0
690.5 277.5 736.4 296.9 690.1 406.5 644.1 387.1 wheat 0
