287.1 468.5 228.7 493.2 148.4 303.3 206.8 278.6 wheat 0
353.1 489.8 468.0 552.6 439.1 605.5 324.2 542.7 wheat 0
602.9 449.9 686.2 495.4 661.1 541.5 577.7 496.0 wheat 0
760.9 533.3 868.5 555.1 858.1 606.5 750.5 584.7 wheat 0
903.1 578.5 875.2 607.2 769.4 504.4 797.2 475.7 wheat 0
901.1 665.5 816.0 682.8 804.7 626.9 889.7 609.6 wheat 0
747.9 690.9 824.0 706.3 815.1 750.5 739.0 735.1 wheat 0
741.4 713.4 813.6 762.9 783.1 807.5 710.8 758.1 wheat 0
856.6 776.2 935.1 842.3 902.1 881.5 823.6 815.4 wheat 0
716.1 879.5 665.7 913.9 608.9 830.8 659.2 796.4 wheat 0
610.1 819.5 574.0 849.9 516.0 781.1 552.1 750.7 wheat 0
579.1 890.5 544.9 919.3 473.6 834.7 507.8 805.9 wheat 0
622.0 869.7 718.4 950.9 685.1 990.5 588.6 909.3 wheat 0
916.0 914.6 962.9 934.4 948.1 969.5 901.1 949.7 wheat 0
684.1 671.5 650.7 713.5 542.1 627.4 575.5 585.4 wheat 0
450.1 611.2 534.5 646.9 516.1 690.5 431.7 654.8 wheat 0
427.5 651.6 528.5 672.1 518.1 723.5 417.1 703.0 wheat 0
1.1 672.5 141.1 672.5 141.1 721.5 1.1 721.5 wheat 0
346.2 858.7 453.1 917.1 431.1 957.5 324.1 899.1 wheat 0
365.1 872.5 318.0 887.1 298.2 823.1 345.3 808.5 wheat 0
258.4 810.7 331.4 833.3 318.1 876.5 245.0 853.9 wheat 0
351.2 952.5 521.9 969.6 517.1 1017.5 346.4 1000.4 wheat 0
529.6 937.5 641.8 972.2 628.1 1016.5 515.9 981.8 wheat 0
443.1 417.5 422.4 449.6 368.2 414.8 388.8 382.7 wheat 0
358.1 386.5 312.9 395.7 302.6 344.6 347.7 335.4 wheat 0
106.1 458.5 55.5 468.8 35.9 372.5 86.6 362.3 wheat 0
131.1 338.5 97.8 380.5 13.6 313.7 46.9 271.7 wheat 0
174.3 243.2 279.2 264.5 271.1 304.5 166.2 283.3 wheat 0
344.1 271.5 302.0 294.5 248.0 195.6 290.1 172.7 wheat 0
332.3 223.1 393.8 274.9 368.1 305.5 306.5 253.7 wheat 0
350.8 168.4 463.0 245.2 436.1 284.5 323.9 207.8 wheat 0
584.1 239.7 665.3 284.1 642.1 326.5 560.9 282.2 wheat 0
360.4 118.0 335.1 157.5 261.4 110.2 286.8 70.7 wheat 0
306.1 17.5 443.1 17.5 443.1 67.5 306.1 67.5 wheat 0
543.9 77.7 635.5 172.0 602.1 204.5 510.4 110.2 wheat 0
517.9 97.9 585.6 167.6 562.1 190.5 494.3 120.8 wheat 0
625.2 121.5 728.3 208.3 691.1 252.5 587.9 165.7 wheat 0
823.5 208.2 919.3 273.8 890.1 316.5 794.3 251.0 wheat 0
854.1 112.0 923.1 219.5 877.7 248.6 808.7 141.2 wheat 0
925.1 208.5 979.1 208.5 979.1 290.5 925.1 290.5 wheat 0
797.7 80.7 863.9 94.1 854.1 142.5 787.8 129.1 wheat 0
776.1 183.3 838.1 235.5 807.5 271.8 745.5 219.6 wheat 0
438.2 319.6 506.3 348.4 488.1 391.5 420.0 362.7 wheat 0
509.1 456.5 449.6 462.5 441.7 383.9 501.2 378.0 wheat 0
106.4 531.8 179.9 572.0 161.1 606.5 87.5 566.3 wheat 0
68.1 858.5 164.1 858.5 164.1 904.5 68.1 904.5 wheat 0
