646.7 492.6 602.3 506.3 562.3 376.9 606.7 363.2 wheat 0
671.7 427.6 634.0 448.2 567.2 326.0 604.9 305.3 wheat 0
813.7 510.6 771.0 523.8 736.2 411.6 779.0 398.3 wheat 0
841.6 478.1 869.1 489.8 841.7 554.6 814.2 543.0 wheat 0
839.7 323.3 981.3 420.1 959.7 451.6 818.2 354.8 wheat 0
878.7 366.8 971.5 445.0 950.7 469.6 857.9 391.4 wheat 0
850.7 616.6 799.4 638.3 782.3 597.8 833.6 576.1 wheat 0
707.0 599.3 833.6 625.0 826.7 658.6 700.2 633.0 wheat 0
839.5 653.0 938.6 707.2 919.0 743.2 819.8 689.0 wheat 0
426.5 474.7 555.0 544.9 538.7 574.6 410.3 504.4 wheat 0
430.3 508.8 491.4 527.7 483.2 554.4 422.0 535.5 wheat 0
673.7 644.6 634.8 665.9 596.9 596.6 635.9 575.3 wheat 0
419.5 550.6 548.9 621.3 530.1 655.7 400.7 585.0 wheat 0
588.7 761.6 545.7 765.9 532.6 635.6 575.7 631.3 wheat 0
286.5 733.3 375.9 771.1 359.9 808.9 270.6 771.1 wheat 0
380.4 771.4 474.5 790.5 467.1 826.8 373.0 807.7 wheat 0
495.0 812.2 601.6 833.8 594.7 867.6 488.1 846.0 wheat 0
711.8 737.0 759.7 769.8 741.6 796.2 693.8 763.4 wheat 0
813.7 675.5 892.4 756.5 871.7 776.6 793.0 695.6 wheat 0
816.6 805.4 882.3 888.2 852.7 911.6 787.0 828.8 wheat 0
734.5 919.9 707.2 934.8 666.0 859.3 693.2 844.4 wheat 0
645.7 963.6 606.0 985.3 571.3 921.8 611.0 900.1 wheat 0
516.7 953.6 626.7 953.6 626.7 984.6 516.7 984.6 wheat 0
373.9 962.1 494.4 986.5 488.7 1014.6 368.2 990.2 wheat 0
43.3 768.8 141.5 778.6 137.7 816.6 39.5 806.8 wheat 0
429.8 405.5 540.3 416.6 536.7 452.6 426.2 441.5 wheat 0
471.4 317.0 529.9 390.7 504.0 411.2 445.6 337.6 wheat 0
519.8 674.2 556.5 705.1 539.7 725.0 503.0 694.1 wheat 0
526.7 239.3 635.2 250.1 631.8 284.0 523.3 273.1 wheat 0
737.2 111.1 790.7 178.6 759.9 203.1 706.3 135.6 wheat 0
498.7 182.6 459.8 190.5 448.3 133.6 487.2 125.8 wheat 0
59.7 601.6 134.7 642.6 116.1 676.8 41.0 635.8 wheat 0
44.5 707.8 118.7 758.6 103.5 780.9 29.3 730.2 wheat 0
23.6 815.1 89.6 860.3 69.9 889.1 3.8 844.0 wheat 0
86.7 992.0 169.7 992.0 169.7 1023.0 86.7 1023.0 wheat 0
68.0 470.7 119.8 499.0 102.5 530.6 50.7 502.3 wheat 0
27.7 490.3 83.7 528.6 56.1 569.0 -0.0 530.7 wheat 0
24.0 372.7 92.3 419.5 71.7 449.6 3.4 402.9 wheat 0
40.2 231.0 112.7 280.6 98.1 302.0 25.6 252.4 wheat 0
102.7 120.0 211.8 211.9 186.7 241.6 77.6 149.7 wheat 0
135.7 199.6 113.3 218.6 46.1 138.8 68.6 119.9 wheat 0
17.9 81.0 99.7 115.6 89.2 140.5 7.4 105.9 wheat 0
105.1 48.0 206.7 133.6 187.3 156.7 85.7 71.1 wheat 0
937.0 15.1 999.7 94.2 977.7 111.6 915.0 32.5 wheat 0
1023.7 945.6 914.9 956.5 910.9 916.4 1019.7 905.5 wheat 0
