651.9 412.5 744.0 451.5 719.1 510.5 626.9 471.5 wheat 0
721.1 269.5 773.1 269.5 773.1 384.5 721.1 384.5 wheat 0
584.6 289.1 626.6 324.5 528.1 441.5 486.0 406.1 wheat 0
350.5 298.2 519.9 315.2 515.1 363.5 345.7 346.5 wheat 0
637.1 150.5 580.3 181.5 541.2 110.0 598.0 79.0 wheat 0
898.1 252.5 852.0 266.8 806.8 120.6 852.9 106.4 wheat 0
909.4 50.4 958.2 55.3 944.1 196.5 895.2 191.6 wheat 0
72.6 79.8 429.8 115.6 422.6 187.3 65.4 151.4 wheat 0
263.1 227.5 195.0 241.3 184.3 188.5 252.4 174.7 wheat 0
246.5 229.6 299.3 252.0 239.1 394.5 186.2 372.2 wheat 0
127.6 336.6 426.9 366.7 420.1 434.5 120.8 404.5 wheat 0
448.7 344.1 505.3 382.8 448.1 466.5 391.5 427.8 wheat 0
318.1 634.5 285.4 641.1 249.1 462.3 281.8 455.7 wheat 0
734.1 539.5 439.5 569.1 433.6 509.6 728.1 480.0 wheat 0
476.1 413.5 533.1 413.5 533.1 612.5 476.1 612.5 wheat 0
360.4 483.9 449.1 492.8 441.1 572.5 352.4 563.6 wheat 0
1012.1 508.5 895.3 532.2 882.7 470.0 999.5 446.3 wheat 0
527.6 188.5 718.1 292.5 695.5 333.8 505.0 229.8 wheat 0
208.8 435.8 272.5 462.8 199.1 636.5 135.3 609.6 wheat 0
103.1 655.5 47.3 686.0 22.0 639.7 77.8 609.2 wheat 0
117.1 491.5 80.0 516.8 0.0 399.9 37.0 374.5 wheat 0
173.2 648.4 261.2 657.2 253.1 738.5 165.1 729.7 wheat 0
242.3 700.4 303.2 712.7 276.1 846.5 215.2 834.2 wheat 0
337.1 929.5 265.9 943.9 244.3 837.4 315.5 823.0 wheat 0
215.1 904.5 292.1 904.5 292.1 997.5 215.1 997.5 wheat 0
219.6 799.6 275.9 847.0 198.1 939.5 141.8 892.1 wheat 0
168.6 775.0 223.6 805.1 143.1 952.5 88.0 922.4 wheat 0
190.1 745.5 239.1 745.5 239.1 801.5 190.1 801.5 wheat 0
623.0 710.7 726.1 797.5 698.6 830.1 595.6 743.2 wheat 0
748.1 752.5 576.4 805.6 561.5 757.3 733.1 704.2 wheat 0
871.1 873.5 816.8 896.5 779.1 807.3 833.4 784.4 wheat 0
503.0 849.2 771.1 962.5 747.0 1019.4 478.9 906.1 wheat 0
425.1 601.5 585.1 601.5 585.1 657.5 425.1 657.5 wheat 0
542.1 625.5 583.1 625.5 583.1 704.5 542.1 704.5 wheat 0
