950.1 566.5 886.2 632.2 740.0 490.3 803.9 424.5 wheat 0
850.1 915.5 776.4 938.3 736.2 808.3 809.9 785.6 wheat 0
908.1 984.5 865.1 1008.0 816.1 918.3 859.1 894.8 wheat 0
385.1 865.5 241.1 944.1 193.8 857.5 337.7 778.9 wheat 0
499.1 863.5 463.0 883.2 433.8 829.8 469.9 810.1 wheat 0
605.1 814.5 546.1 839.4 512.1 759.0 571.1 734.1 wheat 0
601.9 624.5 676.7 656.1 627.1 773.5 552.3 741.9 wheat 0
655.1 596.9 732.2 620.7 714.1 679.5 637.0 655.7 wheat 0
805.8 608.0 905.2 650.1 872.1 728.5 772.6 686.5 wheat 0
655.1 399.5 543.5 410.7 536.6 341.7 648.1 330.5 wheat 0
714.9 409.3 773.5 434.1 742.1 508.5 683.4 483.7 wheat 0
267.1 586.5 181.1 603.9 146.7 434.3 232.7 416.9 wheat 0
95.2 730.9 165.0 778.7 70.1 917.5 0.2 869.7 wheat 0
268.1 842.5 165.3 886.0 141.9 830.7 244.7 787.2 wheat 0
375.1 975.5 264.5 1022.3 238.0 959.6 348.6 912.8 wheat 0
330.8 462.0 445.1 473.5 438.1 542.5 323.8 531.0 wheat 0
519.1 581.5 448.7 640.8 393.2 575.0 463.6 515.7 wheat 0
337.1 266.5 264.4 306.2 201.4 190.9 274.0 151.2 wheat 0
264.1 99.5 129.9 126.7 113.4 45.2 247.5 18.0 wheat 0
109.0 80.3 178.1 109.5 135.5 210.2 66.4 181.0 wheat 0
561.1 44.7 681.4 95.5 650.1 169.5 529.8 118.7 wheat 0
871.1 145.5 708.8 161.8 701.1 85.1 863.4 68.8 wheat 0
831.6 219.7 965.6 276.4 935.1 348.5 801.1 291.9 wheat 0
576.1 202.5 683.1 202.5 683.1 274.5 576.1 274.5 wheat 0
769.1 213.5 908.1 213.5 908.1 286.5 769.1 286.5 wheat 0
