857.7 680.6 747.6 702.9 737.8 654.8 848.0 632.5 wheat 0
956.7 541.6 875.8 609.8 840.0 567.3 920.9 499.1 wheat 0
953.0 583.0 991.8 609.5 937.7 688.6 898.9 662.1 wheat 0
939.7 729.6 852.8 789.1 828.5 753.5 915.4 694.1 wheat 0
912.5 817.1 930.1 862.4 880.7 881.6 863.1 836.3 wheat 0
1018.0 748.5 951.2 769.2 941.4 737.7 1008.3 717.0 wheat 0
960.7 908.6 1021.7 908.6 1021.7 948.6 960.7 948.6 wheat 0
674.1 807.8 634.0 820.2 625.4 792.5 665.5 780.1 wheat 0
146.0 773.7 265.4 785.7 261.4 825.5 142.0 813.5 wheat 0
151.4 911.9 184.8 930.1 133.7 1023.6 100.4 1005.4 wheat 0
18.7 423.6 98.7 423.6 98.7 471.6 18.7 471.6 wheat 0
42.3 491.3 73.7 523.6 35.2 561.0 3.8 528.7 wheat 0
196.7 310.6 120.3 362.9 94.5 325.2 170.9 272.9 wheat 0
784.3 342.3 719.3 377.8 699.2 340.9 764.1 305.4 wheat 0
860.4 49.0 893.5 71.6 838.7 151.6 805.7 129.0 wheat 0
864.4 102.3 883.7 110.5 856.1 175.9 836.7 167.7 wheat 0
870.9 384.2 828.7 427.6 811.1 410.5 853.3 367.1 wheat 0
1023.2 332.3 960.7 396.6 929.7 366.5 992.1 302.2 wheat 0
665.7 94.1 687.6 106.0 660.8 155.2 638.8 143.2 wheat 0
929.8 205.0 955.7 237.6 862.7 311.5 836.8 278.8 wheat 0
