300.1 191.1 348.1 191.1 348.1 230.1 300.1 230.1 wheat 0
349.1 187.1 385.1 187.1 385.1 221.1 349.1 221.1 wheat 0
130.1 381.1 192.1 381.1 192.1 430.1 130.1 430.1 wheat 0
269.1 333.1 324.1 333.1 324.1 380.1 269.1 380.1 wheat 0
364.1 330.1 433.1 330.1 433.1 386.1 364.1 386.1 wheat 0
73.1 215.1 135.1 215.1 135.1 260.1 73.1 260.1 wheat 0
27.1 34.1 111.1 34.1 111.1 93.1 27.1 93.1 wheat 0
489.1 161.1 542.1 161.1 542.1 200.1 489.1 200.1 wheat 0
472.1 202.1 527.1 202.1 527.1 236.1 472.1 236.1 wheat 0
494.1 265.1 560.1 265.1 560.1 309.1 494.1 309.1 wheat 0
611.1 166.1 673.1 166.1 673.1 233.1 611.1 233.1 wheat 0
643.1 254.1 688.1 254.1 688.1 292.1 643.1 292.1 wheat 0
610.1 303.1 684.1 303.1 684.1 354.1 610.1 354.1 wheat 0
655.1 292.1 725.1 292.1 725.1 330.1 655.1 330.1 wheat 0
720.1 211.1 774.1 211.1 774.1 241.1 720.1 241.1 wheat 0
181.1 712.1 244.1 712.1 244.1 760.1 181.1 760.1 wheat 0
478.1 795.1 528.1 795.1 528.1 836.1 478.1 836.1 wheat 0
127.1 803.1 172.1 803.1 172.1 837.1 127.1 837.1 wheat 0
372.1 875.1 424.1 875.1 424.1 916.1 372.1 916.1 wheat 0
190.1 918.1 270.1 918.1 270.1 960.1 190.1 960.1 wheat 0
188.1 951.1 264.1 951.1 264.1 993.1 188.1 993.1 wheat 0
251.1 910.1 324.1 910.1 324.1 962.1 251.1 962.1 wheat 0
738.1 866.1 797.1 866.1 797.1 915.1 738.1 915.1 wheat 0
863.1 208.1 946.1 208.1 946.1 252.1 863.1 252.1 wheat 0
772.1 265.1 818.1 265.1 818.1 320.1 772.1 320.1 wheat 0
976.1 74.1 1021.1 74.1 1021.1 139.1 976.1 139.1 wheat 0
978.1 145.1 1024.0 145.1 1024.0 211.0 978.1 211.0 wheat 0
275.1 261.1 312.1 261.1 312.1 288.1 275.1 288.1 wheat 0
107.1 320.1 185.1 320.1 185.1 374.1 107.1 374.1 wheat 0
205.1 155.1 251.1 155.1 251.1 203.1 205.1 203.1 wheat 0
652.1 966.1 709.1 966.1 709.1 1010.1 652.1 1010.1 wheat 0
744.1 966.1 802.1 966.1 802.1 1020.1 744.1 1020.1 wheat 0
874.1 978.1 932.1 978.1 932.1 1012.1 874.1 1012.1 wheat 0
925.1 873.1 969.1 873.1 969.1 926.1 925.1 926.1 wheat 0
878.1 499.1 925.1 499.1 925.1 551.1 878.1 551.1 wheat 0
624.1 427.1 673.1 427.1 673.1 473.1 624.1 473.1 wheat 0
284.1 381.1 327.1 381.1 327.1 427.1 284.1 427.1 wheat 0
