722.7 563.6 832.7 563.6 832.7 597.6 722.7 597.6 wheat 0
765.7 514.6 829.7 514.6 829.7 532.6 765.7 532.6 wheat 0
663.8 462.1 741.2 486.1 734.7 507.1 657.3 483.2 wheat 0
581.7 427.6 707.7 427.6 707.7 464.6 581.7 464.6 wheat 0
916.2 487.7 1004.7 496.6 1001.8 526.3 913.2 517.4 wheat 0
890.7 512.6 925.7 512.6 925.7 547.6 890.7 547.6 wheat 0
933.8 507.8 987.3 524.3 981.7 542.5 928.2 525.9 wheat 0
969.7 542.6 1024.0 542.6 1024.0 574.0 969.7 574.0 wheat 0
812.7 640.9 929.7 664.6 923.3 696.6 806.2 672.8 wheat 0
925.3 665.5 1022.5 706.6 1007.7 741.6 910.5 700.5 wheat 0
926.3 714.5 1023.4 755.6 1007.7 792.6 910.6 751.5 wheat 0
808.6 715.9 910.0 736.4 904.7 762.6 803.3 742.1 wheat 0
850.0 757.2 960.3 803.9 947.7 833.6 837.4 787.0 wheat 0
784.8 764.5 870.0 773.0 866.7 805.6 781.5 797.1 wheat 0
658.9 682.4 778.4 732.9 760.7 774.6 641.3 724.1 wheat 0
591.5 338.1 708.3 387.4 695.0 419.0 578.2 369.6 wheat 0
655.2 323.4 764.3 398.0 744.0 427.7 634.9 353.1 wheat 0
461.5 310.3 580.1 346.9 572.0 373.0 453.4 336.3 wheat 0
493.4 428.0 567.4 468.4 554.0 493.0 480.0 452.6 wheat 0
398.5 512.9 501.1 545.8 493.0 571.0 390.4 538.1 wheat 0
312.0 449.8 411.6 487.2 403.0 510.0 303.4 472.5 wheat 0
334.2 396.9 418.6 443.1 405.0 468.0 320.6 421.9 wheat 0
243.1 432.9 311.6 461.8 301.0 487.0 232.5 458.0 wheat 0
268.0 395.0 196.2 434.2 181.1 406.6 252.9 367.3 wheat 0
227.5 402.1 295.0 423.0 287.3 447.9 219.8 427.1 wheat 0
171.4 419.4 258.0 446.2 250.0 472.0 163.4 445.2 wheat 0
280.2 481.3 318.5 513.5 299.8 535.7 261.5 503.5 wheat 0
138.6 500.6 252.5 523.7 246.0 556.0 132.1 532.9 wheat 0
36.0 541.0 185.0 541.0 185.0 571.0 36.0 571.0 wheat 0
128.8 365.2 226.4 375.0 223.2 406.8 125.6 397.0 wheat 0
77.3 311.5 157.0 366.0 138.8 392.6 59.1 338.0 wheat 0
264.6 262.6 339.0 303.2 326.0 327.0 251.6 286.4 wheat 0
293.4 245.6 392.4 299.7 377.0 328.0 277.9 273.9 wheat 0
312.2 241.6 411.0 241.6 411.0 269.0 312.2 269.0 wheat 0
209.4 247.4 283.0 254.8 280.6 278.6 207.0 271.2 wheat 0
294.9 120.4 394.9 140.6 385.1 188.6 285.1 168.4 wheat 0
468.3 182.6 550.6 208.0 545.0 226.0 462.7 200.6 wheat 0
456.1 40.8 548.2 103.8 527.8 133.7 435.7 70.6 wheat 0
546.0 98.4 617.7 147.4 605.0 166.0 533.3 116.9 wheat 0
622.2 149.1 763.5 192.8 752.0 230.0 610.6 186.3 wheat 0
504.3 42.4 553.0 63.0 540.7 92.0 492.1 71.4 wheat 0
622.0 69.9 696.2 110.5 685.0 131.0 610.8 90.4 wheat 0
700.3 101.9 763.7 136.5 745.5 169.9 682.1 135.3 wheat 0
722.4 75.6 817.9 105.1 809.0 134.0 713.5 104.5 wheat 0
766.0 119.0 845.0 119.0 845.0 145.0 766.0 145.0 wheat 0
783.8 139.5 875.9 178.5 866.2 201.5 774.1 162.5 wheat 0
866.6 180.4 922.2 203.9 915.0 221.0 859.4 197.5 wheat 0
842.8 132.8 938.9 185.3 926.0 209.0 829.9 156.5 wheat 0
842.3 120.7 886.2 134.3 879.7 155.3 835.8 141.7 wheat 0
888.4 129.1 980.4 168.0 969.6 193.4 877.6 154.6 wheat 0
761.8 2.0 861.7 56.6 844.0 89.0 744.1 34.4 wheat 0
627.7 1.1 691.8 36.1 679.3 58.9 615.2 23.9 wheat 0
610.7 9.2 665.0 32.2 648.3 71.8 594.0 48.8 wheat 0
804.5 331.1 875.4 361.1 864.5 386.9 793.6 356.9 wheat 0
829.8 295.0 935.7 352.8 923.0 376.0 817.1 318.1 wheat 0
861.1 357.9 944.2 374.7 937.0 410.0 854.0 393.2 wheat 0
952.8 328.3 1023.4 376.6 1004.0 405.0 933.4 356.7 wheat 0
850.6 388.3 938.5 425.5 926.0 455.0 838.2 417.9 wheat 0
877.0 446.0 950.0 446.0 950.0 468.0 877.0 468.0 wheat 0
770.8 852.4 847.0 894.0 832.3 920.8 756.1 879.2 wheat 0
733.2 960.0 841.2 993.4 831.7 1024.0 723.8 990.6 wheat 0
687.5 790.1 780.9 799.4 778.0 829.0 684.6 819.6 wheat 0
591.0 766.9 646.0 772.4 644.0 793.0 588.9 787.5 wheat 0
530.0 839.0 675.0 839.0 675.0 861.0 530.0 861.0 wheat 0
601.2 652.3 717.6 663.9 713.7 702.7 597.3 691.1 wheat 0
468.4 663.7 601.7 690.7 595.0 724.0 461.7 697.0 wheat 0
452.4 656.8 540.0 747.0 511.8 774.4 424.2 684.2 wheat 0
366.7 641.4 451.7 667.7 444.3 691.6 359.3 665.3 wheat 0
356.2 683.7 420.3 718.7 410.7 736.3 346.7 701.3 wheat 0
411.9 967.8 525.6 990.8 519.8 1019.2 406.1 996.2 wheat 0
506.8 1002.0 571.8 1002.0 571.8 1021.0 506.8 1021.0 wheat 0
397.3 946.0 446.2 966.6 433.3 997.0 384.5 976.4 wheat 0
312.3 937.4 396.2 950.9 392.4 974.6 308.5 961.1 wheat 0
301.5 953.1 414.8 1001.0 405.1 1024.0 291.8 976.1 wheat 0
171.8 917.0 11.3 928.3 9.1 895.8 169.6 884.6 wheat 0
327.5 837.3 413.2 873.6 397.8 910.0 312.1 873.7 wheat 0
156.3 794.6 276.8 845.6 264.8 874.0 144.3 823.0 wheat 0
368.5 754.4 460.2 782.7 453.1 805.6 361.4 777.3 wheat 0
312.1 775.3 449.6 806.1 443.8 832.0 306.3 801.2 wheat 0
336.3 768.8 385.1 783.9 380.3 799.2 331.6 784.1 wheat 0
298.0 718.1 357.8 743.4 340.7 783.9 280.8 758.6 wheat 0
270.2 708.8 375.7 719.3 373.4 742.2 267.9 731.7 wheat 0
162.6 637.9 265.9 669.8 256.8 699.0 153.6 667.1 wheat 0
81.8 741.0 229.8 741.0 229.8 776.0 81.8 776.0 wheat 0
209.8 750.0 246.4 775.0 231.2 797.1 194.7 772.1 wheat 0
15.8 689.0 137.3 726.6 127.6 757.9 6.1 720.3 wheat 0
11.9 757.4 111.0 777.5 104.8 808.0 5.7 787.9 wheat 0
2.8 740.0 88.8 740.0 88.8 769.0 2.8 769.0 wheat 0
184.0 102.0 274.0 102.0 274.0 133.0 184.0 133.0 wheat 0
132.5 73.3 225.1 102.0 216.5 129.7 123.9 101.0 wheat 0
78.6 144.0 192.9 179.4 185.0 205.0 70.7 169.6 wheat 0
8.1 123.7 78.8 145.6 69.9 174.3 -0.8 152.4 wheat 0
6.5 89.1 86.9 105.4 81.5 131.9 1.1 115.6 wheat 0
26.6 43.1 86.2 104.4 64.0 126.0 4.4 64.6 wheat 0
19.0 13.5 103.0 71.0 86.7 94.8 2.7 37.3 wheat 0
63.5 3.8 130.0 59.8 108.0 86.0 41.5 30.0 wheat 0
28.4 160.9 124.7 190.7 120.0 206.0 23.7 176.2 wheat 0
578.6 2.4 607.9 32.6 591.4 48.6 562.1 18.4 wheat 0
953.5 5.9 1022.5 64.0 1002.4 88.0 933.3 29.8 wheat 0
768.8 353.8 850.7 388.5 836.7 421.6 754.8 387.0 wheat 0
