178.0 194.5 117.5 227.6 31.6 70.5 92.2 37.5 wheat 0
250.2 51.8 297.2 84.0 207.5 215.2 160.4 183.1 wheat 0
254.9 353.0 307.5 369.3 266.7 501.1 214.2 484.8 wheat 0
317.1 312.4 411.9 352.5 388.6 407.7 293.7 367.6 wheat 0
411.5 324.8 329.9 333.0 325.2 286.3 406.8 278.1 wheat 0
675.4 413.7 628.3 473.0 540.4 403.3 587.5 344.0 wheat 0
752.3 328.6 622.4 368.8 604.3 310.5 734.3 270.3 wheat 0
680.8 113.9 740.0 132.2 673.8 346.2 614.6 327.9 wheat 0
822.4 163.9 759.3 183.4 728.3 83.1 791.3 63.6 wheat 0
675.5 583.6 887.4 604.9 880.1 677.5 668.2 656.2 wheat 0
820.7 580.3 740.3 596.6 707.9 436.8 788.3 420.5 wheat 0
558.0 563.5 501.1 575.0 484.7 493.6 541.5 482.1 wheat 0
488.6 666.5 544.0 677.7 513.3 829.0 457.9 817.8 wheat 0
362.8 730.1 426.5 736.5 415.9 842.0 352.2 835.6 wheat 0
487.7 806.9 412.3 822.2 401.9 771.2 477.4 755.9 wheat 0
310.7 640.2 260.3 692.0 157.3 592.0 207.7 540.2 wheat 0
175.3 904.0 240.3 904.0 240.3 1015.0 175.3 1015.0 wheat 0
457.9 970.1 382.3 977.7 376.8 923.0 452.4 915.4 wheat 0
552.3 876.8 579.3 918.9 488.4 977.3 461.4 935.2 wheat 0
655.6 852.3 732.7 931.8 693.3 970.0 616.2 890.6 wheat 0
847.2 891.8 949.4 923.4 928.4 991.3 826.2 959.6 wheat 0
1014.8 911.2 902.3 922.5 894.9 847.9 1007.3 836.6 wheat 0
726.0 663.7 796.7 670.8 787.6 761.4 717.0 754.3 wheat 0
970.2 473.6 915.3 484.8 898.4 401.5 953.3 390.3 wheat 0
915.9 677.3 1028.6 700.1 1015.7 763.8 903.0 741.0 wheat 0
825.8 925.2 776.0 930.2 762.9 798.9 812.6 793.9 wheat 0
107.2 739.9 137.3 799.0 31.7 852.8 1.7 793.7 wheat 0
