556.1 546.5 502.6 563.0 472.3 465.1 525.8 448.5 wheat 0
600.1 424.5 553.7 438.9 534.9 378.3 581.3 363.9 wheat 0
233.1 303.5 277.1 303.5 277.1 419.5 233.1 419.5 wheat 0
424.1 634.5 389.9 669.7 309.6 591.8 343.8 556.6 wheat 0
390.1 545.5 362.6 573.8 270.4 484.3 297.8 455.9 wheat 0
414.1 511.5 377.9 542.0 318.1 471.1 354.3 440.6 wheat 0
374.9 454.6 331.8 463.4 321.2 411.4 364.4 402.7 wheat 0
715.0 698.5 759.3 702.9 749.1 804.5 704.8 800.1 wheat 0
833.7 780.1 880.2 784.8 873.1 855.5 826.6 850.8 wheat 0
946.3 786.3 993.1 791.0 986.8 853.7 940.0 849.0 wheat 0
1011.9 783.2 966.1 792.5 953.7 731.3 999.5 722.0 wheat 0
1023.1 719.5 991.5 729.3 976.1 679.5 1007.7 669.7 wheat 0
821.1 605.5 768.7 610.8 760.2 526.8 812.6 521.5 wheat 0
760.1 518.5 724.9 554.7 654.1 485.9 689.2 449.7 wheat 0
801.2 326.7 828.0 354.2 771.1 409.5 744.3 381.9 wheat 0
707.1 112.5 759.1 112.5 759.1 233.5 707.1 233.5 wheat 0
423.1 200.5 386.8 211.7 361.6 130.2 397.8 119.0 wheat 0
524.1 225.5 475.5 258.8 425.0 185.0 473.6 151.7 wheat 0
578.8 197.8 665.1 224.5 654.6 258.4 568.3 231.8 wheat 0
676.1 230.5 641.1 249.6 603.1 180.0 638.0 160.9 wheat 0
747.1 322.5 717.1 343.0 660.7 260.7 690.7 240.2 wheat 0
835.1 381.5 890.1 381.5 890.1 442.5 835.1 442.5 wheat 0
863.1 434.5 906.1 434.5 906.1 525.5 863.1 525.5 wheat 0
890.1 547.5 855.9 576.3 800.5 510.5 834.6 481.7 wheat 0
882.1 279.5 934.1 279.5 934.1 390.5 882.1 390.5 wheat 0
897.1 323.5 867.6 326.5 856.5 216.0 886.0 213.1 wheat 0
951.1 371.5 912.3 379.4 885.9 249.2 924.7 241.4 wheat 0
919.1 117.5 877.8 130.3 852.5 48.4 893.7 35.6 wheat 0
780.3 51.7 824.0 56.1 816.1 135.5 772.3 131.1 wheat 0
777.1 128.5 718.5 140.4 693.0 14.8 751.6 2.9 wheat 0
756.1 0.5 802.1 0.5 802.1 110.5 756.1 110.5 wheat 0
527.1 111.5 509.4 119.0 483.7 58.1 501.3 50.7 wheat 0
708.1 464.5 679.1 488.9 634.3 435.7 663.3 411.3 wheat 0
701.1 779.5 657.8 792.9 636.7 724.7 680.0 711.3 wheat 0
849.1 993.5 802.5 1019.0 761.7 944.3 808.3 918.8 wheat 0
569.2 887.8 522.0 920.1 473.7 849.6 520.9 817.3 wheat 0
393.1 921.5 361.9 953.6 308.2 901.5 339.4 869.4 wheat 0
428.1 884.5 400.9 912.5 375.8 888.2 403.0 860.2 wheat 0
279.1 969.5 247.7 986.6 213.4 923.8 244.7 906.6 wheat 0
179.1 942.5 143.2 979.4 77.3 915.5 113.2 878.5 wheat 0
69.1 779.5 22.9 793.8 1.2 723.7 47.4 709.4 wheat 0
38.1 158.5 79.1 158.5 79.1 219.5 38.1 219.5 wheat 0
