627.7 625.6 744.7 625.6 744.7 658.6 627.7 658.6 wheat 0
711.7 659.3 810.8 713.5 788.8 753.9 689.6 699.7 wheat 0
693.7 734.6 784.7 734.6 784.7 769.6 693.7 769.6 wheat 0
671.8 769.6 814.1 783.8 810.6 818.7 668.3 804.4 wheat 0
690.7 813.6 847.7 813.6 847.7 856.6 690.7 856.6 wheat 0
692.7 840.6 546.7 855.3 542.7 815.5 688.7 800.8 wheat 0
688.4 860.0 753.8 887.6 742.1 915.3 676.7 887.6 wheat 0
860.7 920.6 893.7 920.6 893.7 1022.6 860.7 1022.6 wheat 0
974.1 997.0 946.2 999.8 939.4 932.2 967.3 929.4 wheat 0
874.7 612.6 907.7 612.6 907.7 653.6 874.7 653.6 wheat 0
957.0 634.0 909.1 666.7 894.5 645.3 942.3 612.5 wheat 0
974.9 631.3 1004.8 634.3 998.6 696.0 968.7 693.0 wheat 0
1005.7 659.6 1024.0 659.6 1024.0 756.7 1005.7 756.7 wheat 0
950.9 121.2 985.1 144.6 916.7 244.6 882.5 221.2 wheat 0
990.3 281.4 1003.9 308.2 977.2 321.8 963.6 295.1 wheat 0
997.7 370.6 1023.7 370.6 1023.7 409.6 997.7 409.6 wheat 0
661.7 778.6 629.3 796.4 552.5 655.8 584.9 638.0 wheat 0
485.6 716.9 610.9 729.4 606.7 770.6 481.5 758.0 wheat 0
560.7 1012.6 517.1 1021.5 485.5 865.8 529.2 856.9 wheat 0
414.7 758.6 445.7 758.6 445.7 969.6 414.7 969.6 wheat 0
361.5 659.3 453.6 698.3 441.9 725.9 349.8 687.0 wheat 0
536.9 663.1 461.4 695.1 446.6 660.1 522.1 628.1 wheat 0
592.7 626.6 560.0 633.3 540.4 536.7 573.2 530.0 wheat 0
517.7 482.8 542.1 507.9 413.7 632.6 389.3 607.5 wheat 0
403.0 503.2 428.1 508.3 417.7 559.6 392.6 554.5 wheat 0
396.7 441.6 480.7 441.6 480.7 478.6 396.7 478.6 wheat 0
441.7 378.6 507.7 378.6 507.7 421.6 441.7 421.6 wheat 0
522.7 377.6 560.7 377.6 560.7 419.6 522.7 419.6 wheat 0
567.3 350.3 672.8 371.7 665.7 406.6 560.2 385.2 wheat 0
695.9 306.0 658.1 326.6 600.6 221.3 638.3 200.7 wheat 0
630.8 318.9 599.4 325.3 588.7 272.3 620.1 266.0 wheat 0
548.0 269.9 587.7 291.6 561.8 339.2 522.0 317.4 wheat 0
487.7 195.6 525.7 195.6 525.7 335.6 487.7 335.6 wheat 0
518.7 361.6 476.3 379.5 391.9 180.0 434.4 162.0 wheat 0
506.8 110.3 556.8 120.4 541.7 194.9 491.7 184.8 wheat 0
609.5 35.5 637.4 38.3 625.9 152.7 598.1 149.9 wheat 0
567.9 118.4 548.0 120.4 539.6 36.8 559.5 34.8 wheat 0
509.7 38.6 536.7 38.6 536.7 110.6 509.7 110.6 wheat 0
978.6 28.3 1008.1 40.8 978.9 109.9 949.4 97.4 wheat 0
456.9 799.5 479.8 806.6 460.6 868.7 437.7 861.6 wheat 0
476.3 781.5 532.7 799.0 524.1 826.7 467.8 809.2 wheat 0
381.5 731.6 314.9 745.1 309.9 720.6 376.6 707.1 wheat 0
398.3 794.3 320.9 818.2 316.2 802.9 393.6 779.0 wheat 0
260.5 760.2 306.4 774.4 296.9 805.0 251.1 790.8 wheat 0
351.7 517.6 392.3 539.8 266.7 769.6 226.1 747.4 wheat 0
25.6 350.7 181.4 490.1 161.4 512.5 5.6 373.1 wheat 0
74.5 266.4 104.3 282.7 89.0 310.8 59.1 294.5 wheat 0
106.1 273.8 129.1 280.9 119.3 312.4 96.4 305.3 wheat 0
66.7 88.6 105.7 88.6 105.7 117.6 66.7 117.6 wheat 0
44.3 111.8 14.9 117.8 -0.8 40.4 28.6 34.4 wheat 0
339.1 955.8 263.4 1019.6 247.3 1000.4 323.0 936.7 wheat 0
216.3 824.9 235.2 837.9 178.2 921.3 159.2 908.3 wheat 0
446.7 980.6 476.0 980.6 476.0 1024.0 446.7 1024.0 wheat 0
428.7 960.6 444.5 969.2 416.9 1019.7 401.1 1011.1 wheat 0
128.8 955.0 115.4 959.1 94.7 892.2 108.1 888.1 wheat 0
89.8 747.0 35.6 758.0 30.1 731.2 84.4 720.2 wheat 0
124.1 819.3 93.7 825.4 80.6 760.7 111.0 754.6 wheat 0
62.9 473.8 4.1 485.7 -1.3 459.2 57.6 447.3 wheat 0
31.2 474.1 71.0 478.1 68.5 502.9 28.7 498.9 wheat 0
606.8 852.0 800.8 852.0 800.8 894.0 606.8 894.0 wheat 0
946.7 189.6 967.7 189.6 967.7 266.6 946.7 266.6 wheat 0
