649.5 408.8 810.4 476.8 792.7 518.6 631.8 450.6 wheat 0
899.7 367.6 936.7 367.6 936.7 461.6 899.7 461.6 wheat 0
783.8 329.8 877.1 425.8 858.7 443.6 765.5 347.6 wheat 0
483.7 209.9 436.9 214.6 422.8 74.3 469.6 69.6 wheat 0
447.6 224.5 473.5 227.1 467.9 282.8 442.0 280.2 wheat 0
504.1 277.4 597.4 286.7 593.7 323.6 500.4 314.2 wheat 0
524.7 22.6 560.7 22.6 560.7 110.6 524.7 110.6 wheat 0
329.6 160.3 400.2 174.6 393.7 206.6 323.1 192.3 wheat 0
630.7 70.6 555.0 166.1 531.1 147.1 606.8 51.6 wheat 0
644.9 103.2 676.5 112.9 657.5 174.1 626.0 164.3 wheat 0
648.0 4.1 680.5 14.1 647.4 121.1 614.9 111.1 wheat 0
679.6 192.0 696.6 195.5 680.7 273.6 663.8 270.2 wheat 0
675.6 138.6 698.0 150.8 646.7 244.6 624.4 232.4 wheat 0
849.9 51.7 963.6 195.1 932.7 219.6 819.0 76.3 wheat 0
998.7 153.9 974.3 174.5 922.7 113.3 947.2 92.7 wheat 0
960.7 125.6 1022.7 125.6 1022.7 155.6 960.7 155.6 wheat 0
977.6 211.2 1010.1 228.9 990.9 264.0 958.4 246.3 wheat 0
874.7 232.6 915.7 232.6 915.7 269.6 874.7 269.6 wheat 0
1023.3 287.1 975.4 307.4 962.2 276.1 1010.1 255.8 wheat 0
985.7 591.6 1015.7 591.6 1015.7 660.6 985.7 660.6 wheat 0
910.7 685.6 816.1 725.6 801.3 690.6 895.9 650.6 wheat 0
635.3 490.7 717.2 525.4 703.2 558.5 621.2 523.9 wheat 0
599.7 520.6 476.3 558.8 467.3 529.6 590.7 491.5 wheat 0
739.9 508.5 672.3 522.2 666.5 493.8 734.2 480.1 wheat 0
472.4 474.2 410.9 493.2 401.9 464.1 463.4 445.1 wheat 0
302.9 432.4 409.2 454.0 403.5 481.8 297.3 460.2 wheat 0
364.8 514.4 483.2 526.3 480.7 550.6 362.4 538.7 wheat 0
260.7 573.6 430.7 573.6 430.7 616.6 260.7 616.6 wheat 0
341.7 800.6 455.7 800.6 455.7 838.6 341.7 838.6 wheat 0
569.7 815.1 542.3 820.7 527.8 749.1 555.2 743.6 wheat 0
579.4 795.2 610.9 805.0 591.1 869.0 559.6 859.2 wheat 0
689.1 878.4 725.4 909.0 709.7 927.6 673.5 897.1 wheat 0
732.7 893.1 836.8 950.0 821.7 977.6 717.6 920.7 wheat 0
495.6 826.6 548.5 837.3 541.9 869.7 489.0 858.9 wheat 0
511.6 797.0 533.7 806.3 483.9 924.2 461.8 914.9 wheat 0
5.7 809.6 36.7 809.6 36.7 838.6 5.7 838.6 wheat 0
9.7 772.6 40.7 772.6 40.7 804.6 9.7 804.6 wheat 0
24.7 531.6 54.7 531.6 54.7 569.6 24.7 569.6 wheat 0
998.0 779.9 1022.5 784.9 1006.4 864.3 981.9 859.3 wheat 0
960.7 934.6 1016.7 934.6 1016.7 1017.6 960.7 1017.6 wheat 0
682.7 936.6 742.0 997.6 716.0 1022.8 656.8 961.8 wheat 0
579.3 644.7 596.7 666.6 584.2 676.6 566.8 654.6 wheat 0
610.3 704.3 626.9 711.3 615.2 738.9 598.6 731.9 wheat 0
604.7 331.6 632.7 331.6 632.7 399.6 604.7 399.6 wheat 0
837.5 438.0 864.9 472.4 850.0 484.3 822.6 449.8 wheat 0
