291.2 678.5 388.4 688.3 383.7 734.6 286.5 724.9 wheat 0
257.7 691.6 222.0 721.7 170.6 660.6 206.3 630.5 wheat 0
178.7 665.6 146.6 692.7 97.3 634.1 129.4 607.1 wheat 0
43.4 586.2 69.7 600.6 52.6 632.0 26.3 617.6 wheat 0
87.3 502.4 139.9 518.7 127.2 559.8 74.6 543.5 wheat 0
44.0 538.6 6.8 546.1 1.4 519.7 38.7 512.1 wheat 0
428.4 769.5 473.2 774.0 466.1 844.7 421.3 840.2 wheat 0
341.0 775.2 372.3 788.4 350.5 840.0 319.2 826.8 wheat 0
374.7 891.6 341.4 909.8 323.5 877.1 356.9 858.9 wheat 0
37.9 846.0 63.2 867.3 24.5 913.2 -0.7 891.9 wheat 0
539.2 751.2 567.7 795.6 529.8 819.9 501.3 775.5 wheat 0
421.1 648.8 387.3 652.2 382.3 602.4 416.2 599.0 wheat 0
395.1 502.9 425.6 523.8 401.4 559.3 370.8 538.4 wheat 0
410.7 466.6 373.0 470.4 370.5 445.6 408.2 441.8 wheat 0
309.9 389.0 376.1 402.4 366.7 448.6 300.6 435.2 wheat 0
489.7 429.6 418.4 436.8 413.7 390.1 485.1 382.9 wheat 0
511.7 402.6 552.7 402.6 552.7 443.6 511.7 443.6 wheat 0
558.2 561.2 596.7 587.6 580.1 611.9 541.6 585.6 wheat 0
633.7 769.6 709.7 769.6 709.7 815.6 633.7 815.6 wheat 0
624.4 814.4 659.7 838.6 622.3 893.4 586.9 869.2 wheat 0
713.6 800.8 786.7 815.6 776.7 864.6 703.7 849.8 wheat 0
781.7 899.6 849.7 899.6 849.7 943.6 781.7 943.6 wheat 0
803.7 943.3 907.7 964.4 901.7 993.6 797.8 972.5 wheat 0
918.7 1016.1 889.8 1019.0 885.8 979.2 914.7 976.3 wheat 0
917.6 807.7 1023.0 840.3 1011.7 876.6 906.4 844.0 wheat 0
924.5 654.4 971.3 668.9 958.0 711.9 911.2 697.4 wheat 0
746.7 599.9 781.1 628.9 721.8 699.3 687.4 670.3 wheat 0
774.7 485.6 821.7 485.6 821.7 528.6 774.7 528.6 wheat 0
892.1 407.6 928.0 422.8 902.3 483.6 866.4 468.4 wheat 0
973.7 425.6 1023.0 425.6 1023.0 461.1 973.7 461.1 wheat 0
979.5 558.2 1024.1 588.7 1006.0 615.1 961.4 584.6 wheat 0
910.8 251.4 1013.7 307.6 999.6 333.5 896.7 277.3 wheat 0
627.7 272.6 721.7 272.6 721.7 307.6 627.7 307.6 wheat 0
682.7 386.6 653.1 411.5 595.6 343.3 625.2 318.3 wheat 0
585.7 292.6 510.7 307.8 502.1 265.3 577.1 250.1 wheat 0
665.7 124.6 763.7 124.6 763.7 167.6 665.7 167.6 wheat 0
747.9 17.1 783.1 46.7 747.7 88.6 712.6 59.0 wheat 0
493.2 77.5 516.9 97.4 468.7 154.6 445.1 134.7 wheat 0
429.8 112.3 356.0 162.8 330.9 126.1 404.7 75.6 wheat 0
20.7 361.6 59.7 361.6 59.7 439.6 20.7 439.6 wheat 0
348.2 87.7 310.8 119.3 288.2 92.5 325.7 60.9 wheat 0
447.5 70.8 401.7 85.0 391.9 53.4 437.8 39.3 wheat 0
461.2 18.8 418.8 36.7 410.3 16.4 452.6 -1.5 wheat 0
156.0 136.0 195.8 169.5 167.4 203.2 127.7 169.7 wheat 0
194.4 165.4 217.5 181.2 187.0 225.8 163.9 210.0 wheat 0
20.1 122.1 56.7 137.6 37.5 183.0 0.8 167.5 wheat 0
750.6 184.3 779.3 193.1 764.8 240.0 736.2 231.1 wheat 0
638.7 1005.6 595.8 1023.8 585.0 998.1 627.9 979.9 wheat 0
