559.7 514.6 501.6 539.2 456.8 433.1 514.9 408.5 wheat 0
436.5 266.1 536.5 286.3 525.0 343.2 425.0 322.9 wheat 0
578.8 277.4 664.4 313.6 645.7 357.8 560.1 321.6 wheat 0
649.5 237.3 757.0 248.1 752.0 297.9 644.5 287.1 wheat 0
751.4 311.0 812.8 344.5 796.1 375.3 734.6 341.7 wheat 0
743.6 381.8 858.3 478.4 811.9 533.5 697.2 436.8 wheat 0
725.3 710.3 685.7 743.6 592.1 632.4 631.6 599.1 wheat 0
696.7 732.6 737.7 732.6 737.7 807.6 696.7 807.6 wheat 0
870.9 783.9 837.7 806.6 746.7 673.5 779.8 650.8 wheat 0
462.7 988.6 560.7 988.6 560.7 1024.0 462.7 1024.0 wheat 0
833.9 956.8 867.3 963.6 855.5 1021.4 822.2 1014.6 wheat 0
1017.1 578.5 975.0 587.0 957.3 499.8 999.5 491.2 wheat 0
749.7 198.6 840.7 198.6 840.7 229.6 749.7 229.6 wheat 0
840.7 154.6 802.5 162.4 789.7 99.4 828.0 91.7 wheat 0
634.3 0.1 698.2 43.8 662.7 95.6 598.8 51.9 wheat 0
669.8 72.5 707.1 84.1 684.6 156.7 647.4 145.2 wheat 0
434.3 102.6 464.9 112.1 455.1 143.6 424.6 134.2 wheat 0
215.7 137.6 307.7 137.6 307.7 188.6 215.7 188.6 wheat 0
220.9 4.9 266.9 52.2 224.6 93.3 178.6 46.0 wheat 0
16.7 6.6 77.7 6.6 77.7 136.6 16.7 136.6 wheat 0
322.0 296.1 274.7 355.6 238.8 327.1 286.0 267.6 wheat 0
62.7 381.6 19.4 405.3 1.6 372.8 45.0 349.1 wheat 0
75.9 444.3 133.3 483.6 58.7 592.6 1.3 553.3 wheat 0
212.3 486.0 176.4 501.2 156.2 453.3 192.1 438.1 wheat 0
99.2 347.0 141.6 364.9 118.2 420.2 75.9 402.3 wheat 0
200.6 528.9 251.5 544.6 200.7 708.6 149.9 692.9 wheat 0
96.4 711.7 62.6 715.1 55.1 640.5 88.9 637.1 wheat 0
108.6 646.1 141.9 656.4 99.7 792.6 66.5 782.3 wheat 0
122.7 811.6 247.7 811.6 247.7 862.6 122.7 862.6 wheat 0
326.1 566.6 362.3 591.4 334.7 631.6 298.5 606.8 wheat 0
203.6 943.5 254.2 964.9 228.9 1024.8 178.3 1003.3 wheat 0
62.5 947.3 111.5 957.2 99.0 1019.0 50.0 1009.0 wheat 0
301.7 980.6 354.7 980.6 354.7 1020.6 301.7 1020.6 wheat 0
