323.3 209.0 392.3 209.0 392.3 374.0 323.3 374.0 wheat 0
479.5 270.6 526.9 310.6 425.1 431.4 377.7 391.5 wheat 0
724.9 131.8 780.7 178.8 626.3 362.0 570.6 315.1 wheat 0
907.4 190.7 959.5 234.6 819.3 401.0 767.2 357.2 wheat 0
964.7 416.3 1023.8 456.7 909.3 624.0 850.2 583.6 wheat 0
623.4 638.0 676.9 667.2 586.3 833.1 532.7 803.9 wheat 0
496.3 629.0 557.3 629.0 557.3 793.0 496.3 793.0 wheat 0
576.3 658.3 833.7 737.9 816.3 794.0 558.9 714.4 wheat 0
823.6 866.3 625.6 950.1 596.7 881.6 794.7 797.9 wheat 0
347.4 631.4 389.5 666.8 252.2 829.7 210.2 794.3 wheat 0
225.3 820.3 180.3 877.0 70.6 790.0 115.6 733.3 wheat 0
298.8 261.4 185.1 296.6 170.9 250.7 284.6 215.5 wheat 0
344.3 139.0 431.3 139.0 431.3 217.0 344.3 217.0 wheat 0
218.9 105.6 294.4 137.5 259.8 219.5 184.2 187.6 wheat 0
50.6 -3.4 125.2 4.0 113.0 125.4 38.4 118.0 wheat 0
892.0 765.8 1019.0 778.6 1012.4 844.9 885.3 832.1 wheat 0
285.6 902.9 280.3 961.0 4.1 935.9 9.3 877.8 wheat 0
424.1 871.9 484.2 890.5 455.6 983.2 395.4 964.6 wheat 0
1021.0 90.8 853.2 107.7 848.3 58.6 1016.1 41.7 wheat 0
