757.9 574.2 587.9 626.8 572.1 575.8 742.2 523.1 wheat 0
866.9 702.2 808.5 734.1 723.0 577.6 781.5 545.7 wheat 0
948.9 827.2 873.2 859.2 853.8 813.4 929.6 781.4 wheat 0
791.0 873.0 877.4 899.8 859.9 956.2 773.5 929.5 wheat 0
816.3 929.6 917.1 950.1 905.9 1005.2 805.1 984.8 wheat 0
513.9 645.2 339.8 699.1 319.3 632.6 493.4 578.7 wheat 0
488.9 592.2 426.3 626.4 316.1 424.6 378.7 390.4 wheat 0
194.1 394.8 376.1 451.1 359.9 503.2 178.0 446.9 wheat 0
209.6 295.8 438.9 318.8 431.9 388.2 202.7 365.2 wheat 0
648.0 230.6 766.6 330.4 731.5 372.1 612.9 272.2 wheat 0
733.2 60.6 845.8 108.2 825.9 155.2 713.3 107.6 wheat 0
237.5 140.9 391.9 225.2 362.7 278.8 208.3 194.4 wheat 0
102.2 527.8 218.9 577.2 194.5 635.0 77.7 585.7 wheat 0
