934.6 947.2 981.6 979.4 957.9 1014.0 910.9 981.9 wheat 0
895.3 702.2 861.2 716.6 849.2 688.0 883.2 673.6 wheat 0
959.8 601.7 1001.9 605.9 990.7 717.6 948.6 713.4 wheat 0
960.2 652.6 926.5 680.9 905.3 655.7 938.9 627.3 wheat 0
907.3 415.5 1023.7 495.2 996.7 534.6 880.3 454.9 wheat 0
866.7 511.5 911.3 542.0 884.8 580.8 840.2 550.3 wheat 0
919.7 538.9 947.2 557.7 928.7 584.6 901.3 565.8 wheat 0
886.6 319.4 950.7 385.5 918.7 416.6 854.6 350.5 wheat 0
947.7 369.8 912.7 380.6 872.0 249.0 907.0 238.1 wheat 0
774.3 183.4 827.2 199.8 821.7 217.6 768.8 201.2 wheat 0
962.6 105.5 1006.0 123.8 999.7 138.6 956.4 120.3 wheat 0
1023.8 223.9 998.7 237.6 982.2 207.3 1007.3 193.6 wheat 0
811.8 420.6 855.7 434.2 845.7 466.7 801.7 453.1 wheat 0
807.7 455.3 862.0 511.3 839.8 532.9 785.4 476.9 wheat 0
750.8 503.1 799.8 513.0 790.7 558.1 741.7 548.2 wheat 0
776.8 461.8 750.7 488.6 716.2 455.1 742.3 428.2 wheat 0
673.4 521.4 744.2 528.5 741.7 552.6 671.0 545.5 wheat 0
702.3 849.1 762.5 890.4 742.2 920.1 681.9 878.9 wheat 0
703.7 763.6 659.2 787.9 604.7 688.0 649.2 663.7 wheat 0
586.4 384.7 699.8 446.6 680.7 481.6 567.3 419.7 wheat 0
735.0 176.4 715.7 192.6 678.0 147.8 697.3 131.5 wheat 0
522.2 2.6 598.2 54.6 579.7 81.6 503.7 29.6 wheat 0
465.7 253.6 510.7 278.2 495.7 305.6 450.7 281.0 wheat 0
520.3 496.7 599.9 504.7 597.2 531.5 517.6 523.6 wheat 0
585.4 461.9 620.9 486.2 605.1 509.3 569.6 485.0 wheat 0
476.3 646.5 568.8 685.6 555.7 716.6 463.2 677.5 wheat 0
443.8 666.4 541.0 686.1 532.7 726.6 435.6 706.9 wheat 0
593.9 824.7 558.9 839.4 533.6 779.6 568.6 764.8 wheat 0
609.7 899.6 571.5 903.5 564.6 834.9 602.9 831.1 wheat 0
463.4 677.1 439.5 693.5 405.0 643.1 429.0 626.8 wheat 0
307.7 773.6 356.7 773.6 356.7 866.6 307.7 866.6 wheat 0
423.7 946.6 457.7 946.6 457.7 979.6 423.7 979.6 wheat 0
303.7 830.6 237.3 837.3 234.7 811.1 301.1 804.5 wheat 0
148.9 851.7 228.5 859.7 224.6 898.5 145.0 890.5 wheat 0
199.4 803.3 107.7 831.6 96.7 796.0 188.4 767.6 wheat 0
318.6 544.8 261.6 575.9 243.8 543.5 300.9 512.3 wheat 0
281.9 583.7 205.3 591.4 202.5 563.5 279.1 555.8 wheat 0
186.3 682.8 91.8 692.3 88.1 655.4 182.7 646.0 wheat 0
167.7 993.6 238.7 993.6 238.7 1022.6 167.7 1022.6 wheat 0
39.1 946.5 125.1 993.5 106.4 1027.7 20.4 980.7 wheat 0
125.6 499.9 182.3 505.5 178.9 539.4 122.2 533.7 wheat 0
245.7 256.6 282.7 256.6 282.7 278.6 245.7 278.6 wheat 0
112.8 18.4 174.0 51.8 157.7 81.6 96.5 48.2 wheat 0
142.9 206.1 185.0 241.5 167.6 262.2 125.5 226.7 wheat 0
85.7 203.6 143.7 203.6 143.7 241.6 85.7 241.6 wheat 0
0.7 288.6 90.7 288.6 90.7 332.6 0.7 332.6 wheat 0
122.8 400.4 158.7 430.7 131.7 462.8 95.7 432.5 wheat 0
66.7 454.6 42.3 471.3 5.2 417.2 29.7 400.5 wheat 0
583.5 286.7 552.1 308.2 538.0 287.5 569.4 266.1 wheat 0
441.7 764.6 463.7 764.6 463.7 794.6 441.7 794.6 wheat 0
280.6 882.7 319.4 886.6 317.8 902.5 279.0 898.6 wheat 0
