845.1 365.5 770.8 396.9 725.9 290.6 800.1 259.2 wheat 0
775.1 489.5 707.2 510.5 675.6 408.1 743.4 387.2 wheat 0
722.1 699.5 653.8 720.6 622.3 618.8 690.6 597.7 wheat 0
699.1 957.5 625.6 980.2 590.9 868.1 664.4 845.3 wheat 0
378.1 830.5 284.1 870.2 256.4 804.7 350.4 765.0 wheat 0
395.1 308.5 288.5 353.6 263.1 293.4 369.6 248.4 wheat 0
233.1 434.5 141.1 473.4 100.9 378.3 192.9 339.4 wheat 0
962.1 468.5 890.1 507.8 821.9 383.0 893.9 343.7 wheat 0
951.1 176.5 874.0 200.3 851.2 126.6 928.3 102.8 wheat 0
333.1 215.5 249.7 223.9 242.3 150.2 325.7 141.8 wheat 0
106.1 179.5 23.7 196.2 1.6 87.4 84.0 70.7 wheat 0
227.1 105.5 144.3 122.3 124.2 23.4 207.0 6.7 wheat 0
933.1 1001.5 880.6 1012.2 853.0 876.3 905.5 865.6 wheat 0
868.1 1016.5 794.6 1023.9 787.0 948.4 860.5 941.0 wheat 0
