607.7 816.6 544.1 823.0 528.1 663.4 591.7 657.1 wheat 0
741.9 584.2 795.3 629.2 726.7 710.6 673.3 665.6 wheat 0
904.5 709.8 966.1 735.9 935.7 807.6 874.2 781.6 wheat 0
923.6 814.7 955.7 841.8 913.9 891.5 881.7 864.4 wheat 0
772.7 956.6 837.8 956.6 837.8 1024.0 772.7 1024.0 wheat 0
532.5 820.5 604.4 881.0 570.9 920.8 499.0 860.2 wheat 0
369.6 922.1 424.7 991.6 385.0 1023.1 329.9 953.6 wheat 0
159.8 885.1 278.4 909.1 267.7 961.6 149.2 937.6 wheat 0
236.1 725.7 368.1 781.5 350.7 822.6 218.7 766.8 wheat 0
267.7 834.6 235.7 841.1 222.6 776.9 254.7 770.4 wheat 0
111.3 663.7 168.0 675.2 139.7 814.6 83.0 803.1 wheat 0
206.7 632.6 155.6 667.6 88.6 569.7 139.8 534.7 wheat 0
220.9 477.2 294.5 484.6 284.6 584.1 210.9 576.7 wheat 0
470.7 369.2 549.7 450.6 511.6 487.7 432.5 406.3 wheat 0
323.2 243.9 392.7 331.6 340.3 373.2 270.7 285.5 wheat 0
129.7 352.4 86.7 365.7 78.8 339.9 121.7 326.6 wheat 0
76.8 82.2 172.1 134.3 145.7 182.6 50.4 130.5 wheat 0
434.7 118.6 384.2 153.2 314.8 51.6 365.3 17.1 wheat 0
434.3 250.7 398.0 275.6 369.2 233.5 405.5 208.6 wheat 0
434.7 166.6 465.7 166.6 465.7 221.6 434.7 221.6 wheat 0
526.6 181.3 590.7 247.3 544.8 291.9 480.7 225.9 wheat 0
562.1 68.9 516.5 93.9 483.4 33.3 529.0 8.4 wheat 0
622.7 270.1 646.4 294.5 614.8 325.1 591.1 300.7 wheat 0
725.7 263.6 837.7 263.6 837.7 329.6 725.7 329.6 wheat 0
756.0 360.6 819.8 380.3 806.7 422.6 742.9 402.9 wheat 0
807.4 334.4 922.0 357.7 913.1 401.8 798.4 378.5 wheat 0
1023.7 232.6 891.6 259.4 878.8 196.5 1011.0 169.7 wheat 0
813.3 65.7 912.8 75.7 908.2 121.5 808.7 111.5 wheat 0
716.5 50.7 760.6 55.1 756.7 93.6 712.6 89.2 wheat 0
707.7 0.6 832.7 0.6 832.7 36.6 707.7 36.6 wheat 0
