562.7 306.6 611.7 306.6 611.7 382.6 562.7 382.6 wheat 0
734.4 622.9 699.4 637.7 667.1 561.3 702.1 546.5 wheat 0
598.7 631.6 636.7 631.6 636.7 674.6 598.7 674.6 wheat 0
652.7 660.6 680.7 660.6 680.7 730.6 652.7 730.6 wheat 0
878.7 708.6 907.7 708.6 907.7 749.6 878.7 749.6 wheat 0
951.9 688.7 977.1 710.0 934.6 760.5 909.4 739.2 wheat 0
867.9 834.6 830.9 872.6 816.6 858.7 853.5 820.6 wheat 0
914.8 984.9 827.8 1011.7 823.7 998.4 910.6 971.5 wheat 0
1024.4 868.9 971.7 897.7 961.6 879.3 1014.3 850.5 wheat 0
654.6 456.3 606.0 517.5 576.2 493.8 624.7 432.6 wheat 0
741.4 481.0 714.2 534.5 682.1 518.2 709.3 464.7 wheat 0
649.7 808.6 691.7 808.6 691.7 851.6 649.7 851.6 wheat 0
633.2 842.1 582.2 852.4 574.3 813.2 625.2 802.8 wheat 0
818.4 907.2 845.6 922.0 822.1 965.0 794.9 950.2 wheat 0
