392.1 59.1 528.1 59.1 528.1 114.1 392.1 114.1 wheat 0
389.1 246.1 501.1 246.1 501.1 338.1 389.1 338.1 wheat 0
367.1 418.1 502.1 418.1 502.1 497.1 367.1 497.1 wheat 0
254.1 414.1 380.1 414.1 380.1 498.1 254.1 498.1 wheat 0
34.1 366.1 99.1 366.1 99.1 438.1 34.1 438.1 wheat 0
532.1 437.1 612.1 437.1 612.1 547.1 532.1 547.1 wheat 0
567.1 296.1 632.1 296.1 632.1 410.1 567.1 410.1 wheat 0
660.1 535.1 775.1 535.1 775.1 603.1 660.1 603.1 wheat 0
706.0 778.8 654.4 832.0 572.1 752.1 623.7 699.0 wheat 0
466.1 792.1 553.1 792.1 553.1 914.1 466.1 914.1 wheat 0
892.1 74.1 958.1 74.1 958.1 139.1 892.1 139.1 wheat 0
82.1 105.1 173.1 105.1 173.1 175.1 82.1 175.1 wheat 0
70.1 861.1 160.1 861.1 160.1 897.1 70.1 897.1 wheat 0
26.1 810.1 85.1 810.1 85.1 892.1 26.1 892.1 wheat 0
599.1 883.1 675.1 883.1 675.1 943.1 599.1 943.1 wheat 0
809.1 815.1 880.1 815.1 880.1 905.1 809.1 905.1 wheat 0
884.1 900.1 935.1 900.1 935.1 978.1 884.1 978.1 wheat 0
807.1 491.1 866.1 491.1 866.1 564.1 807.1 564.1 wheat 0
905.1 553.1 971.1 553.1 971.1 600.1 905.1 600.1 wheat 0
123.1 480.1 208.1 480.1 208.1 553.1 123.1 553.1 wheat 0
337.1 530.1 403.1 530.1 403.1 595.1 337.1 595.1 wheat 0
535.1 538.1 620.1 538.1 620.1 598.1 535.1 598.1 wheat 0
754.1 641.1 818.1 641.1 818.1 695.1 754.1 695.1 wheat 0
848.1 618.1 908.1 618.1 908.1 663.1 848.1 663.1 wheat 0
900.1 650.1 970.1 650.1 970.1 702.1 900.1 702.1 wheat 0
554.1 959.1 765.6 959.1 765.6 1024.0 554.1 1024.0 wheat 0
647.7 421.5 698.0 431.7 684.6 497.5 634.4 487.3 wheat 0
