180.7 316.6 146.0 323.7 129.2 240.9 164.0 233.8 wheat 0
180.9 69.4 145.7 105.6 75.8 37.7 111.1 1.5 wheat 0
80.0 634.9 32.9 644.4 13.5 548.4 60.5 538.8 wheat 0
72.4 605.0 125.1 610.3 122.1 640.2 69.4 634.9 wheat 0
143.1 313.4 185.3 317.7 165.7 512.6 123.5 508.4 wheat 0
304.7 671.6 266.5 690.1 139.1 426.2 177.3 407.8 wheat 0
340.7 543.6 260.1 568.6 244.8 519.2 325.5 494.3 wheat 0
360.7 547.6 318.6 556.2 281.2 371.9 323.4 363.3 wheat 0
76.4 359.4 111.0 383.1 81.1 426.8 46.4 403.1 wheat 0
162.6 701.2 136.9 727.8 93.8 686.0 119.6 659.4 wheat 0
288.0 653.7 332.4 684.0 254.7 797.6 210.3 767.2 wheat 0
448.7 955.6 411.5 987.0 263.5 811.3 300.8 779.9 wheat 0
438.7 906.6 403.9 910.1 393.8 809.6 428.6 806.1 wheat 0
400.7 539.6 439.7 539.6 439.7 574.6 400.7 574.6 wheat 0
441.1 553.8 490.6 558.7 473.7 726.6 424.3 721.7 wheat 0
593.7 730.6 542.1 748.9 438.4 455.6 490.0 437.4 wheat 0
712.7 1014.6 648.5 1022.4 605.6 666.7 669.9 659.0 wheat 0
599.7 899.6 641.7 899.6 641.7 1017.6 599.7 1017.6 wheat 0
651.9 625.6 751.4 667.7 731.5 714.6 632.1 672.6 wheat 0
707.5 874.9 738.0 884.3 712.0 968.4 681.4 958.9 wheat 0
809.7 694.6 849.7 694.6 849.7 770.6 809.7 770.6 wheat 0
929.7 641.1 993.4 654.0 934.8 943.1 871.1 930.2 wheat 0
605.0 586.2 550.3 591.7 525.4 344.0 580.2 338.5 wheat 0
447.4 352.2 604.2 459.5 574.5 502.9 417.7 395.6 wheat 0
580.7 321.6 542.0 333.6 526.7 284.3 565.5 272.3 wheat 0
585.7 280.6 541.5 299.3 495.4 190.3 539.6 171.6 wheat 0
637.5 261.0 672.4 304.9 579.9 378.2 545.1 334.4 wheat 0
600.9 221.2 641.1 229.4 627.6 296.0 587.4 287.9 wheat 0
748.7 355.6 712.7 375.3 555.5 87.6 591.6 67.9 wheat 0
827.0 3.7 882.9 21.0 813.7 244.6 757.8 227.3 wheat 0
837.1 357.8 792.0 366.9 766.4 240.5 811.5 231.3 wheat 0
954.7 407.6 907.2 422.3 827.8 165.4 875.3 150.7 wheat 0
924.7 126.6 970.7 126.6 970.7 322.6 924.7 322.6 wheat 0
998.7 310.6 958.3 323.1 882.1 76.7 922.5 64.2 wheat 0
952.7 4.6 996.7 4.6 996.7 197.6 952.7 197.6 wheat 0
863.0 352.1 890.8 380.8 820.5 449.1 792.7 420.4 wheat 0
588.7 419.6 679.7 419.6 679.7 463.6 588.7 463.6 wheat 0
585.7 382.6 636.7 382.6 636.7 420.6 585.7 420.6 wheat 0
724.1 465.1 795.7 479.6 784.7 533.6 713.2 519.1 wheat 0
871.4 635.0 828.6 639.3 809.1 445.2 851.9 441.0 wheat 0
977.7 564.6 1023.7 611.9 949.8 683.7 903.8 636.3 wheat 0
660.8 632.7 627.8 655.3 578.7 583.5 611.7 560.9 wheat 0
