736.5 573.8 781.6 604.7 720.7 693.6 675.7 662.8 wheat 0
714.3 669.9 775.9 721.8 734.7 770.6 673.1 718.7 wheat 0
572.7 687.6 680.7 687.6 680.7 756.6 572.7 756.6 wheat 0
549.1 730.7 632.0 765.7 606.3 826.5 523.4 791.5 wheat 0
430.7 825.5 496.4 832.1 488.8 907.7 423.1 901.1 wheat 0
603.6 845.8 724.5 883.2 710.7 927.6 589.9 890.2 wheat 0
787.2 938.6 730.5 944.3 723.3 872.6 780.0 867.0 wheat 0
922.9 895.7 847.3 903.3 842.5 855.5 918.2 847.9 wheat 0
721.6 925.9 763.8 954.8 716.7 1023.6 674.5 994.8 wheat 0
523.0 960.5 435.5 1020.3 408.4 980.7 495.9 920.9 wheat 0
211.4 692.5 313.0 762.0 283.0 805.7 181.5 736.3 wheat 0
484.8 741.5 438.2 766.9 403.7 703.7 450.2 678.3 wheat 0
452.7 669.6 399.4 698.8 331.7 574.8 385.0 545.7 wheat 0
421.0 391.9 491.1 439.9 463.5 480.3 393.3 432.3 wheat 0
512.3 446.0 542.1 476.7 490.7 526.6 460.9 495.9 wheat 0
582.1 415.6 652.3 463.6 626.3 501.6 556.2 453.6 wheat 0
723.3 575.1 667.1 605.8 642.2 560.1 698.4 529.5 wheat 0
928.1 546.7 838.6 595.6 819.4 560.5 908.9 511.6 wheat 0
907.0 541.8 950.6 578.6 925.5 608.4 881.9 571.7 wheat 0
895.7 515.1 862.8 542.8 842.8 519.1 875.7 491.4 wheat 0
944.2 684.8 999.5 715.0 958.3 790.5 903.0 760.2 wheat 0
249.9 835.9 183.2 872.3 163.6 836.3 230.3 799.9 wheat 0
149.7 764.2 224.4 795.8 210.7 828.0 136.1 796.5 wheat 0
168.4 849.2 129.2 857.2 121.1 817.0 160.3 809.1 wheat 0
101.3 857.3 194.4 866.7 187.7 932.6 94.6 923.3 wheat 0
284.7 863.6 205.1 945.7 169.0 910.7 248.7 828.6 wheat 0
103.7 699.6 178.7 699.6 178.7 748.6 103.7 748.6 wheat 0
42.7 701.5 89.7 733.7 63.8 771.7 16.7 739.5 wheat 0
106.2 818.1 26.0 842.9 11.2 795.1 91.5 770.3 wheat 0
142.2 571.1 34.4 593.0 23.3 538.1 131.1 516.2 wheat 0
64.7 456.0 118.4 461.4 114.8 498.2 61.0 492.8 wheat 0
192.4 324.9 264.0 339.4 254.0 388.4 182.5 373.9 wheat 0
350.4 391.4 286.0 435.4 265.1 404.9 329.5 360.8 wheat 0
360.4 333.0 416.5 363.6 395.7 401.6 339.6 371.0 wheat 0
179.7 356.6 127.5 378.7 90.5 291.3 142.8 269.1 wheat 0
137.0 245.2 90.0 265.1 65.5 207.0 112.5 187.2 wheat 0
376.1 254.3 342.7 288.7 323.3 269.9 356.8 235.5 wheat 0
561.7 337.6 659.7 337.6 659.7 396.6 561.7 396.6 wheat 0
666.1 327.9 624.9 350.5 590.4 287.3 631.6 264.8 wheat 0
726.3 312.3 671.9 329.1 646.2 246.0 700.6 229.1 wheat 0
803.0 347.8 750.0 358.5 740.5 311.5 793.4 300.7 wheat 0
820.7 282.6 869.7 282.6 869.7 325.6 820.7 325.6 wheat 0
911.3 418.1 861.9 469.0 833.2 441.1 882.6 390.2 wheat 0
933.7 310.6 1009.7 310.6 1009.7 360.6 933.7 360.6 wheat 0
899.9 162.4 957.0 251.4 917.7 276.6 860.6 187.6 wheat 0
746.0 189.4 832.5 198.1 828.5 237.9 742.0 229.2 wheat 0
628.7 265.6 589.0 292.8 532.9 210.8 572.6 183.6 wheat 0
504.2 195.3 558.7 200.8 546.7 319.6 492.2 314.1 wheat 0
489.8 225.5 529.7 266.6 500.4 295.1 460.5 254.0 wheat 0
511.7 86.6 562.7 86.6 562.7 173.6 511.7 173.6 wheat 0
598.6 202.6 553.6 211.7 544.8 168.6 589.9 159.5 wheat 0
353.3 6.8 432.7 88.6 400.8 119.6 321.3 37.8 wheat 0
245.8 71.0 328.7 127.7 302.7 165.6 219.8 108.9 wheat 0
597.9 19.6 675.1 84.6 650.6 113.7 573.4 48.6 wheat 0
742.7 106.6 823.7 106.6 823.7 149.6 742.7 149.6 wheat 0
684.6 10.9 723.9 27.5 705.7 70.6 666.4 54.0 wheat 0
715.7 64.6 755.7 64.6 755.7 110.6 715.7 110.6 wheat 0
991.7 262.6 1024.0 262.6 1024.0 380.3 991.7 380.3 wheat 0
989.7 436.6 1024.0 436.6 1024.0 494.4 989.7 494.4 wheat 0
977.7 89.6 1023.0 89.6 1023.0 188.3 977.7 188.3 wheat 0
982.7 34.6 1024.0 34.6 1024.0 83.8 982.7 83.8 wheat 0
979.6 98.4 942.8 118.5 917.8 72.9 954.7 52.7 wheat 0
201.7 646.6 235.7 646.6 235.7 690.6 201.7 690.6 wheat 0
980.7 949.7 1014.9 973.0 985.7 1015.6 951.6 992.3 wheat 0
