387.0 227.0 347.1 248.8 318.8 197.1 358.7 175.3 wheat 0
432.1 136.7 472.6 153.9 439.9 231.3 399.4 214.1 wheat 0
355.5 134.4 304.5 144.8 296.5 105.6 347.5 95.2 wheat 0
170.0 151.0 124.7 175.7 86.4 105.6 131.7 80.8 wheat 0
136.5 252.6 186.1 257.5 183.0 288.0 133.5 283.0 wheat 0
98.0 333.0 42.2 356.6 24.4 314.7 80.3 291.1 wheat 0
313.7 314.3 365.4 319.5 360.0 373.0 308.3 367.8 wheat 0
337.0 404.0 306.5 416.9 297.1 394.5 327.5 381.6 wheat 0
188.0 404.0 249.3 455.6 221.7 488.4 160.4 436.8 wheat 0
463.2 343.5 535.8 350.7 531.8 390.5 459.2 383.3 wheat 0
593.0 343.0 554.2 346.9 548.1 286.0 586.9 282.1 wheat 0
645.0 164.0 600.9 177.6 579.9 109.6 623.9 95.9 wheat 0
713.0 354.0 676.4 379.0 620.9 297.8 657.5 272.8 wheat 0
641.0 382.7 689.0 403.0 678.7 427.3 630.8 407.0 wheat 0
659.1 407.6 711.0 461.0 689.2 482.2 637.2 428.8 wheat 0
813.0 395.0 764.2 428.4 728.3 375.8 777.0 342.4 wheat 0
724.0 228.0 768.0 228.0 768.0 278.0 724.0 278.0 wheat 0
449.4 40.4 516.3 61.1 506.6 92.6 439.7 71.9 wheat 0
142.0 0.9 179.0 32.0 155.8 59.5 118.8 28.4 wheat 0
522.9 0.4 572.0 51.0 540.9 81.2 491.8 30.6 wheat 0
522.7 525.3 540.6 547.9 480.0 596.0 462.0 573.4 wheat 0
293.0 660.0 220.4 690.7 200.0 642.6 272.7 611.9 wheat 0
317.0 687.0 215.2 745.3 193.5 707.4 295.3 649.1 wheat 0
86.0 587.0 130.0 587.0 130.0 615.0 86.0 615.0 wheat 0
210.2 570.3 187.3 582.8 175.8 561.7 198.7 549.2 wheat 0
79.0 647.9 30.2 668.5 22.0 649.1 70.8 628.5 wheat 0
167.4 836.9 265.0 878.1 246.0 923.0 148.4 881.7 wheat 0
170.0 904.0 142.9 909.5 139.0 890.4 166.1 884.9 wheat 0
1.0 922.0 66.0 922.0 66.0 984.0 1.0 984.0 wheat 0
113.0 996.0 165.1 996.0 165.1 1024.0 113.0 1024.0 wheat 0
346.5 951.9 411.0 996.0 392.0 1023.8 327.5 979.7 wheat 0
633.5 1019.2 578.7 1024.7 575.5 992.8 630.3 987.3 wheat 0
608.3 537.6 645.2 575.6 618.7 601.4 581.8 563.4 wheat 0
723.1 510.4 762.0 537.0 737.6 572.7 698.7 546.1 wheat 0
782.7 651.0 859.0 674.6 844.0 723.0 767.7 699.4 wheat 0
778.7 551.4 866.5 569.2 858.0 611.0 770.2 593.2 wheat 0
896.1 354.7 945.8 359.7 937.9 438.3 888.2 433.3 wheat 0
846.0 501.6 802.2 506.0 796.0 444.4 839.8 440.0 wheat 0
955.1 497.5 903.1 508.0 897.9 482.5 949.9 472.0 wheat 0
1003.4 655.9 930.0 696.0 908.4 656.5 981.8 616.5 wheat 0
874.7 847.2 924.0 898.0 893.1 928.0 843.8 877.2 wheat 0
976.6 847.5 1023.3 879.5 1012.0 896.0 965.2 864.0 wheat 0
1013.4 905.9 980.0 916.2 967.6 876.1 1001.0 865.8 wheat 0
811.2 1008.0 791.9 1018.6 770.8 980.0 790.1 969.4 wheat 0
795.0 1002.0 844.7 1002.0 844.7 1024.0 795.0 1024.0 wheat 0
1023.9 740.1 1002.3 762.4 975.1 735.9 996.7 713.6 wheat 0
988.0 242.0 1024.0 242.0 1024.0 294.5 988.0 294.5 wheat 0
908.0 67.0 948.0 67.0 948.0 155.0 908.0 155.0 wheat 0
981.2 34.2 1018.6 37.9 1008.0 144.0 970.6 140.2 wheat 0
780.7 -2.8 831.6 25.0 815.3 54.8 764.4 27.0 wheat 0
