200.1 214.1 300.1 214.1 300.1 320.1 200.1 320.1 wheat 0
604.6 188.7 778.6 242.5 758.4 307.9 584.4 254.1 wheat 0
546.1 346.1 630.1 346.1 630.1 472.1 546.1 472.1 wheat 0
520.3 461.9 457.5 474.7 420.0 289.6 482.8 276.9 wheat 0
299.3 627.3 241.4 700.2 120.0 603.8 177.8 531.0 wheat 0
65.1 706.1 143.1 706.1 143.1 824.1 65.1 824.1 wheat 0
212.1 742.5 287.6 742.5 287.6 852.1 212.1 852.1 wheat 0
285.1 849.1 346.1 849.1 346.1 931.1 285.1 931.1 wheat 0
791.1 299.5 857.4 327.6 803.2 455.6 736.9 427.6 wheat 0
15.1 381.1 87.1 381.1 87.1 471.1 15.1 471.1 wheat 0
467.1 846.1 526.1 846.1 526.1 957.1 467.1 957.1 wheat 0
417.1 795.1 503.1 795.1 503.1 866.1 417.1 866.1 wheat 0
518.1 729.1 585.1 729.1 585.1 789.1 518.1 789.1 wheat 0
427.1 581.1 503.1 581.1 503.1 668.1 427.1 668.1 wheat 0
603.1 679.1 690.1 679.1 690.1 759.1 603.1 759.1 wheat 0
694.1 782.1 755.1 782.1 755.1 924.1 694.1 924.1 wheat 0
727.1 483.1 810.1 483.1 810.1 614.1 727.1 614.1 wheat 0
866.1 711.1 952.1 711.1 952.1 829.1 866.1 829.1 wheat 0
757.1 563.1 819.1 563.1 819.1 667.1 757.1 667.1 wheat 0
1024.0 381.3 960.1 401.1 894.2 187.8 958.0 168.0 wheat 0
265.6 115.5 364.6 115.5 364.6 172.5 265.6 172.5 wheat 0
