129.1 645.1 203.1 645.1 203.1 741.1 129.1 741.1 wheat 0
173.1 230.1 238.1 230.1 238.1 309.1 173.1 309.1 wheat 0
565.1 436.1 637.1 436.1 637.1 541.1 565.1 541.1 wheat 0
329.1 352.1 398.1 352.1 398.1 455.1 329.1 455.1 wheat 0
588.7 633.6 542.9 672.3 465.5 580.5 511.4 541.9 wheat 0
297.1 677.1 379.1 677.1 379.1 777.1 297.1 777.1 wheat 0
623.1 109.1 687.1 109.1 687.1 233.1 623.1 233.1 wheat 0
29.1 342.1 94.1 342.1 94.1 436.1 29.1 436.1 wheat 0
113.0 435.2 80.7 476.0 0.0 411.9 32.3 371.2 wheat 0
129.1 842.1 199.1 842.1 199.1 925.1 129.1 925.1 wheat 0
690.1 740.1 731.1 740.1 731.1 833.1 690.1 833.1 wheat 0
825.1 606.1 896.1 606.1 896.1 699.1 825.1 699.1 wheat 0
733.1 61.1 815.1 61.1 815.1 165.1 733.1 165.1 wheat 0
396.1 484.1 483.1 484.1 483.1 583.1 396.1 583.1 wheat 0
341.7 392.9 307.5 436.0 209.6 358.3 243.8 315.2 wheat 0
337.1 834.1 408.1 834.1 408.1 916.1 337.1 916.1 wheat 0
495.7 153.8 449.5 185.5 388.5 96.3 434.8 64.7 wheat 0
119.1 107.1 184.1 107.1 184.1 189.1 119.1 189.1 wheat 0
848.1 73.1 907.1 73.1 907.1 180.1 848.1 180.1 wheat 0
911.1 303.1 973.1 303.1 973.1 400.1 911.1 400.1 wheat 0
743.1 215.1 806.1 215.1 806.1 302.1 743.1 302.1 wheat 0
921.1 480.1 974.1 480.1 974.1 561.1 921.1 561.1 wheat 0
726.1 801.1 817.1 801.1 817.1 896.1 726.1 896.1 wheat 0
322.7 166.2 279.1 211.1 183.6 118.3 227.2 73.5 wheat 0
141.1 775.1 211.1 775.1 211.1 850.1 141.1 850.1 wheat 0
197.1 725.1 252.1 725.1 252.1 788.1 197.1 788.1 wheat 0
901.6 429.2 865.4 466.5 788.7 392.0 824.9 354.7 wheat 0
10.1 236.1 78.1 236.1 78.1 344.1 10.1 344.1 wheat 0
592.8 167.1 549.2 203.8 474.5 115.1 518.1 78.4 wheat 0
551.1 155.1 607.1 155.1 607.1 238.1 551.1 238.1 wheat 0
654.5 100.5 618.9 137.1 522.8 43.7 558.3 7.1 wheat 0
29.1 106.1 102.1 106.1 102.1 187.1 29.1 187.1 wheat 0
-0.0 65.5 42.1 65.5 42.1 163.1 -0.0 163.1 wheat 0
925.1 587.3 903.9 613.9 823.2 549.9 844.4 523.2 wheat 0
945.1 581.1 1001.1 581.1 1001.1 642.1 945.1 642.1 wheat 0
626.1 418.1 694.1 418.1 694.1 481.1 626.1 481.1 wheat 0
437.7 729.3 396.1 772.1 294.7 673.5 336.2 630.8 wheat 0
416.1 686.1 474.1 686.1 474.1 774.1 416.1 774.1 wheat 0
395.8 860.3 353.7 895.7 265.5 790.9 307.6 755.5 wheat 0
450.5 174.7 419.2 207.0 318.8 109.4 350.1 77.2 wheat 0
221.1 23.1 285.1 23.1 285.1 119.1 221.1 119.1 wheat 0
818.1 830.1 881.1 830.1 881.1 916.1 818.1 916.1 wheat 0
890.1 895.1 952.1 895.1 952.1 959.1 890.1 959.1 wheat 0
863.1 684.1 917.1 684.1 917.1 764.1 863.1 764.1 wheat 0
