259.9 567.2 184.4 574.8 174.9 480.3 250.5 472.7 wheat 0
0.0 0.0 92.9 0.0 92.9 114.2 0.0 114.2 wheat 0
283.9 526.2 360.9 526.2 360.9 608.2 283.9 608.2 wheat 0
795.9 530.2 763.4 613.9 594.3 548.2 626.8 464.5 wheat 0
603.9 234.2 669.9 234.2 669.9 341.2 603.9 341.2 wheat 0
559.9 107.7 609.6 123.1 594.0 173.7 544.3 158.3 wheat 0
765.9 171.2 686.1 238.5 653.0 199.2 732.9 131.9 wheat 0
875.9 146.6 968.9 210.2 931.9 264.2 839.0 200.6 wheat 0
707.0 250.0 812.8 260.6 804.9 339.2 699.1 328.6 wheat 0
806.1 338.7 904.1 358.6 889.9 428.2 792.0 408.4 wheat 0
834.9 503.2 767.5 516.9 744.6 404.2 812.1 390.5 wheat 0
539.9 543.2 619.9 543.2 619.9 618.2 539.9 618.2 wheat 0
627.5 592.5 693.1 612.8 662.9 710.2 597.4 689.9 wheat 0
635.9 827.2 558.7 859.9 514.7 755.8 592.0 723.2 wheat 0
787.9 758.2 696.1 776.8 682.6 710.3 774.5 691.7 wheat 0
925.9 940.2 811.5 951.7 804.1 877.9 918.5 866.4 wheat 0
655.8 973.7 569.3 982.4 563.1 920.7 649.6 912.0 wheat 0
384.5 819.8 468.0 828.2 457.9 928.2 374.5 919.8 wheat 0
251.9 679.2 316.9 679.2 316.9 837.2 251.9 837.2 wheat 0
373.9 681.2 305.2 710.3 257.0 596.2 325.7 567.2 wheat 0
166.9 975.2 79.3 1023.1 47.4 964.7 135.1 916.9 wheat 0
37.9 164.2 150.0 225.4 113.7 292.0 1.6 230.8 wheat 0
