284.2 489.6 249.9 496.5 238.2 438.7 272.5 431.7 wheat 0
228.2 324.3 295.9 370.6 277.3 397.9 209.6 351.6 wheat 0
904.7 955.6 944.7 955.6 944.7 1023.0 904.7 1023.0 wheat 0
953.0 854.9 1007.2 877.8 993.7 909.6 939.5 886.7 wheat 0
978.2 815.2 948.4 831.5 915.3 771.0 945.1 754.7 wheat 0
921.7 822.6 1005.7 822.6 1005.7 856.6 921.7 856.6 wheat 0
778.6 675.4 854.1 716.7 834.9 751.8 759.4 710.6 wheat 0
743.7 795.6 688.9 812.6 668.9 748.0 723.7 731.0 wheat 0
706.1 757.6 672.4 792.4 590.0 712.4 623.7 677.6 wheat 0
500.9 596.7 619.7 647.0 607.6 675.5 488.8 625.3 wheat 0
486.7 575.6 549.7 575.6 549.7 626.6 486.7 626.6 wheat 0
541.5 805.6 566.0 810.5 557.0 854.7 532.5 849.7 wheat 0
776.4 449.3 806.8 455.4 792.1 528.0 761.7 521.8 wheat 0
849.7 473.5 884.7 509.6 836.7 556.2 801.7 520.1 wheat 0
944.5 378.4 1011.7 447.6 963.6 494.4 896.3 425.1 wheat 0
684.7 430.6 657.7 453.4 600.4 385.4 627.4 362.6 wheat 0
642.7 267.6 666.7 267.6 666.7 310.6 642.7 310.6 wheat 0
766.5 260.3 802.0 263.9 795.7 326.6 760.2 323.1 wheat 0
741.2 137.9 777.9 184.1 750.7 205.6 714.1 159.4 wheat 0
883.7 141.6 828.9 158.6 788.0 26.3 842.8 9.3 wheat 0
993.7 244.6 1020.7 244.6 1020.7 278.6 993.7 278.6 wheat 0
974.6 386.6 1017.7 395.3 1010.9 428.6 967.8 419.9 wheat 0
681.8 151.4 652.2 160.6 630.6 90.8 660.3 81.7 wheat 0
402.7 142.6 376.0 165.1 305.6 81.6 332.3 59.0 wheat 0
476.0 160.8 444.7 174.1 413.5 100.4 444.8 87.2 wheat 0
405.7 58.6 369.9 73.8 345.8 16.9 381.7 1.8 wheat 0
568.4 41.2 528.7 74.6 497.0 36.9 536.7 3.5 wheat 0
196.7 30.6 236.7 30.6 236.7 98.6 196.7 98.6 wheat 0
215.7 477.6 196.9 501.4 114.4 435.9 133.2 412.1 wheat 0
374.5 591.0 343.0 600.7 319.9 526.2 351.5 516.5 wheat 0
355.7 484.2 461.0 528.7 446.0 564.3 340.6 519.8 wheat 0
245.7 538.6 136.8 549.5 132.5 506.3 241.4 495.4 wheat 0
180.7 606.6 151.2 631.5 90.8 559.8 120.4 535.0 wheat 0
161.8 634.1 184.0 652.8 146.6 697.1 124.5 678.5 wheat 0
268.6 691.2 372.7 778.8 348.8 807.1 244.8 719.5 wheat 0
442.3 667.3 472.5 670.3 461.7 777.6 431.5 774.6 wheat 0
421.0 730.7 399.6 748.8 356.4 697.5 377.9 679.5 wheat 0
501.8 788.9 544.6 797.6 522.7 905.6 479.9 896.9 wheat 0
409.7 841.6 473.7 841.6 473.7 893.6 409.7 893.6 wheat 0
298.0 820.2 273.7 840.6 219.6 776.4 243.9 755.9 wheat 0
377.1 864.8 417.1 906.0 393.7 928.6 353.8 887.5 wheat 0
163.8 807.0 207.8 862.5 188.7 877.6 144.7 822.2 wheat 0
104.7 729.6 87.3 744.3 48.5 698.2 65.9 683.5 wheat 0
114.7 955.6 59.7 961.1 56.8 932.6 111.9 927.0 wheat 0
512.8 891.9 547.5 902.6 518.7 995.6 484.1 984.9 wheat 0
373.6 220.7 331.4 229.3 318.9 167.5 361.0 159.0 wheat 0
146.6 116.9 118.7 145.6 38.6 67.7 66.5 39.0 wheat 0
58.0 1.6 157.1 85.1 134.7 111.6 35.7 28.2 wheat 0
107.1 433.0 76.7 458.6 3.3 371.4 33.7 345.8 wheat 0
23.9 75.6 78.7 105.6 60.3 139.3 5.4 109.3 wheat 0
410.5 961.4 391.4 977.6 357.9 937.8 377.0 921.7 wheat 0
