419.2 465.4 597.0 483.3 591.1 542.5 413.2 524.7 wheat 0
812.1 497.5 719.2 516.3 709.8 469.6 802.6 450.8 wheat 0
833.1 429.5 797.2 454.0 742.4 373.8 778.2 349.3 wheat 0
784.1 195.5 750.9 223.5 651.4 105.4 684.6 77.5 wheat 0
790.1 0.0 839.1 0.0 839.1 92.5 790.1 92.5 wheat 0
174.0 274.3 265.1 302.5 255.1 334.8 164.0 306.6 wheat 0
303.4 415.5 394.1 477.5 366.1 518.4 275.4 456.4 wheat 0
239.0 356.7 297.1 362.5 293.1 401.8 235.0 396.0 wheat 0
118.2 372.1 219.1 392.5 210.6 434.1 109.7 413.7 wheat 0
90.1 334.5 136.1 334.5 136.1 388.5 90.1 388.5 wheat 0
100.6 304.0 168.1 332.5 152.4 369.5 85.0 341.0 wheat 0
231.1 491.5 153.7 515.4 135.7 457.0 213.0 433.1 wheat 0
273.1 524.5 228.6 529.0 222.7 469.5 267.1 465.1 wheat 0
219.2 516.4 281.1 542.5 266.4 577.1 204.6 551.0 wheat 0
137.1 551.5 199.1 551.5 199.1 616.5 137.1 616.5 wheat 0
625.1 649.5 584.1 677.5 525.9 592.5 566.9 564.4 wheat 0
624.3 593.0 758.1 649.5 742.1 687.4 608.3 630.8 wheat 0
774.1 608.5 653.5 620.6 649.3 578.2 769.8 566.1 wheat 0
856.8 500.1 1023.3 570.4 1005.1 613.5 838.6 543.1 wheat 0
550.1 168.5 485.1 188.6 469.8 139.0 534.7 118.9 wheat 0
448.1 243.5 411.6 274.2 371.2 226.3 407.7 195.5 wheat 0
336.9 382.2 418.1 416.5 403.5 451.0 322.3 416.7 wheat 0
478.1 409.5 442.4 424.6 419.4 370.3 455.1 355.2 wheat 0
589.1 127.1 548.1 149.5 481.2 27.2 522.2 4.8 wheat 0
447.5 67.6 548.1 122.5 529.3 156.9 428.8 102.0 wheat 0
230.6 68.0 342.1 102.5 329.0 144.8 217.5 110.3 wheat 0
729.1 735.8 809.1 790.5 787.0 822.7 707.1 768.0 wheat 0
838.5 794.4 905.1 822.5 890.7 856.4 824.2 828.3 wheat 0
901.1 894.5 817.7 902.9 812.5 851.0 895.9 842.6 wheat 0
888.1 890.5 920.1 890.5 920.1 934.5 888.1 934.5 wheat 0
949.1 889.5 989.1 889.5 989.1 940.5 949.1 940.5 wheat 0
943.1 946.5 987.1 946.5 987.1 989.5 943.1 989.5 wheat 0
691.1 848.5 747.1 848.5 747.1 928.5 691.1 928.5 wheat 0
574.3 905.9 651.1 921.5 643.0 961.4 566.2 945.8 wheat 0
593.1 889.5 528.3 896.0 521.0 822.3 585.7 815.8 wheat 0
372.7 803.8 459.1 812.5 455.1 852.4 368.7 843.7 wheat 0
209.8 841.8 302.1 919.5 276.9 949.4 184.7 871.7 wheat 0
341.1 940.0 401.1 958.5 389.5 995.8 329.6 977.3 wheat 0
128.6 698.0 204.1 761.5 176.5 794.2 101.1 730.6 wheat 0
629.1 332.5 586.4 336.8 579.4 267.4 622.1 263.1 wheat 0
613.0 319.6 731.1 369.5 717.8 400.8 599.8 350.9 wheat 0
