311.7 626.6 240.5 633.8 237.0 598.0 308.1 590.8 wheat 0
354.2 640.5 417.9 646.9 415.2 673.7 351.5 667.4 wheat 0
642.3 650.2 743.6 670.8 735.7 709.6 634.4 689.1 wheat 0
907.5 592.6 942.5 596.1 934.7 673.6 899.7 670.1 wheat 0
797.8 806.3 733.1 812.8 730.7 788.9 795.4 782.4 wheat 0
391.6 855.0 345.7 893.6 322.0 865.5 367.9 826.8 wheat 0
102.7 793.6 116.7 793.6 116.7 830.6 102.7 830.6 wheat 0
540.7 985.6 518.4 987.9 514.6 950.1 536.9 947.8 wheat 0
859.7 877.6 891.7 877.6 891.7 947.6 859.7 947.6 wheat 0
720.1 839.0 676.5 875.7 658.4 854.3 702.0 817.5 wheat 0
861.8 416.8 894.2 423.4 884.6 470.4 852.3 463.9 wheat 0
837.8 511.1 783.7 540.6 758.0 493.5 812.1 464.0 wheat 0
737.3 393.3 665.3 432.6 644.2 394.0 716.2 354.7 wheat 0
455.0 213.0 509.7 218.5 505.5 260.3 450.8 254.8 wheat 0
512.7 227.6 555.7 227.6 555.7 256.6 512.7 256.6 wheat 0
346.4 65.0 411.4 100.4 395.1 130.3 330.1 94.8 wheat 0
337.5 111.4 396.7 129.7 384.0 170.8 324.8 152.5 wheat 0
708.3 102.6 770.0 108.8 767.2 136.6 705.5 130.5 wheat 0
967.2 144.1 906.4 156.5 900.3 126.1 961.0 113.8 wheat 0
475.9 20.5 534.8 45.4 521.6 76.7 462.6 51.8 wheat 0
256.7 8.6 320.7 8.6 320.7 34.6 256.7 34.6 wheat 0
128.7 10.8 190.7 44.6 173.7 75.6 111.8 41.8 wheat 0
352.7 306.6 414.7 306.6 414.7 337.6 352.7 337.6 wheat 0
393.7 371.7 454.4 377.8 450.8 413.6 390.1 407.5 wheat 0
115.5 392.9 145.6 399.0 135.7 447.6 105.7 441.5 wheat 0
987.3 929.0 958.4 944.8 929.1 891.3 958.1 875.4 wheat 0
273.7 640.6 349.7 640.6 349.7 681.6 273.7 681.6 wheat 0
964.8 159.6 993.8 184.1 948.7 237.6 919.7 213.1 wheat 0
1020.6 162.3 996.7 172.5 974.9 120.9 998.8 110.8 wheat 0
