538.2 571.3 571.7 581.6 540.7 681.6 507.3 671.3 wheat 0
408.3 921.7 319.2 1013.5 281.1 976.6 370.3 884.7 wheat 0
335.7 824.8 214.7 926.6 194.6 902.7 315.5 800.9 wheat 0
387.5 827.2 413.0 841.1 401.0 863.0 375.5 849.1 wheat 0
591.6 691.3 621.1 703.8 591.9 772.9 562.4 760.4 wheat 0
600.0 588.4 635.0 591.9 628.7 654.6 593.7 651.1 wheat 0
973.0 719.9 1011.2 736.0 932.7 921.6 894.6 905.5 wheat 0
877.6 764.8 792.0 801.0 774.8 760.5 860.5 724.2 wheat 0
787.7 808.6 822.7 808.6 822.7 878.6 787.7 878.6 wheat 0
813.3 696.6 776.0 708.1 759.2 653.7 796.4 642.1 wheat 0
680.5 577.4 728.8 652.5 689.7 677.6 641.5 602.5 wheat 0
753.3 354.2 804.2 397.0 776.7 429.6 725.9 386.8 wheat 0
322.7 462.6 355.7 462.6 355.7 604.6 322.7 604.6 wheat 0
371.3 446.5 419.5 472.9 403.2 502.7 355.0 476.4 wheat 0
369.5 182.7 405.7 190.0 391.0 262.6 354.8 255.2 wheat 0
402.9 258.6 475.4 273.3 468.6 306.6 396.1 291.9 wheat 0
515.7 201.6 474.1 230.1 455.1 202.3 496.7 173.8 wheat 0
412.2 55.4 439.4 70.3 406.3 130.8 379.1 116.0 wheat 0
291.7 95.6 436.7 95.6 436.7 131.6 291.7 131.6 wheat 0
904.7 28.7 931.0 50.8 778.7 231.6 752.4 209.5 wheat 0
856.4 18.3 878.5 27.7 845.0 106.9 822.9 97.5 wheat 0
676.4 32.5 705.0 44.6 696.0 65.7 667.5 53.7 wheat 0
169.0 287.6 131.8 295.1 126.4 268.7 163.7 261.1 wheat 0
568.7 1012.6 540.0 1021.5 509.7 923.5 538.4 914.6 wheat 0
364.7 31.2 292.7 70.5 278.8 45.0 350.8 5.7 wheat 0
