566.8 274.5 340.4 320.4 328.9 263.6 555.3 217.7 wheat 0
486.0 140.1 610.5 165.3 597.6 229.0 473.1 203.8 wheat 0
880.6 187.0 902.3 243.0 763.3 297.0 741.5 241.0 wheat 0
924.9 7.6 979.8 18.7 957.7 127.5 902.9 116.4 wheat 0
952.3 169.9 997.9 194.9 940.4 300.2 894.7 275.2 wheat 0
983.7 375.2 889.2 384.7 883.9 331.9 978.4 322.4 wheat 0
656.0 420.9 782.1 459.9 764.7 516.2 638.5 477.2 wheat 0
801.6 453.7 894.1 531.6 858.1 574.4 765.5 496.5 wheat 0
627.3 515.0 718.3 515.0 718.3 687.0 627.3 687.0 wheat 0
533.4 661.0 697.6 677.5 690.2 751.1 526.0 734.6 wheat 0
809.3 586.0 870.3 586.0 870.3 649.0 809.3 649.0 wheat 0
735.3 594.0 791.3 594.0 791.3 731.0 735.3 731.0 wheat 0
868.3 745.0 951.3 745.0 951.3 1017.0 868.3 1017.0 wheat 0
780.3 860.0 844.3 860.0 844.3 982.0 780.3 982.0 wheat 0
724.9 788.4 788.5 823.1 679.3 1023.0 615.7 988.3 wheat 0
600.3 818.0 692.3 818.0 692.3 885.0 600.3 885.0 wheat 0
426.3 708.0 483.3 708.0 483.3 900.0 426.3 900.0 wheat 0
514.2 626.3 473.0 668.6 375.5 573.8 416.6 531.5 wheat 0
480.2 445.1 543.8 472.0 499.4 577.0 435.8 550.1 wheat 0
287.0 541.8 39.3 677.0 0.5 605.9 248.1 470.7 wheat 0
81.3 758.0 166.3 758.0 166.3 839.0 81.3 839.0 wheat 0
263.3 934.0 45.7 1001.4 22.7 927.1 240.4 859.8 wheat 0
239.3 829.9 383.6 844.4 378.4 896.2 234.1 881.7 wheat 0
303.6 298.9 443.6 358.1 419.1 416.2 279.1 357.0 wheat 0
294.1 235.8 248.8 282.4 173.5 209.3 218.8 162.7 wheat 0
239.9 39.2 299.6 71.8 248.7 164.9 189.1 132.3 wheat 0
621.3 96.0 671.3 96.0 671.3 184.0 621.3 184.0 wheat 0
