722.1 748.4 684.3 752.2 673.4 643.8 711.2 640.0 wheat 0
693.7 852.6 716.7 852.6 716.7 921.6 693.7 921.6 wheat 0
800.7 680.6 833.7 680.6 833.7 716.6 800.7 716.6 wheat 0
837.7 340.6 917.7 340.6 917.7 365.6 837.7 365.6 wheat 0
777.0 184.8 815.5 205.9 763.7 300.6 725.2 279.6 wheat 0
442.0 146.2 532.7 164.6 526.9 193.4 436.2 175.0 wheat 0
527.0 454.6 564.7 462.3 528.7 639.6 491.0 632.0 wheat 0
380.9 407.2 418.3 414.8 389.7 555.6 352.4 548.0 wheat 0
446.4 456.7 468.3 458.9 461.0 531.5 439.1 529.3 wheat 0
480.6 358.7 503.5 361.0 495.9 436.6 473.0 434.3 wheat 0
405.4 791.1 437.7 797.6 427.5 848.0 395.2 841.5 wheat 0
461.6 788.5 483.0 806.6 455.9 838.7 434.5 820.7 wheat 0
545.7 899.6 474.4 906.8 471.0 872.8 542.3 865.6 wheat 0
383.9 876.1 441.8 907.8 423.6 941.1 365.7 909.5 wheat 0
128.1 753.4 177.0 774.1 124.7 897.6 75.9 877.0 wheat 0
56.5 512.2 176.7 536.6 167.3 582.9 47.1 558.6 wheat 0
74.8 563.2 175.7 605.8 156.7 650.6 55.9 608.0 wheat 0
455.3 616.4 407.9 642.3 390.2 609.8 437.6 583.9 wheat 0
482.6 456.7 602.0 468.7 598.9 499.5 479.5 487.5 wheat 0
533.5 696.4 510.5 720.1 471.0 681.8 494.0 658.1 wheat 0
597.9 720.9 637.4 724.8 624.7 850.6 585.3 846.7 wheat 0
955.8 894.8 916.6 902.7 899.7 819.4 938.9 811.5 wheat 0
846.7 891.6 881.7 891.6 881.7 969.6 846.7 969.6 wheat 0
790.7 862.6 758.3 880.3 736.9 841.1 769.3 823.4 wheat 0
926.8 644.0 960.9 658.4 945.7 694.3 911.6 679.9 wheat 0
961.3 541.7 1023.2 619.8 995.7 641.6 933.8 563.6 wheat 0
1022.6 728.7 998.0 742.1 964.9 681.6 989.5 668.1 wheat 0
391.7 180.6 493.7 180.6 493.7 206.6 391.7 206.6 wheat 0
139.6 306.9 108.3 320.1 67.8 224.3 99.1 211.1 wheat 0
115.2 449.4 145.9 466.2 113.3 525.8 82.6 509.1 wheat 0
900.5 106.7 942.8 150.3 918.7 173.6 876.4 130.1 wheat 0
880.9 5.2 935.0 73.4 911.5 92.0 857.4 23.9 wheat 0
298.7 569.6 328.7 569.6 328.7 606.6 298.7 606.6 wheat 0
193.6 35.9 312.1 72.6 303.8 99.3 185.4 62.7 wheat 0
211.7 138.6 270.7 138.6 270.7 171.6 211.7 171.6 wheat 0
269.4 259.8 249.1 268.3 214.1 185.5 234.3 176.9 wheat 0
366.7 919.6 400.7 919.6 400.7 1021.6 366.7 1021.6 wheat 0
91.8 805.5 66.9 816.0 18.7 701.8 43.5 691.3 wheat 0
193.4 940.3 238.3 954.2 217.0 1023.0 172.1 1009.1 wheat 0
927.7 381.6 955.7 400.8 925.8 444.6 897.7 425.4 wheat 0
148.7 219.6 134.3 227.5 57.6 87.2 72.1 79.3 wheat 0
812.5 567.4 786.1 572.8 775.9 522.8 802.4 517.4 wheat 0
674.7 588.6 714.7 588.6 714.7 620.6 674.7 620.6 wheat 0
