536.4 266.3 666.2 375.6 620.3 430.0 490.5 320.7 wheat 0
455.1 332.7 393.4 338.9 383.6 241.4 445.3 235.2 wheat 0
532.3 62.0 598.3 62.0 598.3 309.0 532.3 309.0 wheat 0
479.6 66.3 328.4 81.5 323.0 27.8 474.2 12.6 wheat 0
950.9 140.7 846.7 172.9 830.8 121.4 934.9 89.1 wheat 0
312.9 196.6 255.3 236.0 161.7 99.3 219.3 59.9 wheat 0
221.3 398.0 339.3 398.0 339.3 457.0 221.3 457.0 wheat 0
359.0 586.5 404.1 605.6 354.7 722.6 309.5 703.5 wheat 0
262.3 689.0 320.3 689.0 320.3 744.0 262.3 744.0 wheat 0
398.2 619.4 428.7 640.3 365.5 732.7 334.9 711.8 wheat 0
216.3 726.0 270.3 726.0 270.3 839.0 216.3 839.0 wheat 0
342.8 904.6 444.1 935.9 427.8 988.5 326.6 957.2 wheat 0
566.9 660.6 611.1 716.4 460.3 836.0 416.1 780.3 wheat 0
618.3 689.0 683.3 689.0 683.3 855.0 618.3 855.0 wheat 0
779.0 646.1 737.7 680.9 641.7 567.0 683.0 532.2 wheat 0
762.3 533.0 815.3 533.0 815.3 659.0 762.3 659.0 wheat 0
831.3 584.0 889.3 584.0 889.3 637.0 831.3 637.0 wheat 0
825.7 663.3 868.8 707.7 762.3 811.0 719.2 766.7 wheat 0
890.3 820.0 951.3 820.0 951.3 890.0 890.3 890.0 wheat 0
820.3 883.0 873.3 883.0 873.3 961.0 820.3 961.0 wheat 0
972.1 141.6 1009.9 162.2 971.5 232.5 933.8 211.8 wheat 0
7.3 516.0 62.3 516.0 62.3 569.0 7.3 569.0 wheat 0
964.3 226.0 1023.0 226.0 1023.0 275.3 964.3 275.3 wheat 0
781.7 370.0 826.5 374.5 820.0 439.1 775.2 434.6 wheat 0
687.3 656.0 731.3 656.0 731.3 777.0 687.3 777.0 wheat 0
163.7 128.1 323.9 144.2 319.9 184.0 159.7 167.9 wheat 0
