854.0 779.1 961.8 801.0 953.5 842.1 845.7 820.3 wheat 0
782.7 771.6 828.7 771.6 828.7 828.6 782.7 828.6 wheat 0
777.7 860.6 734.9 869.3 725.4 822.2 768.2 813.5 wheat 0
969.9 898.0 921.2 902.9 914.6 837.2 963.3 832.3 wheat 0
951.1 790.2 998.0 804.7 987.3 839.1 940.5 824.6 wheat 0
981.0 863.6 1023.0 863.6 1023.0 902.6 981.0 902.6 wheat 0
783.8 957.4 813.7 982.6 779.2 1023.6 749.2 998.4 wheat 0
588.7 836.6 639.7 836.6 639.7 867.6 588.7 867.6 wheat 0
574.8 912.7 595.7 914.8 591.7 954.6 570.8 952.5 wheat 0
569.7 1014.6 524.2 1023.8 514.4 975.8 560.0 966.5 wheat 0
625.7 763.6 508.0 787.5 499.4 745.0 617.1 721.1 wheat 0
526.4 675.9 576.4 686.0 570.0 717.4 520.1 707.2 wheat 0
671.5 690.7 630.3 699.1 616.0 628.5 657.2 620.2 wheat 0
566.4 500.0 622.1 505.6 613.1 596.2 557.3 590.6 wheat 0
509.1 475.8 455.2 486.7 447.4 448.5 501.3 437.5 wheat 0
877.9 522.8 914.8 542.9 897.5 574.5 860.7 554.3 wheat 0
698.3 577.0 732.7 587.6 723.2 618.2 688.8 607.6 wheat 0
235.7 897.6 197.7 901.4 192.0 845.1 230.1 841.2 wheat 0
107.1 898.3 60.9 929.9 38.3 896.9 84.6 865.3 wheat 0
32.2 927.8 6.7 932.9 1.3 906.5 26.8 901.3 wheat 0
281.7 886.5 312.3 896.0 303.7 923.7 273.2 914.2 wheat 0
450.5 729.5 479.7 759.6 445.5 792.9 416.2 762.7 wheat 0
418.7 786.8 445.4 809.3 415.8 844.5 389.0 821.9 wheat 0
47.6 743.5 95.4 753.2 82.7 815.6 34.9 805.9 wheat 0
68.7 708.6 23.7 739.4 0.6 705.7 45.7 674.9 wheat 0
339.7 216.6 290.7 250.1 241.3 177.8 290.2 144.3 wheat 0
410.6 180.9 374.3 205.7 326.9 136.4 363.2 111.5 wheat 0
434.2 179.9 474.4 188.0 468.2 218.4 428.1 210.2 wheat 0
570.8 207.7 603.9 230.3 562.6 290.5 529.6 267.9 wheat 0
673.7 278.6 629.1 309.2 595.8 260.5 640.4 229.9 wheat 0
664.3 346.4 768.4 367.6 761.7 400.6 657.6 379.5 wheat 0
738.7 274.6 681.3 286.3 665.1 206.5 722.6 194.9 wheat 0
760.5 88.9 723.7 109.0 694.9 56.4 731.8 36.2 wheat 0
853.0 61.2 767.0 87.8 752.5 41.0 838.5 14.4 wheat 0
98.4 212.3 187.1 260.8 164.0 302.9 75.4 254.5 wheat 0
273.7 97.6 213.7 109.8 203.6 60.0 263.6 47.8 wheat 0
425.1 73.8 360.1 93.9 350.4 62.4 415.3 42.3 wheat 0
232.7 305.6 300.7 305.6 300.7 340.6 232.7 340.6 wheat 0
