594.6 322.6 684.1 371.5 668.0 400.9 578.5 352.1 wheat 0
786.1 404.5 736.6 409.5 728.3 327.0 777.8 322.0 wheat 0
881.1 411.5 846.6 435.1 797.9 363.9 832.3 340.3 wheat 0
904.9 436.7 1001.1 502.5 978.5 535.4 882.4 469.6 wheat 0
853.1 499.5 780.1 514.3 770.7 467.9 843.7 453.1 wheat 0
767.2 403.5 811.4 417.2 788.1 492.5 743.9 478.8 wheat 0
695.1 532.5 659.1 552.2 626.0 491.6 662.0 471.9 wheat 0
744.6 555.7 862.1 579.5 853.2 623.3 735.7 599.5 wheat 0
864.1 577.5 833.9 586.8 810.6 511.4 840.7 502.1 wheat 0
949.1 740.5 915.9 754.5 885.5 682.7 918.7 668.7 wheat 0
1005.1 711.5 975.5 727.7 941.5 665.3 971.0 649.2 wheat 0
872.7 705.4 917.6 724.4 879.1 815.5 834.1 796.5 wheat 0
727.5 790.7 840.1 813.5 832.0 853.3 719.4 830.5 wheat 0
857.4 801.6 928.1 831.5 908.2 878.5 837.5 848.6 wheat 0
620.3 780.3 702.1 788.5 697.4 835.2 615.6 827.0 wheat 0
692.1 762.5 666.4 784.2 619.0 727.9 644.7 706.3 wheat 0
811.1 683.5 782.9 707.3 715.0 626.7 743.2 602.9 wheat 0
435.1 540.5 388.3 560.3 358.4 489.8 405.3 470.0 wheat 0
481.1 538.5 450.1 559.7 416.6 510.7 447.6 489.5 wheat 0
353.9 314.1 428.1 376.5 404.4 404.7 330.2 342.2 wheat 0
432.4 186.8 498.1 269.5 463.5 296.9 397.9 214.2 wheat 0
588.1 143.5 633.1 143.5 633.1 221.5 588.1 221.5 wheat 0
718.1 196.5 682.2 216.1 641.8 142.1 677.7 122.6 wheat 0
852.1 22.5 908.1 22.5 908.1 115.5 852.1 115.5 wheat 0
677.8 86.2 717.4 107.8 688.1 161.5 648.5 139.9 wheat 0
803.1 0.0 853.1 0.0 853.1 92.5 803.1 92.5 wheat 0
921.1 290.5 873.6 295.3 867.2 231.1 914.6 226.3 wheat 0
886.1 339.5 926.1 339.5 926.1 386.5 886.1 386.5 wheat 0
858.1 527.5 903.1 527.5 903.1 610.5 858.1 610.5 wheat 0
579.1 829.5 668.1 829.5 668.1 866.5 579.1 866.5 wheat 0
612.4 848.7 678.1 884.5 657.2 922.6 591.6 886.8 wheat 0
815.2 908.4 859.0 912.8 854.9 953.6 811.1 949.2 wheat 0
766.1 1004.5 728.6 1016.1 709.6 954.5 747.0 943.0 wheat 0
756.8 946.8 817.5 959.1 809.4 999.3 748.6 986.9 wheat 0
892.1 1006.5 860.2 1023.9 825.4 960.1 857.2 942.7 wheat 0
880.5 931.0 942.4 973.4 918.7 1008.0 856.8 965.7 wheat 0
524.1 991.5 482.5 1004.4 453.7 911.4 495.3 898.5 wheat 0
234.1 988.5 197.3 1008.6 135.5 895.3 172.2 875.3 wheat 0
168.8 835.0 219.1 850.5 207.4 888.3 157.1 872.8 wheat 0
292.0 616.6 388.1 715.5 355.5 747.1 259.5 648.2 wheat 0
119.6 559.9 192.1 590.5 177.5 624.9 105.0 594.3 wheat 0
160.0 465.8 256.1 495.5 243.5 536.2 147.5 506.5 wheat 0
350.1 248.5 309.3 270.8 260.3 181.0 301.1 158.8 wheat 0
229.1 157.5 185.7 175.9 151.4 94.9 194.8 76.5 wheat 0
297.1 116.5 256.4 133.7 225.2 60.1 265.9 42.9 wheat 0
466.4 40.1 525.1 100.5 497.5 127.3 438.9 66.9 wheat 0
632.1 131.5 593.8 147.7 555.2 56.6 593.5 40.4 wheat 0
444.2 400.3 495.1 428.1 474.0 466.7 423.1 438.9 wheat 0
434.1 430.5 376.4 462.0 352.7 418.6 410.4 387.1 wheat 0
440.9 385.0 507.1 405.5 495.3 443.7 429.1 423.2 wheat 0
539.1 535.5 623.1 535.5 623.1 586.5 539.1 586.5 wheat 0
552.5 577.1 608.3 582.7 603.1 634.5 547.3 628.9 wheat 0
456.0 478.5 515.1 490.5 507.3 528.9 448.2 516.9 wheat 0
441.1 725.5 497.1 725.5 497.1 791.5 441.1 791.5 wheat 0
370.1 864.5 330.2 881.4 307.0 826.6 346.9 809.7 wheat 0
