360.1 827.5 293.3 834.2 282.7 728.9 349.5 722.2 wheat 0
520.2 648.4 598.7 664.3 586.1 726.5 507.6 710.6 wheat 0
765.1 612.5 839.1 612.5 839.1 725.5 765.1 725.5 wheat 0
841.1 534.5 935.1 534.5 935.1 593.5 841.1 593.5 wheat 0
989.3 50.8 870.1 173.5 817.8 122.7 937.0 -0.0 wheat 0
413.5 85.9 469.2 103.1 448.1 171.5 392.3 154.3 wheat 0
506.4 387.8 562.5 411.5 532.1 483.5 475.9 459.8 wheat 0
548.6 436.1 615.8 482.0 560.1 563.5 492.9 517.6 wheat 0
448.6 63.5 417.1 112.5 347.8 68.0 379.3 19.0 wheat 0
254.1 331.7 198.8 369.6 161.0 314.3 216.3 276.4 wheat 0
145.8 765.8 255.1 825.5 224.6 881.2 115.4 821.5 wheat 0
258.3 799.5 341.1 834.5 315.3 895.6 232.5 860.6 wheat 0
471.4 710.1 577.8 720.7 569.1 807.5 462.7 796.8 wheat 0
611.3 742.7 733.9 767.6 718.1 845.5 595.5 820.7 wheat 0
693.7 817.6 754.8 836.5 734.4 902.4 673.3 883.5 wheat 0
792.4 863.7 913.0 901.0 888.1 981.5 767.5 944.2 wheat 0
955.4 698.9 1005.1 726.0 954.1 819.5 904.4 792.4 wheat 0
966.1 822.5 873.5 831.8 866.1 758.5 958.7 749.2 wheat 0
1023.1 835.5 973.3 856.6 936.3 769.0 986.1 748.0 wheat 0
1013.0 649.9 956.1 708.5 914.3 667.9 971.2 609.3 wheat 0
945.1 406.5 839.2 464.3 803.9 399.7 909.7 341.8 wheat 0
916.0 268.5 999.1 338.5 945.1 402.6 862.0 332.6 wheat 0
882.8 185.4 836.1 233.5 799.2 197.7 845.9 149.6 wheat 0
235.1 208.5 171.7 214.9 163.9 137.7 227.3 131.3 wheat 0
536.1 844.5 475.4 850.6 468.5 781.5 529.1 775.4 wheat 0
414.1 899.5 355.4 905.4 348.2 833.1 406.8 827.2 wheat 0
