767.8 692.8 666.5 724.2 651.7 676.4 753.0 645.1 wheat 0
641.4 681.6 750.2 741.1 723.7 789.6 614.9 730.2 wheat 0
880.7 794.6 943.7 794.6 943.7 958.6 880.7 958.6 wheat 0
559.8 747.2 706.0 792.4 690.6 842.1 544.5 796.8 wheat 0
487.7 805.6 546.7 805.6 546.7 862.6 487.7 862.6 wheat 0
550.7 866.7 597.2 892.1 559.8 960.5 513.3 935.1 wheat 0
418.8 871.1 391.0 873.9 384.7 811.2 412.5 808.4 wheat 0
238.7 908.2 341.5 939.9 326.7 987.6 224.0 955.8 wheat 0
76.5 718.9 110.3 729.3 90.7 792.6 56.9 782.2 wheat 0
270.4 552.5 341.2 641.6 280.7 689.6 210.0 600.5 wheat 0
152.3 556.7 190.7 655.6 142.0 674.6 103.5 575.6 wheat 0
76.5 453.2 194.1 477.0 185.0 522.1 67.4 498.2 wheat 0
571.5 476.1 624.7 505.2 562.7 618.6 509.5 589.6 wheat 0
624.5 487.5 707.3 495.8 701.7 551.6 618.9 543.3 wheat 0
539.4 446.1 582.4 475.4 562.0 505.2 519.1 475.8 wheat 0
590.7 398.6 522.0 427.7 497.0 368.4 565.7 339.3 wheat 0
765.4 437.8 710.7 467.7 662.0 378.5 716.7 348.6 wheat 0
193.6 260.0 256.4 312.8 213.8 363.3 151.1 310.4 wheat 0
47.1 176.4 133.7 285.6 94.3 316.9 7.7 207.7 wheat 0
330.7 289.6 495.7 289.6 495.7 329.6 330.7 329.6 wheat 0
585.5 319.9 514.9 334.2 504.0 280.3 574.6 266.0 wheat 0
538.7 194.5 460.0 275.5 409.8 226.8 488.5 145.7 wheat 0
577.7 266.6 535.9 270.8 527.7 189.6 569.6 185.4 wheat 0
879.4 268.3 915.3 324.3 872.7 351.6 836.8 295.6 wheat 0
1020.8 470.8 971.7 497.6 950.0 457.9 999.1 431.1 wheat 0
748.7 23.7 805.2 62.4 779.7 99.6 723.2 60.9 wheat 0
374.5 865.4 392.4 893.2 367.9 908.8 350.1 881.1 wheat 0
148.7 461.6 119.4 477.6 82.6 410.2 111.9 394.2 wheat 0
