575.4 194.2 632.1 199.9 607.7 442.6 551.1 436.9 wheat 0
774.7 303.6 966.7 303.6 966.7 353.6 774.7 353.6 wheat 0
914.2 367.3 964.4 377.5 932.7 533.6 882.5 523.4 wheat 0
895.1 511.3 937.4 547.0 857.7 641.6 815.4 605.9 wheat 0
844.2 660.8 807.9 672.1 779.3 579.4 815.6 568.2 wheat 0
666.3 510.6 785.2 560.9 764.1 610.6 645.3 560.4 wheat 0
763.7 467.6 545.1 535.2 532.7 494.9 751.3 427.3 wheat 0
679.7 464.6 539.0 478.7 535.2 440.9 675.9 426.8 wheat 0
574.7 341.6 373.1 511.4 340.9 473.1 542.5 303.3 wheat 0
429.7 582.6 620.7 582.6 620.7 642.6 429.7 642.6 wheat 0
230.7 540.6 282.7 540.6 282.7 601.6 230.7 601.6 wheat 0
360.7 0.0 425.7 0.0 425.7 291.0 360.7 291.0 wheat 0
607.9 256.7 392.7 347.6 369.7 293.1 584.8 202.2 wheat 0
339.5 265.4 396.1 313.0 360.0 355.9 303.4 308.2 wheat 0
408.2 361.5 329.7 427.6 291.2 381.9 369.7 315.8 wheat 0
284.0 370.3 240.7 388.6 130.4 127.6 173.7 109.3 wheat 0
227.9 4.9 275.1 24.9 192.7 219.6 145.5 199.7 wheat 0
812.7 66.6 461.5 119.7 451.5 53.4 802.7 0.3 wheat 0
750.7 16.9 801.6 27.2 772.8 169.3 721.9 159.0 wheat 0
925.7 76.6 739.1 227.5 716.9 200.0 903.5 49.1 wheat 0
944.7 354.6 1014.7 354.6 1014.7 410.6 944.7 410.6 wheat 0
845.2 772.9 574.7 920.6 547.7 871.1 818.1 723.4 wheat 0
435.4 654.0 598.8 791.6 572.7 822.6 409.3 685.0 wheat 0
505.6 757.6 413.4 807.9 390.9 766.7 483.0 716.3 wheat 0
542.5 854.0 315.1 900.1 303.0 840.3 530.4 794.2 wheat 0
417.7 907.6 285.0 948.7 272.1 906.8 404.8 865.8 wheat 0
259.7 793.6 372.7 793.6 372.7 835.6 259.7 835.6 wheat 0
167.8 847.7 123.1 872.2 86.6 805.5 131.4 781.0 wheat 0
577.5 921.5 624.5 926.2 615.1 1019.1 568.2 1014.4 wheat 0
884.7 876.6 1023.0 876.6 1023.0 925.4 884.7 925.4 wheat 0
839.7 903.8 958.6 985.1 933.7 1021.4 814.9 940.1 wheat 0
847.4 949.6 818.6 969.4 779.0 911.6 807.9 891.8 wheat 0
116.7 523.6 38.3 577.2 6.9 531.3 85.3 477.6 wheat 0
1.7 349.6 48.7 349.6 48.7 400.6 1.7 400.6 wheat 0
38.8 29.9 126.7 57.1 114.6 96.3 26.7 69.1 wheat 0
840.7 218.6 894.7 218.6 894.7 250.6 840.7 250.6 wheat 0
295.1 4.9 342.8 30.9 269.7 164.6 222.1 138.6 wheat 0
624.7 607.6 771.7 607.6 771.7 642.6 624.7 642.6 wheat 0
