810.7 823.6 770.5 827.7 763.2 754.9 803.4 750.9 wheat 0
878.3 620.4 1022.5 681.3 998.7 737.6 854.5 676.6 wheat 0
747.2 83.5 890.7 112.6 877.6 177.2 734.2 148.1 wheat 0
639.5 144.7 720.2 188.7 684.7 253.6 604.1 209.6 wheat 0
952.7 376.5 753.7 396.4 746.8 327.8 945.8 307.8 wheat 0
899.2 274.8 828.7 304.6 786.3 204.2 856.8 174.4 wheat 0
815.5 238.7 687.4 292.8 659.0 225.6 787.0 171.4 wheat 0
559.9 335.0 616.6 340.7 608.6 420.3 551.9 414.6 wheat 0
486.7 515.6 609.7 515.6 609.7 574.6 486.7 574.6 wheat 0
531.4 643.2 639.2 665.1 628.1 720.0 520.3 698.1 wheat 0
548.3 672.7 611.0 679.0 600.1 787.5 537.5 781.2 wheat 0
717.4 863.5 850.4 904.7 829.7 971.6 696.7 930.5 wheat 0
271.6 678.5 422.6 805.7 379.7 856.6 228.7 729.4 wheat 0
240.5 544.7 353.5 579.7 333.7 643.6 220.7 608.7 wheat 0
382.7 251.6 192.8 310.4 171.4 241.1 361.3 182.4 wheat 0
255.5 126.8 162.0 136.2 157.9 95.4 251.5 86.0 wheat 0
292.5 422.1 246.7 460.6 172.6 372.6 218.3 334.1 wheat 0
29.2 340.2 135.1 385.0 105.9 454.0 0.0 409.3 wheat 0
132.8 945.4 223.0 983.6 204.7 1026.8 114.5 988.7 wheat 0
264.7 178.6 351.7 178.6 351.7 213.6 264.7 213.6 wheat 0
