378.4 248.4 424.5 253.0 413.6 361.5 367.5 356.9 wheat 0
137.9 162.3 282.6 223.5 252.9 293.7 108.3 232.5 wheat 0
73.8 157.7 131.7 169.4 113.6 258.5 55.8 246.8 wheat 0
102.6 274.5 186.6 274.5 186.6 317.5 102.6 317.5 wheat 0
0.0 348.5 60.6 348.5 60.6 413.5 0.0 413.5 wheat 0
243.6 423.5 140.2 433.9 135.1 382.6 238.5 372.2 wheat 0
161.6 479.5 120.0 487.9 106.6 421.7 148.2 413.3 wheat 0
459.6 446.5 302.9 512.8 273.7 443.7 430.4 377.4 wheat 0
503.1 464.1 558.8 502.2 506.6 578.5 450.9 540.4 wheat 0
382.6 612.5 347.7 623.3 326.5 554.5 361.3 543.7 wheat 0
72.2 638.9 158.6 638.9 158.6 807.5 72.2 807.5 wheat 0
189.7 812.2 251.3 854.4 189.6 944.5 128.0 902.4 wheat 0
347.6 878.5 304.5 914.8 273.0 877.4 316.1 841.1 wheat 0
434.4 777.7 488.8 800.8 460.6 867.5 406.2 844.5 wheat 0
496.7 753.3 577.6 797.5 547.1 853.4 466.2 809.2 wheat 0
536.6 718.5 460.5 782.6 431.2 747.7 507.3 683.7 wheat 0
744.6 788.5 691.7 824.7 661.1 779.9 714.0 743.7 wheat 0
659.2 809.8 718.5 828.1 698.6 892.5 639.3 874.2 wheat 0
761.8 805.7 804.5 849.6 735.6 916.5 692.9 872.5 wheat 0
576.6 922.5 645.6 922.5 645.6 983.5 576.6 983.5 wheat 0
961.6 1010.5 891.2 1017.6 881.6 921.8 952.0 914.7 wheat 0
924.5 521.2 881.6 550.5 833.2 479.7 876.1 450.4 wheat 0
984.1 474.7 926.6 492.5 898.8 402.7 956.4 384.9 wheat 0
831.0 295.1 880.3 315.9 860.6 362.5 811.3 341.7 wheat 0
769.6 330.5 706.9 343.2 682.7 223.9 745.4 211.2 wheat 0
686.6 327.6 740.9 333.0 732.6 415.5 678.3 410.1 wheat 0
666.6 424.5 718.6 424.5 718.6 508.5 666.6 508.5 wheat 0
590.5 389.8 680.7 439.0 656.8 482.8 566.6 433.5 wheat 0
594.6 315.5 512.7 384.5 469.5 333.3 551.4 264.3 wheat 0
514.6 209.5 420.2 274.1 385.1 222.8 479.5 158.2 wheat 0
625.6 208.5 674.6 208.5 674.6 255.5 625.6 255.5 wheat 0
697.6 124.5 790.6 124.5 790.6 183.5 697.6 183.5 wheat 0
560.6 49.5 634.6 49.5 634.6 163.5 560.6 163.5 wheat 0
628.0 32.0 752.7 84.7 731.6 134.5 606.9 81.8 wheat 0
663.3 286.9 700.2 324.9 665.6 358.5 628.7 320.5 wheat 0
561.4 242.5 612.0 264.0 594.9 304.5 544.2 283.1 wheat 0
787.6 915.5 857.6 915.5 857.6 1013.5 787.6 1013.5 wheat 0
45.6 952.5 113.6 952.5 113.6 1021.5 45.6 1021.5 wheat 0
