772.2 150.5 833.9 176.6 765.1 339.5 703.3 313.4 wheat 0
824.4 434.2 856.5 444.2 844.1 484.5 811.9 474.6 wheat 0
926.1 573.5 964.1 573.5 964.1 603.5 926.1 603.5 wheat 0
976.1 709.5 945.9 730.2 925.8 700.8 956.0 680.1 wheat 0
894.0 750.3 963.6 757.3 959.1 802.5 889.4 795.5 wheat 0
925.1 850.5 887.2 854.3 883.4 816.3 921.3 812.5 wheat 0
1023.1 944.5 965.3 968.9 929.4 884.0 987.2 859.6 wheat 0
846.8 874.8 899.0 890.9 882.1 945.5 829.9 929.4 wheat 0
686.1 329.5 715.1 329.5 715.1 378.5 686.1 378.5 wheat 0
481.1 232.5 430.1 242.8 417.2 179.5 468.2 169.2 wheat 0
509.1 322.5 484.1 330.2 466.1 272.0 491.1 264.3 wheat 0
448.6 279.5 487.9 306.5 442.1 373.5 402.7 346.6 wheat 0
425.1 351.5 388.3 397.8 312.1 337.3 348.9 291.0 wheat 0
280.0 230.7 318.6 279.3 254.1 330.5 215.5 281.9 wheat 0
243.1 209.5 192.8 230.8 143.8 115.0 194.1 93.7 wheat 0
324.1 78.5 191.9 168.9 160.3 122.7 292.4 32.3 wheat 0
156.2 464.4 264.7 475.2 258.1 541.5 149.6 530.6 wheat 0
297.9 454.8 333.1 509.5 292.7 535.4 257.5 480.7 wheat 0
558.1 527.4 622.4 554.6 586.1 640.5 521.8 613.3 wheat 0
204.1 859.5 133.7 866.6 115.1 681.2 185.5 674.2 wheat 0
157.1 759.5 114.4 782.8 38.9 644.6 81.6 621.3 wheat 0
344.1 762.5 310.1 776.9 296.8 745.6 330.8 731.2 wheat 0
197.6 882.6 317.3 906.9 305.1 967.5 185.3 943.2 wheat 0
189.5 719.3 266.7 735.0 258.1 777.5 180.9 761.9 wheat 0
196.6 680.2 258.8 686.4 254.1 733.5 191.9 727.3 wheat 0
44.0 454.5 129.1 490.5 114.9 524.0 29.8 488.0 wheat 0
