189.3 234.0 246.3 234.0 246.3 365.0 189.3 365.0 wheat 0
382.0 419.4 323.8 437.4 275.6 281.7 333.9 263.7 wheat 0
399.6 298.3 440.4 302.4 428.0 425.8 387.2 421.7 wheat 0
356.3 305.0 398.3 305.0 398.3 399.0 356.3 399.0 wheat 0
514.4 202.9 486.3 258.0 384.9 206.4 412.9 151.3 wheat 0
258.6 43.8 425.8 60.6 420.0 118.3 252.8 101.5 wheat 0
663.5 204.8 708.4 218.7 672.1 336.2 627.2 322.4 wheat 0
803.7 16.3 845.5 33.9 772.3 207.0 730.6 189.4 wheat 0
852.4 211.5 931.8 227.6 921.2 279.6 841.9 263.5 wheat 0
689.6 321.2 871.9 398.3 845.1 461.9 662.7 384.8 wheat 0
985.5 418.1 1023.4 450.0 922.3 570.0 884.4 538.1 wheat 0
498.0 820.6 449.8 861.2 339.6 730.4 387.8 689.9 wheat 0
574.7 808.1 618.5 812.5 607.9 918.0 564.1 913.6 wheat 0
76.3 678.0 140.3 678.0 140.3 806.0 76.3 806.0 wheat 0
40.3 450.0 103.3 450.0 103.3 561.0 40.3 561.0 wheat 0
160.5 409.3 49.1 485.5 19.1 441.8 130.6 365.6 wheat 0
241.3 237.0 182.4 248.9 161.4 145.1 220.2 133.1 wheat 0
385.3 987.0 566.7 987.0 566.7 1024.0 385.3 1024.0 wheat 0
