507.9 512.5 592.1 558.5 564.8 608.4 480.6 562.5 wheat 0
578.1 484.5 518.7 496.5 510.5 455.9 569.8 443.9 wheat 0
783.1 550.5 746.5 581.3 704.6 531.5 741.1 500.7 wheat 0
890.1 475.5 856.4 498.6 762.1 360.8 795.8 337.7 wheat 0
704.1 205.3 804.1 225.5 794.2 273.9 694.3 253.7 wheat 0
318.0 122.4 564.1 198.5 545.8 257.7 299.7 181.6 wheat 0
172.8 150.7 392.1 218.5 377.4 265.9 158.2 198.0 wheat 0
358.5 361.8 408.7 366.8 399.1 462.5 348.9 457.5 wheat 0
485.1 534.5 435.7 549.8 404.2 448.1 453.6 432.8 wheat 0
467.1 458.5 419.9 473.1 398.3 403.2 445.4 388.6 wheat 0
387.8 461.6 431.1 491.2 385.1 558.5 341.8 528.9 wheat 0
268.1 487.3 316.6 502.4 272.1 646.5 223.5 631.5 wheat 0
86.2 431.8 232.1 511.5 211.1 550.0 65.2 470.3 wheat 0
186.1 589.5 87.3 599.4 80.6 532.8 179.4 522.9 wheat 0
331.8 563.6 373.6 616.3 236.1 725.5 194.2 672.8 wheat 0
178.5 679.8 262.5 705.8 245.7 760.2 161.6 734.2 wheat 0
21.2 722.0 98.1 754.5 83.0 790.0 6.2 757.6 wheat 0
111.9 823.8 283.1 858.5 273.4 906.1 102.2 871.4 wheat 0
441.1 909.5 372.8 923.3 350.1 811.4 418.4 797.6 wheat 0
474.1 602.3 536.1 628.5 517.4 672.7 455.4 646.5 wheat 0
620.1 696.5 567.7 701.8 561.4 639.1 613.8 633.8 wheat 0
615.8 610.3 720.1 642.5 702.8 698.2 598.6 665.9 wheat 0
874.1 748.5 810.8 813.6 771.1 775.1 834.4 710.0 wheat 0
1015.1 681.5 985.3 719.0 914.5 662.9 944.3 625.4 wheat 0
898.1 625.5 856.8 648.1 815.0 571.6 856.3 549.0 wheat 0
514.1 925.5 698.1 925.5 698.1 972.5 514.1 972.5 wheat 0
564.1 731.5 619.1 731.5 619.1 792.5 564.1 792.5 wheat 0
859.1 110.4 808.1 115.5 797.0 5.1 848.0 -0.0 wheat 0
