171.5 211.1 236.7 255.7 144.1 391.0 78.9 346.4 wheat 0
482.4 298.1 402.2 322.9 342.2 129.0 422.4 104.2 wheat 0
659.9 49.8 638.3 113.2 507.7 68.6 529.4 5.2 wheat 0
769.8 89.5 780.0 148.7 658.8 169.6 648.6 110.4 wheat 0
821.2 167.6 833.6 239.5 706.5 261.5 694.1 189.5 wheat 0
296.5 437.8 319.7 497.4 204.1 542.3 180.9 482.7 wheat 0
514.5 412.0 582.2 425.8 565.1 510.0 497.5 496.3 wheat 0
688.3 557.0 644.7 570.5 607.6 450.5 651.2 437.0 wheat 0
489.8 539.0 560.6 553.3 522.3 742.0 451.5 727.7 wheat 0
524.3 794.9 486.7 846.7 340.3 740.2 378.0 688.4 wheat 0
730.1 783.5 759.3 820.3 635.5 918.6 606.3 881.7 wheat 0
279.3 888.3 262.4 937.5 175.4 907.8 192.2 858.6 wheat 0
196.7 679.1 210.3 728.0 56.4 770.8 42.8 721.9 wheat 0
801.4 900.9 821.3 952.0 665.3 1012.7 645.4 961.5 wheat 0
149.3 374.3 102.5 388.8 56.4 239.8 103.2 225.3 wheat 0
644.9 220.6 681.6 251.5 637.8 303.5 601.1 272.6 wheat 0
174.5 662.5 6.3 679.3 1.1 627.6 169.3 610.7 wheat 0
