709.5 290.4 808.9 358.3 784.7 393.6 685.4 325.7 wheat 0
630.0 302.7 706.6 326.4 696.7 358.4 620.0 334.7 wheat 0
755.4 494.2 722.7 516.6 657.8 421.7 690.5 399.3 wheat 0
883.5 406.6 960.8 439.3 948.0 469.7 870.6 437.0 wheat 0
791.3 470.4 858.1 516.1 841.2 540.9 774.3 495.1 wheat 0
951.6 627.3 926.7 658.6 858.0 604.1 882.9 572.7 wheat 0
1022.9 620.0 996.2 638.3 963.1 589.8 989.7 571.6 wheat 0
763.9 532.2 843.1 575.4 828.7 601.6 749.6 558.4 wheat 0
765.7 610.6 735.3 623.5 697.0 533.1 727.5 520.2 wheat 0
757.3 614.7 821.0 658.3 805.7 680.6 742.0 637.0 wheat 0
698.9 612.5 779.6 680.5 761.7 701.6 681.0 633.6 wheat 0
643.7 622.8 616.7 650.6 560.0 595.5 587.0 567.7 wheat 0
676.3 683.6 725.4 704.4 714.9 729.4 665.7 708.6 wheat 0
814.6 825.6 974.9 875.2 964.0 910.2 803.7 860.6 wheat 0
908.7 833.6 982.7 833.6 982.7 863.6 908.7 863.6 wheat 0
987.8 935.5 956.7 961.6 914.5 911.5 945.5 885.4 wheat 0
653.9 946.6 750.2 976.4 738.7 1013.6 642.4 983.8 wheat 0
538.0 907.2 641.7 917.6 638.5 949.8 534.7 939.4 wheat 0
372.7 879.6 498.4 892.2 494.7 928.6 369.0 916.0 wheat 0
319.7 850.6 463.7 850.6 463.7 886.6 319.7 886.6 wheat 0
455.7 876.2 440.7 891.6 386.2 838.6 401.2 823.2 wheat 0
393.0 735.4 425.5 749.2 395.7 819.6 363.2 805.8 wheat 0
480.3 654.8 565.0 672.0 557.7 707.6 473.1 690.5 wheat 0
589.6 713.2 651.9 747.3 638.9 771.0 576.6 736.9 wheat 0
259.7 776.5 239.7 807.6 145.2 746.9 165.2 715.8 wheat 0
245.7 777.3 273.3 796.2 221.7 871.6 194.1 852.7 wheat 0
248.3 818.7 314.3 854.7 299.7 881.3 233.7 845.3 wheat 0
309.7 910.6 281.7 934.3 221.3 862.6 249.4 838.9 wheat 0
292.7 644.6 263.4 664.7 205.4 579.8 234.7 559.8 wheat 0
280.0 424.0 368.2 441.9 361.5 475.2 273.3 457.3 wheat 0
534.2 352.8 601.8 366.5 595.7 396.6 528.1 382.9 wheat 0
644.4 463.4 626.7 481.6 553.7 410.7 571.4 392.5 wheat 0
459.3 221.1 542.1 256.1 528.7 287.6 446.0 252.6 wheat 0
566.6 165.0 632.4 200.9 621.9 220.2 556.1 184.3 wheat 0
783.3 238.3 903.2 303.8 884.7 337.6 764.9 272.1 wheat 0
880.2 239.4 840.7 261.0 806.2 197.8 845.7 176.2 wheat 0
902.3 273.7 878.0 304.3 834.2 269.5 858.4 238.9 wheat 0
897.7 3.6 930.7 3.6 930.7 90.6 897.7 90.6 wheat 0
890.8 98.6 994.8 130.8 982.7 169.6 878.8 137.5 wheat 0
704.9 19.5 842.4 113.6 817.7 149.6 680.2 55.6 wheat 0
310.1 114.7 411.4 184.1 385.7 221.6 284.4 152.3 wheat 0
295.4 189.0 381.9 236.2 362.8 271.2 276.3 223.9 wheat 0
323.5 262.7 301.7 277.6 249.0 200.5 270.7 185.6 wheat 0
221.9 292.4 181.1 296.4 172.5 210.9 213.3 206.8 wheat 0
154.7 156.6 117.6 182.0 60.6 98.7 97.7 73.3 wheat 0
64.1 248.9 186.4 315.7 166.7 351.6 44.5 284.8 wheat 0
160.1 422.3 233.8 462.6 219.4 488.9 145.7 448.6 wheat 0
36.1 627.3 121.7 644.6 116.9 668.3 31.3 650.9 wheat 0
118.9 651.2 202.4 677.1 195.7 698.6 112.2 672.8 wheat 0
48.7 678.6 135.7 678.6 135.7 709.6 48.7 709.6 wheat 0
173.6 966.9 282.8 977.8 279.7 1008.6 170.5 997.7 wheat 0
682.1 554.4 647.0 584.0 617.3 548.8 652.5 519.2 wheat 0
2.7 831.6 99.7 831.6 99.7 873.6 2.7 873.6 wheat 0
14.3 909.5 79.5 937.1 65.7 969.6 0.5 942.0 wheat 0
23.7 522.8 90.4 559.2 71.7 593.4 5.0 557.0 wheat 0
