886.8 245.5 936.6 250.5 922.6 389.8 872.9 384.8 wheat 0
872.7 408.6 898.7 408.6 898.7 482.6 872.7 482.6 wheat 0
892.1 805.6 858.2 819.9 783.9 644.2 817.8 629.9 wheat 0
958.4 733.0 986.8 762.3 858.7 886.6 830.3 857.4 wheat 0
881.7 850.6 962.7 850.6 962.7 897.6 881.7 897.6 wheat 0
877.7 958.6 920.7 958.6 920.7 1017.6 877.7 1017.6 wheat 0
711.5 896.8 569.4 925.6 561.0 884.4 703.1 855.6 wheat 0
718.7 725.9 757.5 729.8 749.7 807.4 710.9 803.5 wheat 0
697.5 573.0 743.4 587.2 710.0 695.2 664.1 681.0 wheat 0
591.7 645.6 623.7 645.6 623.7 742.6 591.7 742.6 wheat 0
625.7 775.6 591.3 794.4 561.5 739.8 595.9 720.9 wheat 0
374.0 797.0 535.7 847.0 523.7 885.6 362.1 835.6 wheat 0
415.7 857.9 456.2 870.5 409.7 1020.6 369.2 1008.1 wheat 0
311.1 936.8 343.3 950.5 313.4 1021.4 281.1 1007.8 wheat 0
242.1 903.1 312.6 941.7 295.7 972.6 225.2 934.1 wheat 0
173.1 915.2 138.5 938.9 102.3 886.1 137.0 862.3 wheat 0
87.7 972.6 222.7 972.6 222.7 1021.6 87.7 1021.6 wheat 0
137.7 778.6 88.5 805.5 27.0 693.0 76.3 666.1 wheat 0
217.5 615.9 257.8 643.4 181.7 754.6 141.5 727.1 wheat 0
305.3 722.9 277.6 731.4 245.1 626.4 272.8 617.8 wheat 0
272.7 560.6 247.9 581.5 196.4 520.4 221.2 499.5 wheat 0
189.8 429.6 155.6 448.3 142.7 424.6 176.9 405.9 wheat 0
172.2 459.8 205.3 479.6 135.7 595.6 102.7 575.8 wheat 0
137.5 477.9 229.5 540.9 207.7 572.6 115.7 509.7 wheat 0
93.7 579.6 197.7 579.6 197.7 611.6 93.7 611.6 wheat 0
478.7 423.6 451.6 429.1 420.2 274.0 447.3 268.5 wheat 0
34.7 230.6 101.7 230.6 101.7 250.6 34.7 250.6 wheat 0
341.6 89.4 502.9 157.6 484.7 200.6 323.4 132.4 wheat 0
813.7 77.6 641.8 150.3 626.7 114.7 798.7 42.0 wheat 0
994.3 56.8 1023.2 65.7 973.7 225.6 944.9 216.7 wheat 0
79.2 572.3 54.1 598.2 0.3 545.9 25.4 520.1 wheat 0
