731.7 729.6 767.7 729.6 767.7 819.6 731.7 819.6 wheat 0
570.9 761.3 663.5 811.9 640.7 853.6 548.1 803.0 wheat 0
441.7 910.6 407.9 933.8 357.5 860.0 391.3 836.9 wheat 0
134.7 708.7 283.7 800.1 263.7 832.6 114.7 741.3 wheat 0
148.0 914.8 234.3 941.5 223.7 975.6 137.4 948.9 wheat 0
570.7 973.6 531.0 981.7 522.2 938.0 561.9 929.9 wheat 0
589.7 971.6 709.7 971.6 709.7 1005.6 589.7 1005.6 wheat 0
833.1 898.7 889.4 916.1 879.4 948.6 823.0 931.1 wheat 0
927.5 904.7 1007.5 948.4 987.7 984.6 907.7 940.9 wheat 0
939.2 741.3 995.7 812.6 963.9 837.9 907.3 766.6 wheat 0
794.9 748.6 747.7 774.4 690.5 669.6 737.7 643.8 wheat 0
713.0 670.0 622.4 679.1 619.5 650.2 710.1 641.1 wheat 0
670.6 609.8 767.1 650.6 749.7 691.6 653.3 650.8 wheat 0
557.7 731.6 453.3 788.6 435.6 756.1 540.0 699.1 wheat 0
605.7 741.6 575.2 758.3 549.4 711.2 580.0 694.5 wheat 0
255.1 728.9 349.6 738.4 347.4 761.3 252.8 751.8 wheat 0
193.4 585.1 284.4 634.8 263.7 672.6 172.7 622.9 wheat 0
287.9 640.0 365.3 655.7 360.6 679.2 283.1 663.5 wheat 0
258.2 587.0 350.7 615.6 339.5 652.0 246.9 623.4 wheat 0
137.7 572.6 102.6 591.8 61.4 516.3 96.5 497.1 wheat 0
42.1 557.1 138.5 586.9 128.7 618.6 32.3 588.8 wheat 0
310.7 505.6 285.5 526.8 223.1 452.7 248.3 431.4 wheat 0
400.7 565.6 364.4 573.0 349.9 501.5 386.2 494.1 wheat 0
370.9 474.0 338.5 491.8 301.5 424.2 334.0 406.5 wheat 0
337.3 391.4 422.9 400.0 420.2 426.8 334.6 418.3 wheat 0
214.7 314.6 288.0 364.7 273.0 386.6 199.8 336.5 wheat 0
34.4 218.5 104.7 266.6 87.8 291.3 17.5 243.3 wheat 0
60.7 275.6 148.2 323.4 133.0 351.1 45.6 303.3 wheat 0
314.7 261.6 427.1 309.1 416.5 334.1 304.2 286.6 wheat 0
434.6 338.9 409.4 360.1 375.9 320.4 401.1 299.1 wheat 0
335.4 241.9 303.5 245.1 298.1 191.3 330.0 188.2 wheat 0
119.6 164.5 93.7 178.6 37.7 76.0 63.5 61.9 wheat 0
481.5 592.4 453.4 607.8 418.0 542.8 446.0 527.5 wheat 0
425.0 497.4 485.3 538.7 462.7 571.6 402.4 530.4 wheat 0
571.6 566.4 648.8 608.6 633.9 635.8 556.7 593.6 wheat 0
597.2 548.0 701.3 592.0 687.3 625.2 583.2 581.2 wheat 0
527.6 501.6 572.7 539.6 561.5 553.0 516.3 515.0 wheat 0
592.6 519.0 647.9 549.2 635.9 571.2 580.6 541.0 wheat 0
683.1 535.5 729.2 567.0 700.7 608.6 654.6 577.1 wheat 0
780.7 547.1 830.8 589.3 802.7 622.6 752.7 580.4 wheat 0
749.7 533.6 690.1 539.6 683.6 475.4 743.3 469.4 wheat 0
872.1 569.0 918.9 583.5 910.4 611.2 863.5 596.7 wheat 0
1014.7 766.6 984.0 783.4 940.7 704.1 971.4 687.3 wheat 0
1009.8 668.9 987.7 691.6 944.3 649.5 966.4 626.7 wheat 0
969.1 583.8 1020.9 637.1 996.7 660.6 944.9 607.2 wheat 0
598.1 309.7 542.4 315.3 539.3 284.5 595.0 278.9 wheat 0
616.1 214.4 584.7 227.7 559.4 167.8 590.7 154.6 wheat 0
349.7 68.5 444.7 148.6 424.1 173.1 329.0 93.0 wheat 0
393.3 52.7 467.8 103.7 450.7 128.6 376.3 77.7 wheat 0
361.3 7.2 437.7 22.7 430.2 60.0 353.7 44.5 wheat 0
856.6 119.0 929.8 150.0 917.7 178.6 844.5 147.6 wheat 0
590.7 669.6 563.8 692.3 520.7 641.1 547.6 618.4 wheat 0
416.5 771.8 449.2 789.7 425.7 832.6 393.0 814.8 wheat 0
224.1 4.3 277.6 49.4 265.4 63.9 211.8 18.8 wheat 0
224.5 44.2 292.7 73.0 282.9 96.0 214.8 67.2 wheat 0
219.3 70.0 288.0 107.5 279.7 122.6 211.0 85.1 wheat 0
427.2 275.7 470.8 312.4 457.3 328.5 413.7 291.8 wheat 0
845.1 375.4 885.5 403.0 875.4 417.9 834.9 390.2 wheat 0
