538.5 176.9 682.8 191.4 677.1 248.1 532.8 233.7 wheat 0
701.0 68.9 747.7 108.2 662.6 209.2 616.0 169.9 wheat 0
766.0 132.2 866.0 186.9 838.7 236.9 738.6 182.2 wheat 0
808.0 319.5 845.0 350.7 724.3 494.0 687.2 462.8 wheat 0
914.5 352.0 955.4 415.7 783.7 526.0 742.7 462.2 wheat 0
684.7 310.8 750.6 331.2 711.0 459.2 645.1 438.9 wheat 0
621.9 376.2 672.1 427.8 558.7 537.9 508.6 486.3 wheat 0
466.7 428.1 568.2 438.3 562.0 500.0 460.5 489.8 wheat 0
698.7 494.2 732.3 536.5 635.9 612.9 602.4 570.6 wheat 0
802.3 555.5 832.5 602.6 748.4 656.6 718.1 609.5 wheat 0
893.9 464.6 976.1 549.3 938.8 585.5 856.6 500.8 wheat 0
358.4 691.3 397.0 739.9 320.2 800.8 281.7 752.2 wheat 0
151.3 776.0 213.3 776.0 213.3 869.0 151.3 869.0 wheat 0
164.5 112.6 115.7 133.3 75.2 37.5 124.0 16.8 wheat 0
308.3 204.0 372.3 204.0 372.3 250.0 308.3 250.0 wheat 0
60.3 931.0 123.5 931.0 123.5 1024.0 60.3 1024.0 wheat 0
