221.7 467.8 438.8 511.8 422.6 592.0 205.5 548.0 wheat 0
401.3 454.0 461.1 472.5 442.6 532.0 382.8 513.5 wheat 0
278.7 363.2 345.1 431.5 308.3 467.2 242.0 398.9 wheat 0
482.1 342.5 397.0 351.0 389.8 278.5 474.8 270.0 wheat 0
577.1 183.5 643.1 183.5 643.1 249.5 577.1 249.5 wheat 0
883.1 290.5 836.3 322.5 784.2 246.3 830.9 214.3 wheat 0
774.0 145.3 844.9 167.2 828.1 221.5 757.2 199.6 wheat 0
951.1 86.5 847.0 157.7 804.3 95.4 908.4 24.2 wheat 0
560.1 157.5 486.6 172.4 472.0 100.4 545.5 85.6 wheat 0
225.1 325.5 110.9 360.8 91.6 298.6 205.8 263.3 wheat 0
729.3 642.4 835.1 731.5 796.7 777.1 690.9 688.0 wheat 0
918.1 894.5 855.4 921.0 801.9 794.4 864.5 767.9 wheat 0
879.1 900.2 982.9 910.6 976.1 978.5 872.3 968.1 wheat 0
835.1 988.5 778.0 1006.2 741.9 889.6 799.0 871.9 wheat 0
612.1 880.5 566.6 911.6 510.8 830.0 556.2 798.9 wheat 0
506.1 878.5 587.1 878.5 587.1 1023.5 506.1 1023.5 wheat 0
221.1 931.5 156.5 938.0 146.8 841.3 211.4 834.8 wheat 0
287.1 976.5 233.3 987.4 217.0 906.8 270.7 896.0 wheat 0
98.0 897.2 136.8 923.7 100.1 977.5 61.2 950.9 wheat 0
5.1 846.5 65.1 846.5 65.1 937.5 5.1 937.5 wheat 0
345.1 825.5 291.4 842.1 264.1 753.9 317.8 737.3 wheat 0
429.1 827.5 386.9 856.3 327.3 769.2 369.4 740.4 wheat 0
408.1 723.5 376.8 755.7 340.8 720.8 372.1 688.6 wheat 0
496.2 646.0 570.8 669.1 552.1 729.5 477.5 706.4 wheat 0
431.6 550.1 569.1 578.0 556.1 642.5 418.5 614.6 wheat 0
433.1 614.5 349.9 631.4 337.1 568.1 420.2 551.3 wheat 0
203.1 717.5 118.2 734.7 104.6 667.6 189.5 650.4 wheat 0
20.7 622.2 79.3 640.4 60.1 702.5 1.5 684.4 wheat 0
237.4 92.3 290.1 103.0 279.1 157.5 226.4 146.8 wheat 0
558.5 702.8 604.2 716.9 590.1 762.5 544.4 748.4 wheat 0
954.1 485.5 1024.0 485.5 1024.0 539.9 954.1 539.9 wheat 0
