529.1 667.5 582.1 667.5 582.1 751.5 529.1 751.5 wheat 0
639.1 818.5 517.5 843.1 507.0 791.4 628.6 766.8 wheat 0
620.7 866.9 550.2 881.2 541.4 838.1 612.0 823.8 wheat 0
529.5 820.0 563.6 843.3 521.1 905.5 486.9 882.2 wheat 0
537.7 914.0 617.1 938.5 608.2 967.2 528.9 942.7 wheat 0
643.1 880.5 683.1 880.5 683.1 921.5 643.1 921.5 wheat 0
541.1 954.5 475.1 967.9 467.8 932.1 533.8 918.7 wheat 0
796.1 973.5 908.1 973.5 908.1 1023.5 796.1 1023.5 wheat 0
998.9 820.7 931.1 827.5 926.9 786.0 994.7 779.2 wheat 0
722.1 754.5 815.1 754.5 815.1 790.5 722.1 790.5 wheat 0
822.1 773.5 792.6 793.7 751.7 733.9 781.2 713.7 wheat 0
757.0 636.7 818.1 662.5 807.3 688.0 746.2 662.2 wheat 0
625.7 650.6 687.1 676.5 677.4 699.4 616.0 673.5 wheat 0
734.2 562.8 652.1 597.5 634.2 555.2 716.3 520.5 wheat 0
879.1 497.5 777.8 507.7 774.2 471.5 875.4 461.4 wheat 0
761.1 314.4 873.1 375.5 857.1 404.7 745.2 343.5 wheat 0
534.5 451.5 619.1 538.5 583.5 573.1 498.9 486.0 wheat 0
651.0 414.6 748.2 424.4 743.1 475.5 645.9 465.8 wheat 0
935.6 531.8 845.4 550.1 834.5 496.2 924.7 477.9 wheat 0
417.9 507.0 521.2 517.4 517.1 558.5 413.8 548.2 wheat 0
374.2 621.5 516.1 681.5 500.7 717.8 358.9 657.8 wheat 0
396.2 666.5 504.4 699.9 489.1 749.5 380.9 716.0 wheat 0
924.0 573.9 1005.1 608.2 989.2 645.8 908.1 611.5 wheat 0
372.1 474.5 488.1 474.5 488.1 512.5 372.1 512.5 wheat 0
500.1 462.5 399.2 493.7 382.2 438.6 483.0 407.4 wheat 0
234.5 272.3 332.1 313.5 318.2 346.4 220.6 305.2 wheat 0
128.2 222.2 208.1 289.5 182.2 320.2 102.3 252.9 wheat 0
318.1 567.5 159.3 583.4 154.8 538.3 313.5 522.4 wheat 0
372.1 627.5 284.5 636.3 280.4 594.6 367.9 585.9 wheat 0
235.4 598.0 297.1 661.5 272.3 685.5 210.6 622.0 wheat 0
185.8 663.5 285.1 705.5 266.1 750.4 166.8 708.5 wheat 0
64.8 692.9 189.4 705.4 185.1 748.5 60.5 736.0 wheat 0
268.0 731.1 391.9 756.2 381.1 809.5 257.2 784.4 wheat 0
221.8 759.4 317.9 778.9 308.1 827.5 211.9 808.0 wheat 0
202.1 774.1 276.1 814.5 260.8 842.5 186.8 802.1 wheat 0
352.1 877.5 246.0 888.1 241.1 838.8 347.1 828.2 wheat 0
86.1 885.5 195.1 885.5 195.1 923.5 86.1 923.5 wheat 0
6.1 879.5 78.1 879.5 78.1 909.5 6.1 909.5 wheat 0
135.1 596.2 247.1 643.5 228.7 687.0 116.7 639.6 wheat 0
513.2 256.0 569.1 286.5 556.7 309.2 500.9 278.7 wheat 0
547.7 151.6 622.0 174.6 608.1 219.5 533.8 196.6 wheat 0
232.1 442.5 124.9 464.2 117.3 426.6 224.4 404.9 wheat 0
286.1 373.5 182.3 394.5 175.9 362.9 279.7 341.9 wheat 0
138.1 359.5 75.3 393.8 59.5 364.7 122.2 330.5 wheat 0
24.4 401.2 174.1 464.5 154.7 510.4 5.0 447.1 wheat 0
589.5 372.7 671.1 428.5 642.2 470.7 560.7 414.9 wheat 0
356.1 1012.5 244.6 1023.7 238.8 966.3 350.3 955.1 wheat 0
156.1 950.5 12.4 994.9 1.7 960.3 145.3 915.8 wheat 0
22.1 911.5 133.1 911.5 133.1 945.5 22.1 945.5 wheat 0
254.1 149.7 352.1 169.5 345.4 202.4 247.4 182.5 wheat 0
148.0 159.7 241.1 188.5 226.5 235.5 133.5 206.7 wheat 0
36.7 98.1 144.1 143.5 128.0 181.6 20.6 136.2 wheat 0
77.1 22.8 214.0 50.5 205.1 94.5 68.1 66.8 wheat 0
462.4 134.1 555.0 162.7 542.1 204.5 449.4 175.9 wheat 0
471.6 96.2 563.3 114.8 554.1 160.5 462.4 141.9 wheat 0
449.6 11.4 547.2 21.2 544.1 52.5 446.5 42.7 wheat 0
752.0 22.1 868.6 71.4 849.1 117.5 732.5 68.2 wheat 0
771.9 126.8 869.5 136.6 865.1 180.5 767.5 170.7 wheat 0
908.2 240.9 992.4 298.5 967.1 335.5 882.9 277.9 wheat 0
21.5 583.6 123.1 626.5 106.0 666.9 4.5 624.0 wheat 0
722.1 427.5 680.5 445.1 652.7 379.4 694.3 361.8 wheat 0
159.1 218.5 57.1 250.0 43.8 207.0 145.7 175.5 wheat 0
19.2 224.7 131.6 247.5 123.1 289.5 10.6 266.7 wheat 0
38.2 271.1 117.1 295.5 109.0 321.5 30.1 297.1 wheat 0
