552.1 567.1 659.1 625.5 638.4 663.3 531.5 604.9 wheat 0
941.1 884.5 886.5 901.4 861.5 820.4 916.0 803.6 wheat 0
506.1 439.5 467.7 465.8 428.5 408.5 466.9 382.2 wheat 0
549.9 447.5 599.7 468.6 568.1 543.5 518.2 522.4 wheat 0
481.1 527.5 547.1 563.5 526.3 601.6 460.3 565.6 wheat 0
823.1 533.5 787.1 563.8 730.3 496.4 766.3 466.1 wheat 0
835.1 464.5 803.0 482.0 769.4 420.4 801.4 402.9 wheat 0
797.1 491.5 760.1 499.0 743.7 418.3 780.7 410.8 wheat 0
724.5 303.0 761.5 323.2 728.1 384.5 691.0 364.3 wheat 0
858.1 307.5 823.0 331.5 784.5 275.2 819.6 251.2 wheat 0
970.1 282.5 921.1 287.4 912.6 202.1 961.5 197.2 wheat 0
953.1 167.5 924.2 173.4 910.1 103.7 938.9 97.9 wheat 0
1005.1 140.5 966.7 152.4 942.5 74.3 980.9 62.5 wheat 0
589.1 200.5 548.4 204.6 541.0 130.7 581.7 126.6 wheat 0
485.6 89.7 442.1 119.5 390.9 44.7 434.5 14.9 wheat 0
403.1 236.5 364.7 262.8 312.7 186.7 351.1 160.5 wheat 0
325.1 184.5 291.7 207.4 253.6 151.7 287.0 128.9 wheat 0
205.1 234.5 174.1 255.7 150.1 220.7 181.1 199.5 wheat 0
105.1 245.5 61.2 275.5 10.1 201.0 54.1 171.0 wheat 0
143.1 505.5 103.3 517.8 81.1 446.2 120.9 433.9 wheat 0
252.2 425.8 323.1 485.5 292.4 521.9 221.5 462.2 wheat 0
367.1 433.5 343.2 470.7 301.8 444.1 325.7 406.9 wheat 0
321.9 537.1 378.1 554.5 366.1 593.3 309.9 575.9 wheat 0
316.1 576.5 279.3 587.9 262.7 534.4 299.5 523.0 wheat 0
215.7 533.9 351.1 626.5 328.9 659.0 193.5 566.4 wheat 0
184.8 604.5 228.7 608.9 214.1 754.5 170.2 750.1 wheat 0
264.1 777.5 227.8 788.7 212.1 737.9 248.3 726.7 wheat 0
61.7 764.6 153.1 814.5 133.8 849.8 42.4 799.9 wheat 0
120.6 828.7 210.1 866.5 191.8 909.6 102.3 871.8 wheat 0
282.7 863.3 335.1 879.5 323.0 918.4 270.7 902.2 wheat 0
390.1 808.2 438.1 828.5 424.3 861.1 376.3 840.9 wheat 0
489.1 864.5 574.1 864.5 574.1 913.5 489.1 913.5 wheat 0
615.8 825.0 665.1 866.5 641.0 895.1 591.7 853.6 wheat 0
806.3 881.8 857.7 903.6 842.1 940.5 790.7 918.8 wheat 0
815.3 784.5 894.1 827.5 873.0 866.1 794.2 823.1 wheat 0
162.5 895.9 242.1 929.5 226.5 966.3 146.9 932.7 wheat 0
734.1 1002.5 683.2 1024.0 658.7 966.0 709.5 944.5 wheat 0
485.1 571.5 525.1 571.5 525.1 636.5 485.1 636.5 wheat 0
