336.7 557.6 426.7 557.6 426.7 608.6 336.7 608.6 wheat 0
532.8 569.6 573.4 573.7 567.7 630.6 527.1 626.5 wheat 0
622.7 543.6 580.5 579.2 547.2 539.6 589.4 504.0 wheat 0
581.8 500.2 551.4 506.4 544.7 473.0 575.0 466.9 wheat 0
672.4 663.0 623.4 673.0 611.1 612.2 660.1 602.3 wheat 0
588.6 630.5 628.3 671.3 587.7 710.6 548.1 669.8 wheat 0
663.5 720.4 620.6 749.8 598.0 716.8 640.9 687.4 wheat 0
564.3 705.8 596.7 712.3 588.1 754.5 555.8 747.9 wheat 0
518.7 628.2 557.4 649.3 548.7 665.1 510.1 644.0 wheat 0
561.7 860.6 465.4 901.4 439.2 839.4 535.5 798.6 wheat 0
561.1 807.7 616.4 845.5 565.7 919.6 510.4 881.8 wheat 0
553.9 920.1 603.1 930.1 585.7 1015.6 536.6 1005.6 wheat 0
448.3 894.3 505.1 905.8 497.2 945.0 440.3 933.5 wheat 0
422.7 934.5 350.0 957.0 338.8 920.7 411.4 898.2 wheat 0
303.6 880.0 338.7 899.2 299.9 970.2 264.8 951.1 wheat 0
256.7 943.6 270.8 953.2 233.6 1007.6 219.5 998.0 wheat 0
273.6 954.6 296.7 970.4 271.9 1006.7 248.8 990.9 wheat 0
240.7 900.6 178.7 926.9 132.1 816.7 194.2 790.5 wheat 0
208.4 735.1 285.8 759.0 270.7 807.6 193.4 783.7 wheat 0
153.0 706.3 210.1 717.9 194.7 793.6 137.6 782.0 wheat 0
78.7 798.6 117.9 806.5 98.8 900.6 59.6 892.7 wheat 0
103.7 923.6 143.7 923.6 143.7 1000.6 103.7 1000.6 wheat 0
244.7 692.0 302.5 703.7 297.8 727.2 239.9 715.5 wheat 0
177.1 464.0 234.9 488.4 199.7 571.6 141.9 547.2 wheat 0
244.0 463.6 285.8 467.8 281.4 511.6 239.6 507.4 wheat 0
272.7 380.6 387.7 380.6 387.7 439.6 272.7 439.6 wheat 0
294.7 493.6 347.7 493.6 347.7 530.6 294.7 530.6 wheat 0
338.4 525.3 364.8 530.6 358.1 564.0 331.6 558.6 wheat 0
104.7 550.6 65.2 591.3 17.0 544.5 56.5 503.8 wheat 0
64.8 397.2 118.5 433.9 68.7 506.6 15.1 469.9 wheat 0
223.7 341.6 127.0 394.4 104.0 352.3 200.7 299.5 wheat 0
421.7 330.6 357.3 357.9 331.9 297.8 396.3 270.6 wheat 0
321.7 269.6 382.7 269.6 382.7 301.6 321.7 301.6 wheat 0
157.7 297.6 49.7 356.6 15.9 294.7 123.9 235.7 wheat 0
40.1 110.9 111.9 160.1 80.3 206.3 8.5 157.2 wheat 0
5.7 206.6 48.7 206.6 48.7 252.6 5.7 252.6 wheat 0
574.7 276.1 527.9 280.8 521.8 219.1 568.5 214.4 wheat 0
505.3 291.9 570.2 305.0 558.7 361.6 493.9 348.5 wheat 0
558.7 337.6 605.7 337.6 605.7 388.6 558.7 388.6 wheat 0
615.3 419.8 580.5 423.3 577.2 390.4 612.0 387.0 wheat 0
629.0 358.3 663.4 368.9 650.4 411.0 616.0 400.3 wheat 0
664.6 303.8 705.7 316.5 685.9 380.5 644.8 367.8 wheat 0
676.2 386.0 703.4 404.6 676.7 443.6 649.5 425.0 wheat 0
777.9 423.3 820.6 452.5 791.7 494.6 749.1 465.4 wheat 0
810.9 428.0 854.0 436.8 838.5 513.2 795.4 504.5 wheat 0
756.4 539.9 785.0 564.0 766.7 585.6 738.2 561.6 wheat 0
769.1 606.5 835.7 662.6 812.2 690.6 745.6 634.5 wheat 0
759.7 649.2 869.1 708.9 845.7 751.6 736.4 691.9 wheat 0
802.7 859.6 762.3 887.3 685.2 774.5 725.6 746.9 wheat 0
382.9 103.9 414.4 121.1 391.3 163.4 359.8 146.3 wheat 0
398.2 32.7 455.0 44.3 447.9 78.9 391.1 67.4 wheat 0
520.0 67.9 556.9 105.9 529.5 132.6 492.6 94.5 wheat 0
659.9 156.9 622.0 160.8 616.1 102.5 654.1 98.7 wheat 0
551.0 145.9 574.6 155.9 558.9 192.9 535.4 183.0 wheat 0
681.2 211.9 725.3 220.8 717.7 258.0 673.6 249.1 wheat 0
632.9 59.9 583.5 64.9 577.6 6.3 627.1 1.3 wheat 0
358.8 0.6 414.7 11.9 408.1 44.3 352.2 33.0 wheat 0
947.9 2.9 993.9 2.9 993.9 55.9 947.9 55.9 wheat 0
952.8 55.2 996.7 68.8 983.1 112.7 939.2 99.1 wheat 0
915.9 125.9 998.9 125.9 998.9 177.9 915.9 177.9 wheat 0
938.9 259.9 978.9 259.9 978.9 308.9 938.9 308.9 wheat 0
988.9 748.9 1022.9 748.9 1022.9 795.9 988.9 795.9 wheat 0
1017.8 893.8 971.9 907.9 958.9 865.9 1004.8 851.7 wheat 0
894.9 881.9 863.2 908.7 801.7 835.7 833.4 808.9 wheat 0
864.9 998.9 813.6 1009.4 789.8 892.2 841.2 881.8 wheat 0
797.9 925.4 850.2 969.5 816.9 1008.9 764.7 964.9 wheat 0
588.9 878.9 612.9 878.9 612.9 912.9 588.9 912.9 wheat 0
668.8 871.3 700.0 910.7 676.9 928.9 645.7 889.6 wheat 0
701.9 1006.9 662.1 1023.8 641.0 973.8 680.8 957.0 wheat 0
