593.1 716.7 549.8 735.0 493.4 601.5 536.6 583.2 wheat 0
625.6 732.8 541.7 778.6 526.7 751.1 610.6 705.3 wheat 0
605.7 645.6 699.7 645.6 699.7 687.6 605.7 687.6 wheat 0
639.1 569.6 589.7 596.6 549.0 522.0 598.4 495.0 wheat 0
702.1 530.4 780.7 596.6 752.9 629.6 674.3 563.4 wheat 0
804.2 497.0 913.9 519.3 904.7 564.6 795.0 542.4 wheat 0
806.9 531.7 777.7 547.6 736.9 472.9 766.1 456.9 wheat 0
827.6 593.3 898.8 632.2 882.7 661.6 811.5 622.7 wheat 0
951.6 587.0 984.3 604.8 946.7 673.6 914.0 655.7 wheat 0
1019.7 508.6 983.7 528.3 958.8 482.6 994.8 463.0 wheat 0
945.7 382.6 1023.7 382.6 1023.7 438.6 945.7 438.6 wheat 0
851.7 440.6 881.7 440.6 881.7 466.6 851.7 466.6 wheat 0
847.6 429.4 806.8 433.5 798.9 354.9 839.7 350.8 wheat 0
750.6 213.5 813.7 278.5 783.7 307.6 720.6 242.6 wheat 0
839.5 203.5 872.7 221.6 845.0 272.5 811.8 254.3 wheat 0
875.6 128.5 958.7 163.6 945.1 195.8 862.0 160.6 wheat 0
892.6 166.1 926.7 189.4 906.7 218.6 872.7 195.3 wheat 0
965.7 256.6 939.7 261.9 926.5 196.7 952.5 191.5 wheat 0
583.7 76.6 678.7 76.6 678.7 114.6 583.7 114.6 wheat 0
609.5 129.1 570.7 155.6 520.1 81.7 558.9 55.1 wheat 0
478.1 24.3 566.6 33.2 562.4 75.0 473.9 66.1 wheat 0
402.3 72.3 483.9 88.9 477.4 121.2 395.7 104.6 wheat 0
502.7 119.6 544.7 119.6 544.7 238.6 502.7 238.6 wheat 0
664.4 231.8 632.8 258.4 582.1 198.3 613.7 171.6 wheat 0
585.2 322.1 468.4 329.1 465.3 278.2 582.1 271.2 wheat 0
573.1 308.2 637.7 335.4 625.7 363.6 561.2 336.3 wheat 0
361.6 274.8 338.0 279.6 329.9 239.4 353.4 234.6 wheat 0
287.1 217.9 257.8 238.0 210.3 168.7 239.7 148.6 wheat 0
85.8 116.6 201.6 179.9 183.7 212.6 68.0 149.4 wheat 0
172.2 177.8 148.6 182.5 139.3 136.5 162.8 131.7 wheat 0
369.7 475.6 334.5 505.3 240.9 394.2 276.2 364.5 wheat 0
376.7 390.2 479.4 476.7 456.7 503.6 354.1 417.1 wheat 0
415.7 423.6 468.7 423.6 468.7 455.6 415.7 455.6 wheat 0
443.2 490.0 494.1 517.8 476.3 550.3 425.4 522.4 wheat 0
61.7 339.6 139.7 339.6 139.7 388.6 61.7 388.6 wheat 0
136.0 376.6 266.9 466.2 244.7 498.6 113.8 409.0 wheat 0
79.6 396.3 185.0 468.4 167.7 493.6 62.4 421.5 wheat 0
28.7 349.6 82.7 349.6 82.7 425.6 28.7 425.6 wheat 0
0.7 469.6 49.7 469.6 49.7 510.6 0.7 510.6 wheat 0
92.7 508.6 174.7 508.6 174.7 571.6 92.7 571.6 wheat 0
282.3 546.4 356.9 587.1 340.1 617.8 265.5 577.1 wheat 0
314.9 588.7 349.1 631.8 325.6 650.5 291.4 607.4 wheat 0
738.6 741.6 838.6 796.2 820.9 828.7 720.8 774.0 wheat 0
895.2 828.4 958.9 855.3 941.4 896.5 877.7 869.6 wheat 0
856.0 812.6 895.7 824.9 886.4 854.9 846.7 842.6 wheat 0
828.7 868.7 805.9 881.2 784.8 842.5 807.6 830.1 wheat 0
669.5 918.5 755.7 927.1 751.7 966.6 665.6 958.0 wheat 0
754.7 903.5 794.2 920.2 776.7 961.6 737.2 944.9 wheat 0
914.4 1003.2 851.3 1022.7 843.1 996.0 906.1 976.5 wheat 0
1021.4 999.0 963.1 1017.0 955.1 991.2 1013.4 973.2 wheat 0
981.7 696.6 1022.7 696.6 1022.7 837.6 981.7 837.6 wheat 0
639.7 916.6 669.3 916.6 669.3 1022.0 639.7 1022.0 wheat 0
444.9 994.1 396.2 998.9 391.6 953.2 440.3 948.3 wheat 0
301.7 909.6 273.6 928.9 220.7 851.6 248.9 832.4 wheat 0
150.8 753.9 249.0 821.1 223.6 858.3 125.4 791.1 wheat 0
298.8 743.5 359.8 762.3 350.7 791.6 289.7 772.7 wheat 0
388.4 768.3 319.8 782.2 313.1 748.9 381.7 735.0 wheat 0
187.0 949.1 218.4 981.4 177.5 1021.1 146.1 988.8 wheat 0
298.9 984.9 242.4 1002.4 235.6 980.4 292.1 962.9 wheat 0
243.7 994.6 295.7 994.6 295.7 1023.6 243.7 1023.6 wheat 0
233.0 497.1 316.7 514.0 310.7 543.6 227.0 526.6 wheat 0
23.4 878.7 70.4 910.8 52.7 936.6 5.8 904.5 wheat 0
