534.7 408.0 575.4 435.8 438.1 636.5 397.4 608.7 wheat 0
740.1 385.6 774.7 409.2 641.1 604.5 606.5 580.8 wheat 0
668.1 418.5 710.1 418.5 710.1 611.5 668.1 611.5 wheat 0
755.1 797.5 716.2 813.9 675.0 716.5 713.9 700.0 wheat 0
748.7 870.1 652.1 951.5 623.1 917.2 719.8 835.7 wheat 0
574.1 985.5 528.6 1010.4 467.3 898.2 512.8 873.4 wheat 0
476.1 934.5 444.8 944.2 386.0 754.0 417.2 744.3 wheat 0
216.0 699.3 273.4 710.9 231.1 919.5 173.7 907.9 wheat 0
165.1 934.5 108.2 946.0 60.6 711.3 117.5 699.8 wheat 0
479.3 210.9 518.3 251.1 283.1 479.5 244.1 439.4 wheat 0
700.1 351.5 436.8 404.9 426.7 355.4 690.0 302.0 wheat 0
472.8 281.5 714.8 330.6 705.1 378.5 463.1 329.5 wheat 0
982.1 400.5 834.3 415.3 830.0 373.2 977.8 358.3 wheat 0
874.1 296.5 912.1 296.5 912.1 465.5 874.1 465.5 wheat 0
964.1 369.5 1023.1 369.5 1023.1 565.5 964.1 565.5 wheat 0
407.1 117.5 116.5 324.9 73.8 265.0 364.3 57.6 wheat 0
114.1 402.6 222.1 424.5 211.6 475.9 103.7 454.0 wheat 0
647.1 608.5 686.1 608.5 686.1 816.5 647.1 816.5 wheat 0
