223.3 709.0 143.3 733.8 89.3 559.2 169.3 534.5 wheat 0
419.3 388.0 517.3 388.0 517.3 452.0 419.3 452.0 wheat 0
281.6 271.2 328.5 363.4 264.3 396.0 217.4 303.9 wheat 0
181.9 130.2 307.3 216.0 269.2 271.8 143.7 186.0 wheat 0
432.3 76.0 610.3 76.0 610.3 140.0 432.3 140.0 wheat 0
500.7 184.6 590.5 212.3 571.9 272.5 482.1 244.7 wheat 0
624.5 256.9 698.1 279.6 669.1 373.2 595.6 350.5 wheat 0
641.0 389.3 744.2 421.3 727.6 474.8 624.5 442.8 wheat 0
421.4 745.6 483.6 788.2 374.5 947.6 312.3 905.0 wheat 0
547.6 846.3 491.2 863.7 464.0 775.8 520.4 758.4 wheat 0
622.7 950.8 573.9 971.4 534.9 879.3 583.8 858.7 wheat 0
671.3 819.0 841.3 819.0 841.3 884.0 671.3 884.0 wheat 0
925.8 718.5 990.2 731.5 962.3 869.0 897.9 856.0 wheat 0
184.2 816.8 236.2 860.6 150.5 962.3 98.5 918.5 wheat 0
92.3 734.0 157.3 734.0 157.3 795.0 92.3 795.0 wheat 0
299.6 806.0 232.9 842.4 195.0 773.1 261.7 736.7 wheat 0
1009.3 356.0 922.5 429.2 893.3 394.6 980.2 321.4 wheat 0
1010.1 261.9 964.3 309.0 898.9 245.5 944.7 198.4 wheat 0
