290.0 69.0 132.8 84.8 126.7 24.1 283.9 8.3 wheat 0
272.3 142.0 328.3 142.0 328.3 237.0 272.3 237.0 wheat 0
560.0 504.8 504.2 516.2 473.6 365.2 529.5 353.9 wheat 0
188.8 163.1 227.9 212.5 108.9 307.0 69.7 257.6 wheat 0
318.9 386.7 259.1 412.0 212.7 302.4 272.6 277.1 wheat 0
181.6 360.1 69.9 382.7 57.0 319.0 168.7 296.4 wheat 0
696.5 274.1 747.7 309.1 686.1 399.0 635.0 364.0 wheat 0
974.1 321.8 928.8 368.4 815.5 258.3 860.8 211.7 wheat 0
748.3 339.0 799.3 339.0 799.3 447.0 748.3 447.0 wheat 0
360.3 520.4 223.1 548.2 208.4 475.7 345.6 447.9 wheat 0
397.6 553.9 466.2 567.9 449.1 652.1 380.5 638.2 wheat 0
868.8 522.8 941.4 530.1 926.8 675.3 854.2 668.0 wheat 0
416.8 947.7 342.2 979.2 306.8 895.4 381.4 863.9 wheat 0
932.8 845.0 1019.4 853.7 1006.8 979.1 920.2 970.4 wheat 0
364.0 484.1 395.7 524.0 337.7 570.0 306.0 530.1 wheat 0
681.1 420.7 628.5 449.4 581.5 363.4 634.2 334.7 wheat 0
923.5 754.1 1025.9 764.3 1019.5 828.0 917.1 817.7 wheat 0
