610.7 430.8 787.8 448.5 782.7 498.6 605.7 480.9 wheat 0
845.7 545.6 797.8 565.9 759.8 475.8 807.7 455.6 wheat 0
752.4 562.2 716.7 586.6 661.4 505.7 697.0 481.3 wheat 0
736.9 612.8 815.7 655.9 784.7 712.6 705.9 669.6 wheat 0
867.2 484.4 951.5 501.5 944.3 536.8 860.0 519.7 wheat 0
1013.7 559.6 912.1 580.2 903.2 536.7 1004.9 516.1 wheat 0
907.4 566.2 1020.2 643.4 996.7 677.6 884.0 600.5 wheat 0
877.4 608.7 1002.7 766.6 960.3 800.3 835.0 642.3 wheat 0
1022.7 834.6 983.6 861.4 943.4 802.7 982.6 775.9 wheat 0
863.7 872.6 933.7 872.6 933.7 1020.6 863.7 1020.6 wheat 0
629.1 758.2 760.1 893.2 724.7 927.6 593.6 792.6 wheat 0
746.3 1002.1 619.0 1014.9 613.2 957.1 740.5 944.4 wheat 0
514.7 725.6 565.7 725.6 565.7 818.6 514.7 818.6 wheat 0
515.7 1012.6 460.9 1023.7 442.7 933.9 497.5 922.8 wheat 0
530.8 579.0 481.0 584.0 474.7 521.3 524.5 516.3 wheat 0
333.4 541.3 479.4 570.9 469.1 621.9 323.1 592.3 wheat 0
464.0 575.0 542.8 641.3 512.5 677.3 433.7 610.9 wheat 0
311.6 335.7 453.9 364.5 444.7 409.6 302.4 380.8 wheat 0
432.2 330.0 361.2 368.8 336.2 323.2 407.3 284.4 wheat 0
148.0 550.5 63.8 596.5 47.5 566.7 131.7 520.7 wheat 0
70.1 568.6 158.1 595.8 141.7 648.6 53.7 621.4 wheat 0
40.9 559.7 78.7 585.6 39.8 642.5 1.9 616.6 wheat 0
1.7 694.6 50.7 694.6 50.7 743.6 1.7 743.6 wheat 0
28.9 864.8 122.8 904.5 102.6 952.4 8.6 912.7 wheat 0
250.7 464.2 330.3 531.2 296.8 571.0 217.2 504.0 wheat 0
95.7 253.6 145.7 253.6 145.7 369.6 95.7 369.6 wheat 0
91.7 328.2 141.2 362.0 114.7 400.6 65.3 366.8 wheat 0
235.7 50.6 293.7 50.6 293.7 143.6 235.7 143.6 wheat 0
277.1 147.5 344.0 168.1 328.3 218.8 261.5 198.1 wheat 0
292.9 181.8 362.6 253.5 324.6 290.4 254.9 218.7 wheat 0
360.6 283.6 223.3 297.4 218.8 252.6 356.1 238.8 wheat 0
84.9 154.0 128.2 172.3 58.7 336.6 15.4 318.3 wheat 0
58.9 172.8 90.7 205.6 41.2 253.7 9.4 220.9 wheat 0
147.7 87.6 28.8 99.6 22.9 41.4 141.9 29.4 wheat 0
496.7 139.6 446.1 174.2 428.1 147.9 478.7 113.3 wheat 0
563.3 163.8 647.1 250.0 622.7 273.6 539.0 187.4 wheat 0
546.1 73.1 407.3 149.0 381.9 102.5 520.7 26.6 wheat 0
475.2 2.3 540.0 56.9 521.7 78.6 456.9 24.0 wheat 0
726.4 122.0 749.5 134.6 722.7 183.6 699.6 171.0 wheat 0
753.2 227.9 705.4 242.7 688.3 187.3 736.0 172.5 wheat 0
820.4 154.7 911.7 204.6 885.7 252.2 794.4 202.3 wheat 0
938.4 52.9 964.9 58.2 946.0 151.4 919.6 146.0 wheat 0
951.9 84.5 981.3 90.5 966.9 161.6 937.5 155.6 wheat 0
891.2 218.5 944.8 235.1 925.7 296.6 872.2 280.0 wheat 0
786.0 269.7 869.0 339.6 832.7 382.6 749.8 312.7 wheat 0
865.8 273.2 930.7 308.6 913.0 341.1 848.1 305.7 wheat 0
746.6 308.6 781.7 332.6 756.1 370.0 721.0 346.0 wheat 0
