601.5 535.6 808.1 648.5 774.7 709.6 568.1 596.7 wheat 0
614.7 837.3 665.4 842.4 655.8 937.9 605.1 932.8 wheat 0
431.2 691.7 577.3 791.6 551.3 829.6 405.2 729.6 wheat 0
543.7 910.6 406.9 924.3 401.9 874.9 538.8 861.2 wheat 0
388.7 706.6 437.4 721.7 365.7 953.4 317.1 938.3 wheat 0
346.7 662.6 265.7 679.0 253.8 620.4 334.9 604.0 wheat 0
331.9 632.2 386.4 669.5 365.5 700.0 311.1 662.8 wheat 0
346.1 716.8 251.5 746.1 236.4 697.4 331.0 668.1 wheat 0
298.8 752.9 217.8 821.2 192.6 791.3 273.7 723.1 wheat 0
134.7 554.6 162.7 554.6 162.7 603.6 134.7 603.6 wheat 0
36.5 688.5 99.7 753.6 66.9 785.5 3.7 720.3 wheat 0
166.5 996.7 121.7 1015.6 21.1 777.6 65.9 758.6 wheat 0
87.7 936.5 8.1 944.5 1.8 881.8 81.4 873.8 wheat 0
141.7 998.6 105.3 1023.6 7.3 880.4 43.8 855.5 wheat 0
305.6 973.0 216.0 982.0 209.9 921.3 299.5 912.3 wheat 0
273.4 884.9 303.3 915.7 281.1 937.3 251.1 906.5 wheat 0
827.7 863.6 963.7 863.6 963.7 919.6 827.7 919.6 wheat 0
810.5 946.8 874.7 966.6 859.0 1017.5 794.8 997.6 wheat 0
882.2 813.5 850.7 823.2 794.3 640.8 825.8 631.0 wheat 0
937.7 837.6 893.5 842.1 876.8 676.0 921.1 671.6 wheat 0
797.3 361.3 852.7 391.6 737.4 602.8 682.0 572.5 wheat 0
584.7 523.6 435.4 569.8 419.7 518.9 569.0 472.7 wheat 0
640.5 517.8 599.3 540.3 548.0 446.4 589.2 423.9 wheat 0
439.3 258.1 327.5 352.2 291.0 308.8 402.7 214.6 wheat 0
479.2 308.6 345.3 421.4 315.8 386.4 449.7 273.6 wheat 0
304.1 188.9 434.0 298.3 406.7 330.6 276.9 221.3 wheat 0
353.6 128.2 613.2 346.8 573.7 393.6 314.2 175.0 wheat 0
866.7 256.6 590.8 445.4 558.0 397.4 833.9 208.6 wheat 0
736.3 503.5 635.8 513.6 632.2 477.7 732.7 467.7 wheat 0
691.6 386.5 847.6 517.9 821.7 548.6 665.7 417.2 wheat 0
927.7 388.6 867.6 414.0 822.0 306.2 882.1 280.7 wheat 0
916.0 335.6 951.3 359.8 807.7 569.6 772.4 545.5 wheat 0
926.7 751.6 1020.7 751.6 1020.7 807.6 926.7 807.6 wheat 0
192.6 454.1 153.9 470.5 130.9 416.1 169.6 399.8 wheat 0
160.7 452.6 122.8 478.6 57.4 383.1 95.4 357.1 wheat 0
67.5 -0.3 118.7 15.6 49.9 238.2 -1.3 222.4 wheat 0
187.7 338.6 24.5 407.7 4.0 359.2 167.2 290.1 wheat 0
502.7 65.6 354.1 146.8 331.8 105.9 480.4 24.7 wheat 0
603.3 53.8 453.2 135.8 428.9 91.2 578.9 9.2 wheat 0
722.2 5.7 760.2 31.7 685.7 140.6 647.7 114.6 wheat 0
635.7 147.6 682.7 147.6 682.7 226.6 635.7 226.6 wheat 0
662.9 241.8 620.8 270.6 579.6 210.4 621.7 181.6 wheat 0
976.7 59.6 807.2 112.1 788.8 52.5 958.3 0.0 wheat 0
866.0 124.1 772.7 202.7 749.5 175.1 842.8 96.6 wheat 0
1022.7 147.6 922.0 178.8 905.3 125.0 1006.1 93.9 wheat 0
950.8 160.7 852.5 214.4 836.7 185.5 935.0 131.8 wheat 0
163.8 4.5 324.1 20.5 320.7 53.6 160.5 37.5 wheat 0
515.6 577.0 572.0 594.5 556.9 643.2 500.5 625.8 wheat 0
702.1 666.6 735.1 689.2 707.4 729.6 674.4 707.0 wheat 0
507.7 257.6 589.7 257.6 589.7 291.6 507.7 291.6 wheat 0
