224.1 472.5 196.0 487.9 143.7 392.2 171.8 376.8 wheat 0
231.7 391.9 273.1 434.5 250.6 456.3 209.2 413.8 wheat 0
302.1 345.5 377.1 345.5 377.1 388.5 302.1 388.5 wheat 0
518.1 281.5 469.2 314.9 414.2 234.5 463.1 201.1 wheat 0
557.1 239.5 517.1 266.8 450.3 169.2 490.3 141.9 wheat 0
702.9 157.7 736.0 191.9 691.1 235.5 657.9 201.4 wheat 0
506.1 0.5 558.1 0.5 558.1 104.5 506.1 104.5 wheat 0
384.5 86.4 451.1 114.5 437.7 146.1 371.1 118.0 wheat 0
443.1 201.5 406.2 232.6 332.9 145.6 369.8 114.5 wheat 0
301.1 140.5 221.0 148.5 215.8 96.2 295.8 88.2 wheat 0
3.1 186.5 59.1 186.5 59.1 242.5 3.1 242.5 wheat 0
239.1 325.5 180.4 357.6 141.4 286.2 200.1 254.2 wheat 0
368.9 408.6 412.6 417.4 401.1 474.5 357.3 465.6 wheat 0
456.1 500.5 411.2 514.4 392.2 452.8 437.0 439.0 wheat 0
647.1 409.5 589.6 433.8 569.1 385.3 626.6 361.0 wheat 0
687.4 390.5 726.1 402.5 715.1 438.1 676.4 426.1 wheat 0
639.9 350.1 675.4 365.1 649.1 427.5 613.6 412.5 wheat 0
893.1 348.5 827.8 355.1 822.9 307.0 888.2 300.4 wheat 0
959.1 307.5 1018.1 307.5 1018.1 391.5 959.1 391.5 wheat 0
843.4 393.1 965.1 444.5 950.3 479.3 828.6 427.9 wheat 0
776.1 545.5 695.3 553.6 689.5 496.0 770.3 487.9 wheat 0
633.8 444.3 716.1 452.5 711.5 498.2 629.2 489.9 wheat 0
617.5 653.4 661.8 672.2 635.1 735.5 590.7 716.8 wheat 0
822.9 592.8 698.5 618.0 687.5 563.8 811.9 538.6 wheat 0
853.1 644.5 800.1 649.8 796.1 610.2 849.1 604.8 wheat 0
539.1 707.9 577.7 729.0 550.1 779.5 511.5 758.4 wheat 0
549.1 651.5 599.1 651.5 599.1 713.5 549.1 713.5 wheat 0
463.7 594.1 523.1 626.5 508.6 653.0 449.2 620.6 wheat 0
440.7 642.4 393.1 691.5 359.7 659.1 407.4 610.0 wheat 0
481.1 830.5 441.2 864.1 402.4 818.0 442.2 784.4 wheat 0
444.1 761.5 408.2 768.8 398.9 722.8 434.8 715.6 wheat 0
399.1 719.5 265.3 732.9 260.2 681.5 393.9 668.0 wheat 0
232.7 534.1 358.1 559.5 347.3 612.8 221.9 587.4 wheat 0
251.1 554.5 194.0 578.6 171.1 524.4 228.1 500.3 wheat 0
81.8 340.5 150.2 361.7 136.1 407.5 67.6 386.3 wheat 0
143.1 336.5 112.7 339.6 106.1 273.6 136.4 270.6 wheat 0
216.6 53.6 258.5 82.3 209.1 154.5 167.1 125.8 wheat 0
411.7 66.3 456.8 75.4 450.4 106.8 405.3 97.6 wheat 0
98.4 612.7 137.7 629.3 124.1 661.5 84.7 644.9 wheat 0
49.1 655.5 84.1 655.5 84.1 696.5 49.1 696.5 wheat 0
92.1 541.5 20.3 580.7 -0.0 543.6 71.8 504.4 wheat 0
10.2 575.5 45.4 582.6 36.1 628.5 0.9 621.4 wheat 0
197.7 721.2 231.7 744.5 192.1 802.5 158.0 779.2 wheat 0
244.6 792.0 276.3 813.7 221.1 894.5 189.3 872.8 wheat 0
90.9 796.1 143.1 818.2 126.1 858.5 73.8 836.4 wheat 0
67.8 742.7 116.1 747.5 111.1 797.5 62.8 792.7 wheat 0
60.5 876.5 119.1 908.5 98.9 945.5 40.3 913.5 wheat 0
341.1 952.5 375.8 976.3 351.6 1011.8 316.8 988.0 wheat 0
452.1 950.5 489.1 950.5 489.1 991.5 452.1 991.5 wheat 0
546.8 897.5 634.1 924.5 620.8 967.4 533.5 940.4 wheat 0
671.1 998.5 628.5 1007.1 613.7 934.2 656.3 925.5 wheat 0
861.1 892.5 835.6 914.0 789.8 859.6 815.3 838.1 wheat 0
907.0 846.4 1006.1 900.5 987.3 934.9 888.2 880.8 wheat 0
869.3 902.9 907.1 934.8 839.1 1015.5 801.3 983.7 wheat 0
614.1 835.5 652.1 835.5 652.1 875.5 614.1 875.5 wheat 0
621.1 843.5 559.2 885.8 528.7 841.2 590.5 798.9 wheat 0
690.1 659.5 637.7 675.7 609.2 583.6 661.6 567.4 wheat 0
204.5 612.5 264.1 618.5 258.9 669.5 199.4 663.5 wheat 0
