515.1 498.5 590.8 513.8 529.1 818.0 453.5 802.7 wheat 0
790.9 589.9 865.1 612.9 786.1 868.5 711.8 845.6 wheat 0
759.1 844.5 718.7 866.6 668.4 774.6 708.8 752.5 wheat 0
837.1 628.5 599.0 829.0 559.5 782.1 797.5 581.6 wheat 0
876.2 530.2 991.1 648.5 940.0 698.1 825.1 579.8 wheat 0
836.1 562.5 786.7 583.4 755.9 510.6 805.3 489.8 wheat 0
372.1 471.5 435.1 471.5 435.1 639.5 372.1 639.5 wheat 0
257.0 508.4 348.8 517.7 329.8 706.7 238.1 697.5 wheat 0
369.1 672.5 172.5 779.9 142.9 725.8 339.5 618.4 wheat 0
403.6 779.0 442.4 811.8 395.6 867.3 356.8 834.6 wheat 0
626.9 897.7 853.1 943.5 839.3 1011.5 613.1 965.7 wheat 0
819.9 848.4 947.8 918.2 911.1 985.5 783.2 915.6 wheat 0
64.2 759.7 429.1 872.5 408.1 940.3 43.3 827.4 wheat 0
23.1 884.5 255.1 884.5 255.1 968.5 23.1 968.5 wheat 0
233.4 293.5 151.0 318.9 130.2 251.5 212.5 226.0 wheat 0
552.1 350.5 492.3 369.0 433.4 178.5 493.1 160.1 wheat 0
342.1 27.5 607.1 27.5 607.1 107.5 342.1 107.5 wheat 0
12.1 58.6 278.1 112.5 266.0 172.1 -0.0 118.2 wheat 0
407.6 543.1 641.1 566.5 635.8 618.9 402.3 595.5 wheat 0
