687.1 473.3 749.7 486.0 728.1 592.5 665.5 579.8 wheat 0
825.3 673.5 861.5 710.7 772.1 797.5 735.9 760.3 wheat 0
891.3 799.2 1017.5 838.3 1001.1 891.5 874.9 852.5 wheat 0
1003.1 959.5 967.1 1004.8 900.3 951.8 936.2 906.5 wheat 0
559.1 815.5 498.8 827.7 473.7 703.7 533.9 691.5 wheat 0
218.1 512.5 91.2 599.3 44.8 531.5 171.7 444.7 wheat 0
267.1 457.5 192.6 489.0 169.1 433.4 243.5 401.9 wheat 0
422.7 405.8 464.9 423.7 429.1 508.5 386.8 490.7 wheat 0
485.2 345.8 527.9 363.9 495.1 441.5 452.4 423.5 wheat 0
316.1 365.5 265.0 381.3 241.3 304.9 292.4 289.1 wheat 0
383.3 217.2 487.1 217.2 487.1 285.5 383.3 285.5 wheat 0
728.0 292.7 594.6 306.0 588.2 241.4 721.5 228.0 wheat 0
890.1 223.5 797.2 262.8 775.1 210.5 868.0 171.2 wheat 0
545.1 350.5 415.0 390.7 395.6 328.0 525.7 287.8 wheat 0
683.1 412.5 738.1 412.5 738.1 510.5 683.1 510.5 wheat 0
942.1 526.5 880.4 560.2 797.5 408.3 859.1 374.6 wheat 0
558.1 564.5 627.1 564.5 627.1 695.5 558.1 695.5 wheat 0
508.1 711.5 451.8 750.0 410.0 689.0 466.3 650.5 wheat 0
258.1 781.5 186.2 803.7 147.0 677.0 218.9 654.7 wheat 0
129.0 631.2 194.1 732.5 138.7 768.1 73.6 666.8 wheat 0
373.1 811.5 312.3 837.2 290.6 785.9 351.4 760.2 wheat 0
489.1 888.5 366.3 900.8 360.5 842.4 483.2 830.1 wheat 0
494.1 978.5 423.2 985.6 413.1 885.3 484.0 878.2 wheat 0
122.1 845.5 70.8 873.5 16.2 773.6 67.5 745.6 wheat 0
110.1 973.5 61.0 1000.3 13.7 913.8 62.8 887.0 wheat 0
667.1 138.2 749.0 154.8 732.1 238.5 650.2 221.9 wheat 0
635.1 109.5 503.8 122.7 497.5 59.5 628.7 46.3 wheat 0
670.5 16.2 753.9 61.8 724.1 116.5 640.6 70.9 wheat 0
394.2 74.1 449.9 85.4 432.1 173.5 376.4 162.2 wheat 0
455.7 99.1 492.5 124.3 441.1 199.5 404.2 174.3 wheat 0
331.4 73.3 277.1 110.5 226.9 37.2 281.3 -0.0 wheat 0
284.1 147.5 167.7 227.1 133.6 177.2 250.0 97.7 wheat 0
158.1 261.5 90.4 282.4 69.0 213.3 136.7 192.4 wheat 0
