400.6 286.0 243.4 301.7 236.1 229.1 393.3 213.3 wheat 0
406.3 49.0 475.3 49.0 475.3 206.0 406.3 206.0 wheat 0
571.3 388.0 438.0 415.0 427.3 362.1 560.6 335.1 wheat 0
590.3 289.0 643.3 289.0 643.3 334.0 590.3 334.0 wheat 0
789.3 51.0 912.8 76.0 903.3 123.1 779.8 98.0 wheat 0
871.3 203.0 974.3 203.0 974.3 256.0 871.3 256.0 wheat 0
790.3 186.0 871.3 186.0 871.3 257.0 790.3 257.0 wheat 0
916.3 383.0 980.3 383.0 980.3 491.0 916.3 491.0 wheat 0
676.3 494.4 779.4 538.0 758.4 587.7 655.2 544.1 wheat 0
707.7 670.8 647.3 712.0 553.5 575.0 613.9 533.7 wheat 0
830.3 649.0 954.3 649.0 954.3 708.0 830.3 708.0 wheat 0
721.2 670.9 773.7 687.1 734.4 814.2 681.9 797.9 wheat 0
567.1 809.7 510.5 857.4 403.5 730.4 460.1 682.7 wheat 0
391.3 773.0 452.3 773.0 452.3 908.0 391.3 908.0 wheat 0
380.3 684.0 430.3 684.0 430.3 770.0 380.3 770.0 wheat 0
290.3 719.0 360.3 719.0 360.3 848.0 290.3 848.0 wheat 0
72.3 357.0 136.3 357.0 136.3 413.0 72.3 413.0 wheat 0
79.0 20.6 134.9 31.9 110.6 151.5 54.8 140.2 wheat 0
39.3 785.8 115.7 801.3 105.4 852.3 28.9 836.8 wheat 0
690.9 900.2 835.0 929.4 820.7 999.9 676.6 970.7 wheat 0
895.7 905.2 1022.3 974.4 996.6 1021.6 869.9 952.3 wheat 0
528.2 976.6 462.3 997.0 445.4 942.5 511.4 922.1 wheat 0
