621.9 328.5 686.0 363.5 616.1 491.5 551.9 456.5 wheat 0
517.9 269.8 599.6 314.4 570.1 368.5 488.3 323.9 wheat 0
595.5 158.4 649.9 181.4 621.1 249.5 566.7 226.5 wheat 0
715.1 230.5 668.4 240.0 650.5 151.7 697.2 142.2 wheat 0
766.0 194.4 807.5 212.0 781.1 274.5 739.6 257.0 wheat 0
749.2 302.4 793.2 321.0 768.1 380.5 724.0 361.9 wheat 0
908.2 565.5 1010.1 608.5 987.2 662.5 885.4 619.5 wheat 0
567.0 535.2 728.4 623.4 690.1 693.5 528.7 605.3 wheat 0
650.1 566.5 770.1 566.5 770.1 625.5 650.1 625.5 wheat 0
870.1 698.7 960.0 747.8 929.1 804.5 839.1 755.4 wheat 0
585.1 794.5 632.1 794.5 632.1 909.5 585.1 909.5 wheat 0
517.6 763.5 563.4 810.7 477.1 894.5 431.3 847.3 wheat 0
402.2 601.5 454.4 630.0 389.1 749.5 336.9 721.0 wheat 0
292.1 799.5 222.8 846.9 159.0 753.6 228.3 706.2 wheat 0
0.0 795.5 120.1 795.5 120.1 868.5 0.0 868.5 wheat 0
131.9 833.8 287.2 849.4 282.2 899.2 127.0 883.6 wheat 0
299.1 838.5 373.1 838.5 373.1 904.5 299.1 904.5 wheat 0
112.1 608.5 58.0 619.5 34.2 502.1 88.3 491.2 wheat 0
91.1 660.5 41.0 676.0 -0.0 543.6 50.1 528.1 wheat 0
222.7 408.9 282.4 449.7 225.1 533.5 165.4 492.7 wheat 0
118.1 451.5 57.3 463.8 45.0 403.4 105.8 391.1 wheat 0
311.5 318.8 198.5 366.6 177.3 316.5 290.3 268.7 wheat 0
253.9 87.9 312.7 112.7 273.1 206.5 214.3 181.7 wheat 0
264.1 62.5 133.9 117.5 109.6 60.0 239.7 5.0 wheat 0
406.2 65.5 459.9 94.9 418.1 171.5 364.3 142.1 wheat 0
633.1 148.5 552.6 156.6 546.8 98.6 627.2 90.6 wheat 0
