729.1 437.7 793.6 450.8 767.1 581.5 702.6 568.4 wheat 0
955.5 544.6 1023.8 558.5 998.1 685.5 929.7 671.7 wheat 0
822.1 797.5 686.5 854.8 663.2 799.5 798.7 742.2 wheat 0
893.6 711.9 941.4 737.9 894.1 824.5 846.3 798.4 wheat 0
803.1 955.5 744.2 1005.1 668.0 914.6 726.9 865.0 wheat 0
855.1 877.5 979.1 877.5 979.1 940.5 855.1 940.5 wheat 0
422.2 767.0 589.0 818.6 567.1 889.5 400.3 837.9 wheat 0
444.0 887.6 582.8 915.7 569.1 983.5 430.2 955.4 wheat 0
339.1 888.5 200.3 964.3 164.2 898.4 303.0 822.6 wheat 0
17.1 898.9 136.4 923.1 121.1 998.5 1.8 974.3 wheat 0
203.1 691.5 265.1 691.5 265.1 752.5 203.1 752.5 wheat 0
303.1 727.5 448.1 727.5 448.1 799.5 303.1 799.5 wheat 0
388.1 685.5 336.6 695.9 318.5 606.6 370.0 596.2 wheat 0
335.3 352.3 390.9 375.8 344.1 486.5 288.5 463.0 wheat 0
801.1 333.5 744.1 357.6 719.5 299.3 776.4 275.2 wheat 0
811.1 114.5 870.1 114.5 870.1 224.5 811.1 224.5 wheat 0
824.1 255.5 736.0 282.8 719.6 229.8 807.7 202.6 wheat 0
724.1 295.5 651.3 326.3 633.0 283.0 705.8 252.3 wheat 0
516.1 317.5 328.5 336.3 320.9 260.0 508.4 241.1 wheat 0
550.1 350.5 505.0 407.3 434.1 351.0 479.2 294.3 wheat 0
376.1 305.5 195.3 342.2 180.6 269.6 361.4 233.0 wheat 0
288.1 152.5 226.8 204.1 177.7 145.9 239.0 94.3 wheat 0
1.1 198.5 75.1 198.5 75.1 271.5 1.1 271.5 wheat 0
333.7 123.4 458.8 136.0 453.1 193.5 327.9 181.0 wheat 0
518.1 168.5 452.6 188.8 416.7 72.5 482.1 52.3 wheat 0
724.1 127.5 587.6 169.7 568.4 107.6 704.8 65.4 wheat 0
785.1 82.5 659.0 108.1 648.9 58.0 774.9 32.4 wheat 0
575.5 245.0 506.1 292.5 486.2 263.4 555.7 215.9 wheat 0
690.1 634.5 741.1 634.5 741.1 686.5 690.1 686.5 wheat 0
