620.2 457.0 720.3 477.3 712.7 514.6 612.6 494.3 wheat 0
801.0 506.3 769.7 532.6 696.6 445.8 727.9 419.5 wheat 0
804.1 510.2 831.5 515.8 823.4 556.0 795.9 550.4 wheat 0
959.6 422.3 1023.5 457.2 999.7 500.6 935.9 465.7 wheat 0
899.7 525.6 946.7 525.6 946.7 567.6 899.7 567.6 wheat 0
1014.7 598.6 914.2 608.7 910.0 566.3 1010.5 556.2 wheat 0
878.7 603.6 938.9 644.8 915.8 678.6 855.5 637.4 wheat 0
811.6 583.6 879.2 629.8 854.7 665.6 787.1 619.4 wheat 0
691.2 586.8 752.7 638.6 727.4 668.7 665.8 616.9 wheat 0
740.5 666.1 835.5 685.3 826.7 728.6 731.7 709.4 wheat 0
974.2 776.0 939.7 799.6 894.7 733.7 929.2 710.2 wheat 0
936.5 896.5 993.2 908.0 985.7 944.6 929.0 933.1 wheat 0
600.7 814.6 572.5 838.4 492.6 743.5 520.8 719.7 wheat 0
425.5 688.3 479.5 705.1 452.7 791.6 398.7 774.9 wheat 0
427.8 830.6 508.7 874.8 484.7 918.6 403.8 874.4 wheat 0
359.7 795.9 415.7 853.6 392.6 876.0 336.6 818.4 wheat 0
504.7 1004.6 469.9 1023.6 434.5 958.7 469.3 939.7 wheat 0
538.8 556.0 627.9 593.7 609.7 636.6 520.7 599.0 wheat 0
589.0 351.7 662.9 402.3 640.7 434.6 566.9 384.1 wheat 0
511.5 421.1 586.4 472.4 567.7 499.6 492.9 448.4 wheat 0
316.4 726.7 283.2 740.8 245.1 650.5 278.2 636.5 wheat 0
345.0 513.0 442.4 566.3 418.7 609.6 321.3 556.4 wheat 0
264.2 544.0 306.7 587.8 272.3 621.2 229.8 577.5 wheat 0
243.6 360.0 342.4 461.7 313.7 489.6 214.9 387.8 wheat 0
393.8 463.7 366.7 491.6 317.2 443.5 344.3 415.6 wheat 0
327.2 219.4 430.7 306.6 405.7 336.3 302.2 249.1 wheat 0
577.7 229.6 554.0 249.6 507.3 194.2 531.0 174.2 wheat 0
798.7 248.6 760.4 264.8 727.0 185.7 765.3 169.5 wheat 0
811.7 319.6 787.2 340.3 735.1 278.4 759.6 257.7 wheat 0
926.1 323.6 999.7 385.6 968.9 422.3 895.2 360.2 wheat 0
954.2 245.9 990.5 261.2 968.7 312.6 932.5 297.3 wheat 0
985.8 280.6 1023.7 292.3 995.7 382.6 957.9 370.9 wheat 0
852.5 188.9 824.5 208.1 784.9 150.3 813.0 131.1 wheat 0
812.7 5.6 852.7 5.6 852.7 119.6 812.7 119.6 wheat 0
939.9 73.2 908.5 94.7 865.6 32.0 897.0 10.5 wheat 0
822.8 84.9 788.7 99.3 753.7 16.4 787.8 2.0 wheat 0
801.7 94.6 769.3 121.9 725.1 69.4 757.5 42.1 wheat 0
562.7 107.6 526.8 132.2 458.7 32.5 494.6 8.0 wheat 0
331.7 41.6 402.7 71.6 391.4 98.4 320.3 68.3 wheat 0
348.7 142.6 316.2 160.4 268.0 72.3 300.6 54.5 wheat 0
311.7 165.6 282.3 190.4 184.6 74.5 214.1 49.7 wheat 0
303.7 207.6 269.7 230.9 204.5 135.6 238.5 112.3 wheat 0
148.4 71.1 248.7 155.6 221.4 188.0 121.0 103.5 wheat 0
2.7 44.6 67.7 44.6 67.7 78.6 2.7 78.6 wheat 0
24.7 66.8 108.6 112.7 91.7 143.6 7.8 97.7 wheat 0
29.7 100.4 135.4 189.4 110.7 218.6 5.1 129.6 wheat 0
20.7 148.7 112.7 187.6 95.8 227.8 3.7 188.8 wheat 0
21.8 332.6 116.7 397.6 95.2 429.1 0.3 364.1 wheat 0
91.0 445.7 172.3 490.1 156.7 518.6 75.4 474.2 wheat 0
48.6 547.8 175.9 634.9 148.7 674.6 21.4 587.5 wheat 0
45.7 667.6 7.0 671.5 0.8 609.9 39.6 606.0 wheat 0
58.7 726.6 105.1 785.0 81.6 803.7 35.3 745.2 wheat 0
97.7 789.6 201.7 789.6 201.7 834.6 97.7 834.6 wheat 0
36.0 786.8 109.6 809.6 99.7 841.6 26.1 818.8 wheat 0
133.5 942.0 105.7 970.6 8.0 875.6 35.7 847.0 wheat 0
114.7 965.6 76.2 981.9 46.0 910.5 84.5 894.2 wheat 0
131.8 924.0 206.4 931.5 202.7 968.3 128.1 960.8 wheat 0
168.7 964.6 260.7 964.6 260.7 997.6 168.7 997.6 wheat 0
264.4 958.7 359.4 977.9 351.7 1015.6 256.8 996.4 wheat 0
