927.4 333.8 971.7 341.4 949.1 473.5 904.7 465.8 wheat 0
822.0 345.5 795.7 367.6 746.3 308.9 772.5 286.9 wheat 0
855.0 374.8 819.1 390.0 777.4 291.4 813.4 276.2 wheat 0
723.7 210.1 764.1 232.2 738.7 278.6 698.3 256.5 wheat 0
908.6 151.1 1014.6 172.6 1009.7 196.6 903.7 175.1 wheat 0
904.7 181.6 1004.7 181.6 1004.7 206.6 904.7 206.6 wheat 0
979.1 75.3 1014.2 94.5 988.3 141.9 953.2 122.7 wheat 0
710.7 365.7 814.2 452.9 796.7 473.6 693.2 386.4 wheat 0
666.5 374.7 622.7 404.6 524.4 260.9 568.1 230.9 wheat 0
644.3 446.9 733.4 507.9 709.2 543.4 620.0 482.4 wheat 0
1023.9 495.2 962.7 528.6 946.7 499.2 1007.8 465.8 wheat 0
748.7 580.6 811.7 580.6 811.7 615.6 748.7 615.6 wheat 0
766.7 608.0 879.1 655.5 861.7 696.6 749.3 649.1 wheat 0
918.5 597.1 1016.9 627.5 1008.0 656.2 909.6 625.7 wheat 0
888.7 631.6 992.7 631.6 992.7 662.6 888.7 662.6 wheat 0
921.7 746.2 978.5 757.7 971.8 791.0 914.9 779.5 wheat 0
972.3 661.5 995.3 671.2 978.2 711.7 955.2 702.0 wheat 0
647.0 733.8 624.9 752.5 589.4 710.4 611.6 691.7 wheat 0
569.9 721.2 757.5 759.3 750.3 794.6 562.7 756.6 wheat 0
959.8 887.8 935.7 912.6 801.1 781.9 825.2 757.1 wheat 0
883.1 897.4 863.7 910.6 825.6 854.9 845.0 841.7 wheat 0
838.6 838.6 824.2 843.1 813.9 809.6 828.2 805.2 wheat 0
795.4 940.8 843.6 967.1 833.1 986.5 784.8 960.1 wheat 0
861.8 991.9 820.6 1020.1 803.6 995.4 844.9 967.1 wheat 0
679.4 930.3 730.3 994.5 702.1 1016.9 651.2 952.7 wheat 0
479.7 763.6 514.7 763.6 514.7 886.6 479.7 886.6 wheat 0
453.7 924.4 419.7 931.3 406.8 867.5 440.7 860.6 wheat 0
299.3 784.4 251.3 794.2 245.1 763.8 293.2 754.1 wheat 0
201.3 800.7 308.4 833.8 295.7 874.6 188.7 841.5 wheat 0
310.9 967.7 271.7 975.6 252.6 881.5 291.8 873.6 wheat 0
29.8 569.5 105.5 592.9 94.7 627.6 19.1 604.2 wheat 0
260.1 607.7 291.4 620.9 245.4 729.6 214.1 716.3 wheat 0
206.1 471.8 294.5 520.1 270.7 563.6 182.3 515.3 wheat 0
417.9 531.3 458.1 539.5 442.6 615.9 402.4 607.8 wheat 0
508.5 588.8 484.9 593.6 477.0 554.4 500.5 549.6 wheat 0
225.8 295.5 295.4 343.1 280.7 364.6 211.2 317.0 wheat 0
339.1 267.2 392.0 311.8 367.7 340.6 314.8 296.0 wheat 0
383.7 340.6 328.3 370.9 311.1 339.4 366.5 309.1 wheat 0
541.0 291.6 495.2 305.7 482.5 264.7 528.3 250.5 wheat 0
345.8 190.8 436.6 252.9 415.7 283.4 324.9 221.3 wheat 0
479.0 172.3 443.7 179.4 428.4 104.0 463.7 96.8 wheat 0
518.8 143.1 494.1 153.6 471.1 99.0 495.7 88.6 wheat 0
395.0 2.0 427.2 12.0 391.9 126.1 359.7 116.1 wheat 0
331.7 41.4 358.8 49.8 339.7 111.6 312.6 103.2 wheat 0
298.0 22.9 323.1 36.6 265.7 141.6 240.7 127.9 wheat 0
27.7 87.9 66.5 91.8 58.8 168.4 20.0 164.5 wheat 0
63.1 336.6 97.2 351.0 75.4 402.6 41.3 388.2 wheat 0
23.6 246.8 118.1 276.1 106.9 312.4 12.3 283.1 wheat 0
698.1 32.0 658.7 81.6 637.4 64.7 676.8 15.1 wheat 0
