426.3 735.6 471.6 754.7 409.1 902.5 363.8 883.4 wheat 0
276.7 438.4 325.9 443.4 315.1 551.5 265.9 546.6 wheat 0
672.5 251.1 721.8 278.0 628.1 449.5 578.8 422.6 wheat 0
766.3 302.7 808.8 331.7 724.1 455.5 681.6 426.5 wheat 0
845.5 347.8 895.7 352.8 882.1 488.5 831.9 483.5 wheat 0
894.0 376.1 950.2 381.7 941.1 472.5 884.9 466.9 wheat 0
841.1 566.5 785.1 572.1 774.0 461.0 829.9 455.4 wheat 0
242.0 562.7 274.0 595.6 172.1 694.5 140.1 661.6 wheat 0
164.1 652.5 124.8 664.7 102.6 592.9 141.9 580.8 wheat 0
128.1 943.5 72.0 949.1 52.6 755.5 108.6 749.9 wheat 0
301.4 768.8 336.9 813.6 250.1 882.5 214.5 837.7 wheat 0
212.1 1000.5 170.2 1023.4 109.6 912.3 151.4 889.5 wheat 0
660.8 847.5 700.3 859.7 670.1 957.5 630.5 945.3 wheat 0
961.7 757.6 953.1 807.5 710.5 765.7 719.1 715.8 wheat 0
924.6 833.7 888.1 864.5 823.7 788.1 860.2 757.3 wheat 0
961.1 921.5 936.7 959.4 797.3 869.9 821.7 832.0 wheat 0
650.8 192.9 677.1 244.5 598.8 284.4 572.5 232.8 wheat 0
655.1 190.5 623.6 230.1 555.0 175.7 586.5 136.1 wheat 0
789.2 20.7 872.5 46.4 856.1 99.5 772.8 73.7 wheat 0
534.9 56.4 586.1 66.8 577.1 111.5 525.8 101.1 wheat 0
178.1 141.5 126.6 151.9 104.8 44.4 156.3 33.9 wheat 0
156.4 69.3 209.6 80.1 187.1 191.5 133.8 180.7 wheat 0
212.1 402.5 112.6 412.5 108.0 366.8 207.5 356.8 wheat 0
329.1 167.5 281.8 199.9 238.4 136.5 285.7 104.1 wheat 0
508.1 173.5 453.6 179.0 443.4 76.6 497.8 71.2 wheat 0
954.1 580.5 905.5 590.4 887.5 501.3 936.0 491.5 wheat 0
529.1 790.5 573.1 790.5 573.1 835.5 529.1 835.5 wheat 0
256.8 821.5 301.5 830.5 271.1 980.5 226.4 971.5 wheat 0
