382.4 346.5 473.7 461.6 445.6 484.0 354.3 368.9 wheat 0
324.5 331.6 388.7 385.7 361.0 418.6 296.8 364.5 wheat 0
203.5 368.1 164.0 389.6 119.0 307.2 158.4 285.6 wheat 0
192.1 341.3 280.7 432.6 251.4 461.1 162.8 369.8 wheat 0
272.0 406.0 365.9 445.7 353.5 475.2 259.5 435.5 wheat 0
342.7 444.2 417.3 521.0 384.7 552.6 310.1 475.8 wheat 0
445.5 549.0 503.3 560.7 499.0 582.3 441.1 570.5 wheat 0
102.3 422.2 58.4 446.2 39.2 411.0 83.1 387.1 wheat 0
87.7 449.2 162.7 526.5 133.7 554.6 58.7 477.4 wheat 0
228.9 506.7 338.5 553.1 325.6 583.5 216.0 537.1 wheat 0
228.7 512.6 268.8 591.2 236.9 607.4 196.9 528.8 wheat 0
106.6 576.1 190.7 633.6 170.1 663.8 86.0 606.3 wheat 0
232.6 745.9 199.7 768.4 135.1 674.0 168.0 651.5 wheat 0
100.4 686.7 213.6 748.5 190.1 791.5 76.9 729.7 wheat 0
206.6 748.6 271.7 815.6 239.7 846.8 174.6 779.7 wheat 0
290.8 655.6 384.8 734.8 359.7 764.6 265.6 685.4 wheat 0
432.9 721.4 508.4 744.7 495.7 785.6 420.2 762.3 wheat 0
322.7 752.6 388.7 752.6 388.7 795.6 322.7 795.6 wheat 0
289.2 847.4 368.5 914.2 343.7 943.6 264.4 876.8 wheat 0
175.8 881.1 268.3 890.3 264.7 926.2 172.2 916.9 wheat 0
436.7 994.6 527.7 994.6 527.7 1020.6 436.7 1020.6 wheat 0
710.5 894.0 835.1 919.2 827.7 955.6 703.1 930.4 wheat 0
680.7 952.6 715.2 1006.3 694.1 1019.9 659.6 966.2 wheat 0
578.7 697.6 676.1 779.6 654.2 805.6 556.8 723.6 wheat 0
660.7 698.6 775.8 795.5 750.2 825.9 635.2 729.0 wheat 0
773.5 783.3 888.3 794.8 884.7 830.6 769.9 819.1 wheat 0
819.3 727.6 867.7 788.6 839.8 810.7 791.4 749.7 wheat 0
775.5 710.1 804.9 716.0 796.0 760.1 766.6 754.2 wheat 0
785.0 677.0 884.5 719.1 870.5 752.2 771.0 710.2 wheat 0
845.0 700.7 934.8 728.4 922.4 768.6 832.6 740.8 wheat 0
915.0 737.6 1004.7 786.6 980.5 830.9 890.8 781.9 wheat 0
871.1 670.5 972.3 691.0 965.0 727.1 863.7 706.6 wheat 0
841.2 604.2 927.9 663.5 913.2 685.0 826.6 625.7 wheat 0
707.4 604.8 789.1 660.7 770.7 687.6 689.0 631.7 wheat 0
695.9 635.1 749.5 680.2 727.6 706.2 674.0 661.1 wheat 0
583.7 563.9 679.7 629.6 656.4 663.7 560.4 598.0 wheat 0
784.1 491.9 872.3 509.8 867.4 534.3 779.1 516.4 wheat 0
902.8 541.1 955.3 577.1 933.7 608.6 881.2 572.7 wheat 0
423.7 343.6 393.7 349.7 378.1 272.9 408.2 266.8 wheat 0
522.7 323.6 490.6 350.7 398.3 241.1 430.4 214.0 wheat 0
475.9 194.3 572.2 246.9 547.7 291.6 451.5 239.0 wheat 0
851.7 364.6 824.4 383.3 760.7 290.2 788.0 271.5 wheat 0
885.6 338.3 962.3 417.2 937.9 440.9 861.2 362.0 wheat 0
934.7 199.6 903.1 213.0 853.4 95.4 885.0 82.1 wheat 0
807.5 140.0 870.2 204.6 848.0 226.2 785.3 161.6 wheat 0
790.2 225.0 755.7 239.6 726.9 171.4 761.4 156.8 wheat 0
797.7 169.1 770.5 184.0 738.8 126.1 766.0 111.2 wheat 0
656.1 80.4 739.7 137.6 721.3 164.5 637.7 107.3 wheat 0
670.9 142.6 639.6 155.9 606.5 77.6 637.8 64.4 wheat 0
592.8 24.8 662.4 38.9 657.6 62.4 588.1 48.3 wheat 0
558.0 29.5 616.1 78.5 597.5 100.7 539.3 51.7 wheat 0
493.7 125.6 550.7 125.6 550.7 158.6 493.7 158.6 wheat 0
416.2 82.9 472.7 154.2 456.3 167.3 399.7 96.0 wheat 0
363.2 91.8 407.8 129.4 396.7 142.6 352.1 105.0 wheat 0
266.7 138.6 354.7 138.6 354.7 182.6 266.7 182.6 wheat 0
238.6 6.3 302.6 41.3 288.7 66.6 224.7 31.7 wheat 0
226.3 86.1 190.1 93.5 174.2 15.1 210.4 7.7 wheat 0
208.5 83.6 282.2 114.7 267.0 150.7 193.3 119.5 wheat 0
60.6 21.5 103.7 88.6 76.5 106.1 33.4 39.0 wheat 0
806.0 -0.4 877.5 89.7 848.5 112.7 777.0 22.6 wheat 0
