562.0 442.7 654.1 451.9 632.1 671.5 540.0 662.3 wheat 0
912.1 707.5 841.0 714.6 825.2 557.9 896.3 550.7 wheat 0
959.2 649.4 921.1 675.5 888.3 627.7 926.5 601.6 wheat 0
929.9 538.8 882.1 548.5 870.5 491.6 918.4 481.9 wheat 0
832.1 429.5 787.3 475.6 689.6 380.7 734.4 334.7 wheat 0
901.6 130.5 969.0 144.2 934.1 316.5 866.7 302.8 wheat 0
689.2 164.9 754.8 171.5 748.1 238.5 682.5 231.9 wheat 0
864.5 45.0 898.8 48.5 893.1 105.5 858.8 102.1 wheat 0
634.0 153.6 689.0 191.2 608.1 309.5 553.1 271.9 wheat 0
717.3 280.8 752.2 304.7 679.1 411.5 644.2 387.6 wheat 0
602.1 398.5 563.3 438.4 484.1 361.4 522.8 321.5 wheat 0
902.1 810.5 847.5 847.8 753.8 710.8 808.3 673.5 wheat 0
757.1 883.5 653.9 954.1 628.1 916.4 731.3 845.8 wheat 0
614.1 850.5 754.1 850.5 754.1 896.5 614.1 896.5 wheat 0
809.1 960.5 625.3 1017.3 609.3 965.7 793.1 908.8 wheat 0
569.1 794.4 626.3 842.6 505.1 986.5 447.9 938.3 wheat 0
324.1 950.5 251.5 973.0 207.0 829.0 279.5 806.5 wheat 0
340.2 572.7 389.1 623.1 226.1 781.5 177.1 731.1 wheat 0
381.8 554.7 452.4 569.0 393.1 861.5 322.5 847.2 wheat 0
469.1 537.5 519.2 552.9 501.1 611.5 451.0 596.0 wheat 0
473.1 494.5 411.4 513.6 374.7 395.1 436.4 376.0 wheat 0
228.1 434.5 153.9 449.5 143.4 397.6 217.5 382.6 wheat 0
207.1 676.5 153.1 693.2 108.2 548.1 162.2 531.4 wheat 0
68.9 577.1 127.4 588.9 110.1 674.5 51.6 662.7 wheat 0
434.1 354.5 379.6 365.6 365.5 296.2 420.0 285.2 wheat 0
533.1 261.5 465.1 282.5 439.9 201.2 507.9 180.2 wheat 0
447.1 222.5 386.4 264.0 286.9 118.5 347.6 77.1 wheat 0
569.1 191.5 484.8 200.0 465.9 12.0 550.2 3.5 wheat 0
519.7 720.4 594.1 735.5 584.8 781.4 510.4 766.3 wheat 0
