483.8 661.1 568.1 669.5 564.4 706.2 480.1 697.7 wheat 0
569.3 624.4 660.1 652.5 645.7 699.0 554.9 671.0 wheat 0
655.5 659.8 720.2 695.2 703.1 726.5 638.4 691.2 wheat 0
760.1 743.5 670.6 761.6 661.3 715.6 750.7 697.5 wheat 0
811.1 711.5 858.1 711.5 858.1 784.5 811.1 784.5 wheat 0
807.1 612.5 964.1 612.5 964.1 664.5 807.1 664.5 wheat 0
690.5 541.0 814.1 608.5 793.2 646.7 669.7 579.2 wheat 0
727.2 510.9 849.1 577.5 831.3 610.0 709.4 543.4 wheat 0
955.1 447.5 825.4 502.3 807.1 459.0 936.7 404.2 wheat 0
911.1 404.5 730.5 460.4 714.2 407.6 894.8 351.8 wheat 0
779.8 313.8 926.6 394.0 905.1 433.5 758.2 353.3 wheat 0
723.0 162.6 848.1 215.5 829.3 259.8 704.3 207.0 wheat 0
586.3 401.2 672.3 427.7 659.8 467.9 573.9 441.3 wheat 0
529.7 326.0 667.1 368.5 653.0 414.0 515.6 371.5 wheat 0
700.1 298.5 667.2 332.4 592.6 260.0 625.5 226.1 wheat 0
625.1 241.5 564.3 267.2 498.9 112.4 559.6 86.8 wheat 0
640.4 163.8 718.1 179.5 708.9 224.9 631.2 209.2 wheat 0
683.5 32.4 762.1 56.8 750.1 95.5 671.5 71.2 wheat 0
586.9 35.5 662.3 50.8 655.1 86.5 579.6 71.2 wheat 0
656.1 139.5 564.2 178.3 545.5 134.0 637.3 95.2 wheat 0
352.1 128.7 533.1 252.5 510.6 285.4 329.6 161.6 wheat 0
314.3 239.5 418.1 310.5 397.1 341.1 293.3 270.1 wheat 0
324.7 371.3 433.1 445.5 405.2 486.2 296.8 412.0 wheat 0
422.3 563.6 461.1 567.5 453.1 647.5 414.3 643.6 wheat 0
348.5 622.1 417.1 659.5 403.6 684.1 335.1 646.7 wheat 0
431.7 691.7 561.9 704.8 557.1 752.5 426.9 739.5 wheat 0
538.5 727.5 610.1 776.5 590.1 805.7 518.5 756.8 wheat 0
694.1 899.5 663.9 930.5 577.4 846.5 607.5 815.5 wheat 0
400.6 740.1 504.5 750.6 500.1 794.5 396.2 784.1 wheat 0
560.0 916.8 664.3 973.7 644.7 1009.7 540.4 952.7 wheat 0
672.1 986.5 786.1 986.5 786.1 1023.0 672.1 1023.0 wheat 0
984.1 778.5 880.6 810.5 867.2 767.4 970.7 735.4 wheat 0
898.2 670.2 993.1 699.5 983.0 732.0 888.1 702.6 wheat 0
135.6 602.8 277.1 646.5 263.2 691.3 121.7 647.6 wheat 0
178.4 759.1 289.1 781.5 280.4 824.1 169.7 801.6 wheat 0
252.7 906.6 368.1 985.5 342.0 1023.6 226.7 944.6 wheat 0
115.3 955.4 203.1 982.5 192.8 1015.5 105.1 988.4 wheat 0
134.3 323.3 235.1 354.5 224.3 389.2 123.6 358.0 wheat 0
86.7 174.8 302.1 218.5 290.7 274.5 75.3 230.8 wheat 0
228.6 95.6 342.1 143.5 330.9 169.9 217.5 121.9 wheat 0
441.4 73.4 521.1 155.5 485.0 190.5 405.3 108.5 wheat 0
488.1 85.5 429.2 91.4 420.8 8.4 479.7 2.5 wheat 0
14.6 247.3 145.1 302.5 130.5 336.9 0.0 281.7 wheat 0
58.2 340.8 148.8 402.7 127.1 434.5 36.5 372.6 wheat 0
61.1 504.8 162.1 547.5 146.4 584.7 45.4 542.0 wheat 0
