433.5 156.0 495.6 198.5 410.1 323.5 348.0 281.0 wheat 0
558.1 390.5 617.1 390.5 617.1 467.5 558.1 467.5 wheat 0
716.1 468.5 781.1 468.5 781.1 610.5 716.1 610.5 wheat 0
815.3 562.4 880.0 568.9 873.8 630.6 809.1 624.1 wheat 0
908.7 686.7 973.7 706.8 927.1 857.5 862.1 837.4 wheat 0
864.1 860.5 791.1 875.3 769.0 766.4 842.0 751.6 wheat 0
765.1 923.5 713.1 945.5 637.5 766.7 689.5 744.7 wheat 0
444.5 861.4 498.9 891.1 469.6 944.6 415.2 914.9 wheat 0
418.6 815.1 467.6 856.4 415.9 917.6 367.0 876.4 wheat 0
383.1 607.5 467.1 607.5 467.1 662.5 383.1 662.5 wheat 0
381.2 473.1 528.1 518.5 510.8 574.3 364.0 528.9 wheat 0
180.1 500.5 375.1 500.5 375.1 572.5 180.1 572.5 wheat 0
322.1 347.5 378.1 347.5 378.1 431.5 322.1 431.5 wheat 0
75.6 415.0 138.2 441.4 70.1 602.5 7.5 576.0 wheat 0
269.1 216.5 48.9 336.8 14.0 272.9 234.2 152.6 wheat 0
239.1 88.5 20.8 110.4 13.6 38.6 231.9 16.7 wheat 0
869.6 140.9 816.1 177.5 727.0 47.3 780.5 10.7 wheat 0
831.1 147.5 928.1 147.5 928.1 214.5 831.1 214.5 wheat 0
685.1 79.5 752.1 79.5 752.1 173.5 685.1 173.5 wheat 0
598.1 182.5 670.1 182.5 670.1 245.5 598.1 245.5 wheat 0
759.1 404.5 811.1 404.5 811.1 454.5 759.1 454.5 wheat 0
811.1 385.5 866.1 385.5 866.1 457.5 811.1 457.5 wheat 0
678.1 412.5 726.1 412.5 726.1 472.5 678.1 472.5 wheat 0
316.1 810.5 365.1 810.5 365.1 867.5 316.1 867.5 wheat 0
106.1 748.5 185.1 748.5 185.1 851.5 106.1 851.5 wheat 0
0.0 680.5 259.1 680.5 259.1 761.6 0.0 761.6 wheat 0
447.7 939.7 388.1 980.5 360.2 939.8 419.8 899.0 wheat 0
149.1 973.5 77.4 1022.5 46.2 976.9 117.9 927.9 wheat 0
774.1 916.5 825.1 916.5 825.1 982.5 774.1 982.5 wheat 0
710.1 807.5 800.1 807.5 800.1 860.5 710.1 860.5 wheat 0
947.1 455.0 983.1 485.2 936.0 541.1 900.1 510.8 wheat 0
264.1 405.5 218.5 424.8 196.3 372.3 241.9 353.0 wheat 0
