145.2 769.1 251.1 841.5 219.9 887.0 114.1 814.6 wheat 0
42.8 710.8 135.8 750.1 116.3 796.2 23.3 756.9 wheat 0
83.8 781.8 166.3 826.9 144.3 867.2 61.8 822.2 wheat 0
51.3 879.3 130.6 922.7 112.1 956.5 32.8 913.2 wheat 0
368.1 908.9 431.1 935.5 415.5 972.3 352.6 945.7 wheat 0
484.1 884.5 590.1 884.5 590.1 927.5 484.1 927.5 wheat 0
765.7 886.8 843.1 919.5 829.4 951.8 752.1 919.1 wheat 0
733.1 854.5 689.9 858.8 683.7 796.9 726.9 792.6 wheat 0
531.0 718.3 619.1 778.5 595.8 812.5 507.7 752.3 wheat 0
429.1 769.5 381.5 795.5 326.1 694.1 373.7 668.1 wheat 0
213.9 685.4 333.1 709.5 323.1 758.7 203.9 734.6 wheat 0
298.1 551.5 255.0 569.7 214.1 473.0 257.2 454.8 wheat 0
108.9 403.0 216.1 461.5 190.8 507.7 83.7 449.2 wheat 0
25.6 500.4 94.7 529.7 79.5 565.6 10.4 536.4 wheat 0
497.1 531.5 466.5 562.9 399.2 497.5 429.7 466.1 wheat 0
511.7 535.5 600.1 626.5 563.2 662.4 474.8 571.3 wheat 0
626.1 525.5 598.5 553.9 533.0 490.3 560.6 461.9 wheat 0
895.1 668.5 866.7 680.5 847.8 635.9 876.2 623.9 wheat 0
727.9 428.3 807.1 482.5 777.1 526.3 697.9 472.1 wheat 0
873.1 302.5 828.4 316.3 802.3 232.2 847.0 218.4 wheat 0
824.8 306.2 887.1 332.5 871.9 368.4 809.6 342.1 wheat 0
954.1 355.5 909.9 364.5 898.4 307.7 942.6 298.7 wheat 0
487.1 186.5 452.5 222.1 364.3 136.4 398.8 100.8 wheat 0
429.6 89.5 489.1 139.5 465.4 167.6 405.9 117.6 wheat 0
591.1 75.8 569.1 98.5 524.5 55.2 546.5 32.5 wheat 0
769.1 228.5 732.2 239.9 709.8 167.6 746.7 156.2 wheat 0
335.5 36.5 393.0 95.7 353.1 134.5 295.6 75.3 wheat 0
300.1 154.5 261.6 170.8 221.7 76.3 260.1 60.1 wheat 0
303.6 257.3 381.1 322.5 346.6 363.4 269.2 298.2 wheat 0
292.1 258.5 238.8 269.3 212.6 140.4 265.9 129.6 wheat 0
178.3 245.1 234.1 275.5 221.1 299.2 165.4 268.8 wheat 0
170.1 276.5 118.4 287.0 99.3 192.9 151.0 182.4 wheat 0
94.3 96.4 186.1 146.5 162.9 188.9 71.1 138.8 wheat 0
462.8 373.1 535.1 422.5 507.4 463.0 435.1 413.6 wheat 0
510.5 435.3 596.1 443.9 591.6 488.7 506.0 480.1 wheat 0
