318.4 196.6 411.0 215.4 376.9 383.2 284.4 364.5 wheat 0
262.9 383.2 185.4 391.0 175.8 295.2 253.3 287.4 wheat 0
186.9 473.2 77.0 484.2 70.8 423.0 180.8 411.9 wheat 0
124.2 460.1 269.0 474.6 261.9 545.2 117.1 530.7 wheat 0
357.1 617.5 435.4 633.4 398.9 813.2 320.7 797.3 wheat 0
716.9 750.2 639.1 783.1 589.7 666.4 667.6 633.5 wheat 0
700.5 388.3 778.5 412.4 738.9 540.2 661.0 516.1 wheat 0
926.1 165.0 981.0 202.6 849.9 394.2 795.0 356.6 wheat 0
721.9 143.2 561.1 253.2 532.8 211.9 693.6 101.8 wheat 0
969.1 40.6 1011.7 84.5 872.9 219.2 830.4 175.4 wheat 0
714.0 380.9 953.9 380.9 953.9 441.2 714.0 441.2 wheat 0
332.9 948.2 270.6 960.9 237.2 796.3 299.6 783.7 wheat 0
249.9 998.2 190.1 1023.5 105.1 822.4 164.9 797.1 wheat 0
241.9 380.2 302.9 380.2 302.9 459.2 241.9 459.2 wheat 0
147.9 72.7 389.7 175.0 362.9 238.2 121.2 136.0 wheat 0
946.9 631.2 1014.9 631.2 1014.9 722.2 946.9 722.2 wheat 0
906.6 418.9 956.6 453.1 883.9 559.2 834.0 525.1 wheat 0
