582.7 460.6 549.8 478.6 499.6 386.7 532.5 368.7 wheat 0
780.7 554.6 755.9 565.1 721.6 483.8 746.4 473.3 wheat 0
909.9 595.2 873.0 615.4 823.6 525.0 860.5 504.9 wheat 0
791.3 567.1 826.4 586.3 810.1 616.1 775.0 596.9 wheat 0
990.7 808.7 958.5 822.3 927.7 749.5 960.0 735.9 wheat 0
948.8 833.8 996.2 882.6 974.7 903.5 927.3 854.7 wheat 0
940.2 876.6 968.2 895.8 951.3 920.6 923.2 901.4 wheat 0
900.7 896.6 928.7 896.6 928.7 931.6 900.7 931.6 wheat 0
904.7 944.6 936.7 944.6 936.7 976.6 904.7 976.6 wheat 0
771.6 935.9 751.7 952.6 699.4 890.4 719.2 873.7 wheat 0
659.7 986.6 640.2 1003.1 573.2 923.5 592.7 907.1 wheat 0
520.0 787.9 556.9 799.3 539.7 854.6 502.8 843.2 wheat 0
481.2 811.5 510.8 820.7 491.3 883.7 461.7 874.6 wheat 0
490.7 987.6 463.8 993.1 449.9 924.3 476.8 918.9 wheat 0
539.3 936.9 567.9 945.8 558.2 977.3 529.5 968.4 wheat 0
431.7 959.6 459.7 959.6 459.7 984.6 431.7 984.6 wheat 0
388.1 878.5 408.8 892.6 396.3 910.8 375.7 896.6 wheat 0
466.7 845.8 432.9 849.2 426.7 787.5 460.6 784.1 wheat 0
347.6 817.7 385.4 833.7 374.9 858.5 337.1 842.6 wheat 0
328.3 964.5 384.7 982.0 376.1 1009.7 319.8 992.2 wheat 0
326.2 999.4 300.8 1016.8 258.3 954.7 283.7 937.3 wheat 0
250.7 888.6 292.7 888.6 292.7 932.6 250.7 932.6 wheat 0
245.7 943.6 219.3 954.8 193.8 894.5 220.3 883.3 wheat 0
219.5 980.2 192.1 985.8 180.0 926.0 207.4 920.4 wheat 0
139.1 862.9 202.7 882.6 194.1 910.4 130.5 890.8 wheat 0
130.4 874.5 102.4 893.7 47.0 812.8 75.1 793.6 wheat 0
98.1 1009.1 10.6 1017.9 7.4 986.1 94.9 977.3 wheat 0
466.7 639.6 418.4 654.6 391.4 567.4 439.8 552.4 wheat 0
400.3 705.0 329.6 712.1 326.2 678.2 396.9 671.2 wheat 0
527.0 632.6 580.0 643.4 572.4 680.6 519.5 669.9 wheat 0
264.7 713.6 293.7 713.6 293.7 743.6 264.7 743.6 wheat 0
238.7 704.6 176.0 710.9 172.3 674.3 235.1 668.0 wheat 0
182.7 659.6 152.3 685.3 84.4 604.7 114.9 579.1 wheat 0
195.7 580.0 171.9 600.0 146.8 570.2 170.5 550.2 wheat 0
111.7 511.6 84.1 523.3 39.1 416.9 66.7 405.2 wheat 0
69.3 439.5 36.8 457.2 3.2 395.8 35.7 378.0 wheat 0
290.2 486.9 266.7 506.6 199.6 426.9 223.0 407.2 wheat 0
307.4 490.9 359.4 534.7 342.0 555.3 290.0 511.5 wheat 0
344.4 537.7 408.5 572.7 396.0 595.5 332.0 560.5 wheat 0
367.7 511.6 396.7 511.6 396.7 553.6 367.7 553.6 wheat 0
529.7 294.6 568.7 294.6 568.7 327.6 529.7 327.6 wheat 0
666.7 366.6 635.3 383.8 607.2 332.5 638.7 315.3 wheat 0
687.7 260.6 651.7 264.2 644.9 196.3 680.9 192.7 wheat 0
716.7 229.6 688.4 245.1 652.7 179.7 681.0 164.2 wheat 0
760.4 295.5 784.9 300.4 778.1 333.8 753.6 328.8 wheat 0
754.8 195.8 791.5 242.0 765.6 262.5 729.0 216.3 wheat 0
811.7 258.6 776.7 262.1 770.6 201.1 805.6 197.6 wheat 0
887.2 208.0 860.5 219.3 831.3 150.2 858.0 138.9 wheat 0
940.7 245.6 912.5 261.0 879.1 199.8 907.3 184.4 wheat 0
1019.8 242.2 991.7 261.4 947.7 197.0 975.7 177.8 wheat 0
937.3 156.2 909.6 167.9 874.2 84.0 901.8 72.4 wheat 0
800.7 139.6 759.2 148.0 739.6 51.1 781.1 42.7 wheat 0
636.3 174.5 609.2 202.5 566.1 160.7 593.3 132.7 wheat 0
653.2 37.3 698.3 46.5 692.3 75.9 647.2 66.7 wheat 0
537.6 186.6 586.3 201.7 578.9 225.6 530.2 210.5 wheat 0
137.9 37.3 215.7 70.1 205.7 93.6 128.0 60.8 wheat 0
165.7 208.6 132.9 231.1 80.7 154.7 113.5 132.3 wheat 0
165.9 238.2 145.7 263.6 88.8 218.4 108.9 193.1 wheat 0
77.7 223.6 50.5 238.5 8.8 162.1 36.0 147.2 wheat 0
292.9 314.9 349.6 320.6 345.5 361.4 288.8 355.7 wheat 0
998.7 509.6 1023.7 509.6 1023.7 548.6 998.7 548.6 wheat 0
