573.6 426.1 655.1 460.5 637.7 501.6 556.2 467.1 wheat 0
642.0 309.4 758.1 358.5 742.0 396.5 626.0 347.4 wheat 0
788.0 375.9 851.1 402.5 831.0 449.9 768.0 423.3 wheat 0
850.1 405.5 916.1 433.4 901.0 469.1 835.0 441.2 wheat 0
926.4 337.8 994.1 407.5 961.9 438.7 894.3 369.1 wheat 0
935.1 473.5 1021.1 473.5 1021.1 533.5 935.1 533.5 wheat 0
896.2 533.7 969.1 573.5 948.3 611.6 875.4 571.7 wheat 0
799.2 514.9 855.1 538.5 842.7 567.9 786.8 544.2 wheat 0
873.0 691.5 970.1 732.5 949.1 782.1 852.0 741.1 wheat 0
834.1 753.0 918.1 788.5 896.7 839.0 812.7 803.5 wheat 0
914.8 842.9 1001.1 851.5 996.1 900.9 909.8 892.2 wheat 0
810.3 822.1 914.1 832.5 910.0 873.4 806.2 863.0 wheat 0
835.1 858.6 773.5 877.6 765.5 851.6 827.1 832.5 wheat 0
761.1 912.5 655.9 984.4 621.8 934.6 727.0 862.7 wheat 0
603.7 967.5 486.4 979.2 481.8 933.3 599.1 921.5 wheat 0
456.0 884.0 554.3 903.9 545.1 949.5 446.8 929.6 wheat 0
467.8 851.5 528.1 857.5 524.6 892.1 464.3 886.0 wheat 0
355.0 805.1 479.1 817.5 474.8 860.4 350.7 848.0 wheat 0
459.2 734.0 536.1 766.5 522.7 798.2 445.8 765.7 wheat 0
290.0 726.0 407.1 775.5 392.8 809.3 275.7 759.8 wheat 0
247.8 742.6 337.9 770.5 327.1 805.5 237.0 777.6 wheat 0
263.7 786.1 378.1 821.5 365.3 862.8 250.9 827.4 wheat 0
212.2 841.2 327.1 864.5 320.1 898.8 205.2 875.5 wheat 0
151.5 793.2 311.1 842.5 302.4 870.6 142.8 821.2 wheat 0
139.9 763.4 241.1 773.5 237.4 809.6 136.3 799.5 wheat 0
70.3 709.3 210.1 752.5 195.9 798.2 56.2 755.0 wheat 0
62.9 661.5 200.1 719.5 183.6 758.5 46.4 700.5 wheat 0
108.0 665.3 193.1 682.5 185.9 717.6 100.9 700.4 wheat 0
269.4 581.2 377.1 614.5 367.0 647.0 259.3 613.7 wheat 0
483.6 526.3 547.6 532.8 544.1 567.5 480.1 561.1 wheat 0
334.5 381.9 456.1 419.5 444.6 456.4 323.1 418.8 wheat 0
426.6 373.1 532.1 394.5 523.4 437.4 417.9 416.0 wheat 0
385.6 318.4 501.1 381.5 477.1 425.4 361.6 362.3 wheat 0
463.6 116.4 548.1 162.5 533.5 189.2 449.0 143.1 wheat 0
862.1 97.5 761.3 140.1 743.0 97.0 843.8 54.4 wheat 0
452.1 121.5 406.2 152.9 377.8 111.5 423.7 80.1 wheat 0
387.1 97.5 327.9 115.8 300.5 27.4 359.7 9.1 wheat 0
201.0 2.7 305.5 23.9 295.1 75.5 190.5 54.3 wheat 0
328.1 189.5 238.1 217.3 223.5 170.4 313.5 142.5 wheat 0
315.1 230.5 211.3 240.9 205.6 184.2 309.4 173.8 wheat 0
104.4 266.8 239.1 308.5 228.7 342.0 94.0 300.3 wheat 0
258.1 467.5 119.2 481.4 114.4 433.5 253.3 419.6 wheat 0
168.1 566.5 48.6 590.7 38.5 541.1 158.0 516.9 wheat 0
129.1 525.5 4.9 538.0 -0.0 489.2 124.2 476.7 wheat 0
651.5 513.3 720.1 534.5 706.4 578.6 637.9 557.4 wheat 0
596.5 843.7 668.5 865.9 654.1 912.5 582.1 890.2 wheat 0
43.2 855.3 155.0 889.8 142.1 931.5 30.3 896.9 wheat 0
8.1 823.5 152.1 823.5 152.1 875.5 8.1 875.5 wheat 0
