703.7 541.2 764.9 574.6 707.1 680.5 645.9 647.1 wheat 0
945.1 683.5 724.8 705.6 717.4 631.4 937.6 609.3 wheat 0
648.1 450.5 572.9 482.3 493.8 295.0 568.9 263.3 wheat 0
797.1 367.5 746.3 410.3 686.5 339.2 737.2 296.5 wheat 0
852.0 213.4 969.1 293.5 925.1 357.7 808.1 277.6 wheat 0
906.0 163.9 1021.0 212.5 993.1 278.5 878.1 229.9 wheat 0
886.8 118.0 958.4 125.2 953.3 176.0 881.7 168.8 wheat 0
737.2 88.4 825.1 115.6 804.1 183.5 716.2 156.3 wheat 0
723.8 149.5 797.1 189.5 768.5 241.7 695.3 201.7 wheat 0
605.0 146.5 669.1 159.5 656.7 220.3 592.7 207.3 wheat 0
671.1 27.3 708.9 53.2 658.1 127.5 620.3 101.6 wheat 0
499.4 174.5 620.1 225.5 598.9 275.7 478.2 224.7 wheat 0
407.1 193.5 349.1 211.4 328.0 143.1 385.9 125.1 wheat 0
325.1 312.5 271.3 357.8 205.7 280.0 259.5 234.7 wheat 0
208.1 312.5 115.7 331.2 100.3 255.4 192.7 236.7 wheat 0
177.1 399.5 119.4 417.3 81.8 295.5 139.4 277.7 wheat 0
334.1 547.5 226.7 558.3 218.6 478.0 326.0 467.2 wheat 0
504.1 498.5 447.4 529.5 416.0 472.0 472.7 441.0 wheat 0
595.1 835.5 539.3 866.0 427.5 661.3 483.3 630.8 wheat 0
752.1 763.5 826.1 763.5 826.1 851.5 752.1 851.5 wheat 0
790.1 694.5 873.1 694.5 873.1 748.5 790.1 748.5 wheat 0
208.1 571.5 69.8 599.5 55.1 526.6 193.3 498.6 wheat 0
360.1 668.5 285.6 683.6 269.4 603.8 343.9 588.7 wheat 0
420.1 777.5 370.0 793.0 345.6 714.3 395.7 698.8 wheat 0
481.1 835.5 432.6 856.0 400.2 779.4 448.7 759.0 wheat 0
503.7 894.5 609.0 966.6 570.1 1023.5 464.8 951.5 wheat 0
216.0 763.9 296.8 808.1 267.1 862.5 186.3 818.4 wheat 0
349.1 889.5 307.2 942.3 215.1 869.2 257.0 816.4 wheat 0
83.9 794.0 201.8 858.4 164.1 927.5 46.1 863.1 wheat 0
236.1 957.5 183.2 973.9 156.5 887.6 209.4 871.3 wheat 0
0.0 608.5 48.1 608.5 48.1 661.9 0.0 661.9 wheat 0
32.8 713.1 89.7 730.7 69.1 797.5 12.1 779.9 wheat 0
187.1 711.5 236.1 711.5 236.1 769.5 187.1 769.5 wheat 0
528.2 651.4 578.4 672.7 548.1 744.5 497.9 723.3 wheat 0
454.4 0.0 509.1 0.0 509.1 71.5 454.4 71.5 wheat 0
