544.1 346.5 343.2 408.7 326.5 354.7 527.4 292.6 wheat 0
806.1 200.5 1023.1 200.5 1023.1 298.5 806.1 298.5 wheat 0
808.1 773.5 651.6 789.2 646.1 735.0 802.6 719.3 wheat 0
636.1 661.5 569.8 717.3 545.0 687.8 611.2 632.0 wheat 0
776.1 817.5 525.2 954.6 496.5 902.1 747.4 765.0 wheat 0
255.1 1005.5 155.2 1015.5 148.3 946.7 248.2 936.7 wheat 0
168.3 735.5 344.1 883.5 298.0 938.2 122.3 790.1 wheat 0
289.1 782.5 212.0 824.6 185.2 775.4 262.2 733.3 wheat 0
397.1 819.5 313.5 845.4 198.1 472.3 281.7 446.4 wheat 0
415.5 491.4 477.4 517.5 386.1 733.5 324.2 707.3 wheat 0
549.1 593.5 382.4 765.1 326.7 711.0 493.4 539.4 wheat 0
110.7 447.5 178.2 454.3 150.1 734.5 82.6 727.7 wheat 0
67.1 452.5 126.1 452.5 126.1 610.5 67.1 610.5 wheat 0
1.0 482.5 55.1 482.5 55.1 600.5 1.0 600.5 wheat 0
310.1 272.5 128.7 349.2 103.5 289.5 284.8 212.9 wheat 0
269.1 252.5 188.2 277.5 116.6 46.0 197.4 21.0 wheat 0
144.1 271.1 86.9 288.8 3.0 17.7 60.2 -0.0 wheat 0
963.5 226.2 1023.0 266.9 843.5 529.2 784.1 488.5 wheat 0
