512.9 536.0 616.0 567.9 607.7 594.6 504.6 562.7 wheat 0
754.4 516.2 842.9 525.1 840.1 553.0 751.6 544.1 wheat 0
935.8 443.4 1010.7 466.6 1002.7 492.6 927.7 469.4 wheat 0
885.8 394.1 940.7 450.6 922.8 468.0 867.9 411.5 wheat 0
851.0 445.7 925.7 453.2 921.4 496.1 846.7 488.6 wheat 0
975.7 504.6 1023.7 504.6 1023.7 539.6 975.7 539.6 wheat 0
890.2 676.4 931.6 704.7 918.7 723.6 877.3 695.2 wheat 0
885.9 695.2 961.8 773.3 934.7 799.6 858.9 721.5 wheat 0
843.5 699.5 945.3 769.1 923.7 800.6 822.0 731.0 wheat 0
842.0 752.9 895.5 789.5 881.7 809.8 828.1 773.1 wheat 0
866.7 802.1 944.5 809.9 941.5 839.4 863.7 831.6 wheat 0
892.8 811.7 950.2 851.0 934.7 873.6 877.3 834.3 wheat 0
852.7 848.6 729.8 863.4 725.6 828.2 848.5 813.4 wheat 0
806.0 857.0 882.8 889.5 871.6 916.1 794.7 883.6 wheat 0
699.2 787.8 755.4 811.5 745.3 835.5 689.1 811.7 wheat 0
691.8 906.4 769.9 922.3 765.8 942.4 687.7 926.6 wheat 0
763.7 994.6 822.7 994.6 822.7 1021.6 763.7 1021.6 wheat 0
579.6 918.6 652.5 923.0 650.7 951.6 577.9 947.2 wheat 0
473.3 735.7 602.4 761.9 594.7 799.6 465.7 773.5 wheat 0
528.3 645.6 629.6 700.9 611.7 733.6 510.4 678.3 wheat 0
388.3 616.9 487.0 636.9 479.0 676.3 380.3 656.3 wheat 0
322.3 645.3 461.7 673.6 454.2 710.8 314.7 682.6 wheat 0
425.6 673.1 515.7 682.1 512.7 711.6 422.6 702.6 wheat 0
445.7 778.6 536.7 778.6 536.7 799.6 445.7 799.6 wheat 0
461.7 791.6 622.7 791.6 622.7 825.6 461.7 825.6 wheat 0
493.5 855.0 384.7 888.6 375.2 857.8 483.9 824.2 wheat 0
521.2 961.7 427.7 980.6 420.4 944.2 513.8 925.3 wheat 0
397.6 930.1 266.7 970.6 256.7 938.0 387.6 897.5 wheat 0
232.2 901.1 288.1 912.5 284.3 931.1 228.4 919.8 wheat 0
122.5 881.2 208.8 898.7 202.7 928.6 116.4 911.1 wheat 0
112.4 975.2 241.7 988.2 239.1 1014.0 109.8 1001.1 wheat 0
15.7 920.1 91.8 935.5 85.7 965.6 9.6 950.2 wheat 0
115.2 662.0 215.2 692.9 204.7 726.6 104.8 695.7 wheat 0
124.4 454.6 259.1 496.2 248.7 529.6 114.1 488.0 wheat 0
107.2 378.1 211.7 410.5 202.7 439.6 98.1 407.3 wheat 0
10.1 391.9 133.2 416.9 126.7 448.6 3.7 423.7 wheat 0
4.7 453.6 49.7 453.6 49.7 499.6 4.7 499.6 wheat 0
69.0 436.7 114.1 455.8 107.5 471.5 62.4 452.4 wheat 0
39.8 574.0 123.2 631.0 109.7 650.6 26.4 593.6 wheat 0
135.9 705.4 12.5 717.7 9.5 687.9 132.9 675.5 wheat 0
122.7 772.6 8.4 784.1 5.4 754.4 119.8 743.0 wheat 0
24.5 763.6 93.3 784.9 85.0 811.6 16.2 790.4 wheat 0
175.7 728.6 274.7 728.6 274.7 760.6 175.7 760.6 wheat 0
263.7 787.6 140.8 800.0 137.3 765.3 260.3 753.0 wheat 0
216.1 780.9 305.1 799.0 299.7 825.6 210.7 807.6 wheat 0
549.8 410.8 619.4 424.9 613.7 452.6 544.2 438.5 wheat 0
719.6 377.1 784.8 421.7 765.7 449.6 700.5 405.0 wheat 0
780.7 617.6 676.2 638.8 669.4 605.0 773.9 583.8 wheat 0
350.8 371.6 455.6 404.0 446.7 432.6 342.0 400.2 wheat 0
427.7 356.6 498.8 405.2 482.7 428.6 411.7 380.0 wheat 0
229.6 327.0 353.9 379.6 343.1 405.2 218.7 352.6 wheat 0
444.0 230.9 538.8 282.7 521.5 314.3 426.7 262.5 wheat 0
555.6 213.6 607.6 249.2 595.7 266.6 543.7 231.0 wheat 0
681.9 243.4 785.4 314.2 768.7 338.6 665.2 267.8 wheat 0
817.4 313.1 913.9 365.8 899.7 391.6 803.3 338.9 wheat 0
787.4 320.3 849.9 363.1 829.7 392.6 767.2 349.8 wheat 0
750.4 369.3 824.2 376.7 821.7 401.6 747.9 394.2 wheat 0
791.7 231.9 912.8 298.1 896.7 327.6 775.6 261.4 wheat 0
861.8 95.0 955.7 134.7 943.7 163.3 849.7 123.5 wheat 0
672.8 37.1 791.5 61.1 784.7 94.6 666.0 70.6 wheat 0
790.8 90.2 861.5 112.1 854.7 134.0 784.0 112.2 wheat 0
902.5 47.4 964.2 73.5 956.0 92.8 894.3 66.7 wheat 0
924.2 22.6 1020.1 52.2 1010.7 82.6 914.8 52.9 wheat 0
444.1 97.9 548.0 108.3 545.7 130.6 441.9 120.2 wheat 0
473.6 41.6 576.2 73.3 567.7 100.6 465.2 68.9 wheat 0
420.9 105.3 487.0 133.2 473.7 164.6 407.7 136.7 wheat 0
307.9 77.9 445.2 164.0 428.3 191.0 290.9 104.9 wheat 0
369.9 84.7 345.7 109.6 264.2 30.5 288.4 5.6 wheat 0
78.0 132.9 178.8 143.0 174.7 183.6 73.9 173.5 wheat 0
209.8 219.2 300.4 228.3 296.7 265.1 206.1 256.0 wheat 0
226.5 274.2 358.6 300.9 350.7 339.6 218.7 312.8 wheat 0
19.5 213.6 103.5 259.5 89.7 284.6 5.8 238.7 wheat 0
20.3 318.7 112.4 347.2 102.7 378.6 10.6 350.1 wheat 0
