562.6 627.8 536.7 649.6 437.7 532.0 463.5 510.2 wheat 0
540.2 644.0 513.8 658.4 479.3 595.2 505.6 580.8 wheat 0
684.7 578.6 665.5 594.8 626.5 548.5 645.7 532.3 wheat 0
768.7 607.6 747.2 625.8 697.8 567.1 719.3 549.0 wheat 0
901.7 620.6 873.2 636.2 827.7 552.9 856.2 537.3 wheat 0
934.7 761.6 911.6 781.1 863.9 724.5 887.0 705.0 wheat 0
826.1 862.1 806.6 882.2 771.4 848.1 790.9 828.0 wheat 0
724.5 880.9 806.6 889.1 803.7 917.6 721.7 909.4 wheat 0
759.2 892.5 814.7 949.6 800.3 963.7 744.8 906.5 wheat 0
769.6 948.2 812.9 977.8 802.7 992.6 759.5 963.0 wheat 0
912.7 1006.6 882.5 1023.1 839.2 944.0 869.5 927.5 wheat 0
905.6 950.2 1023.5 974.1 1016.7 1007.6 898.8 983.7 wheat 0
492.7 741.6 461.7 758.6 407.5 659.5 438.6 642.5 wheat 0
503.7 805.6 475.4 834.8 384.5 746.4 412.8 717.3 wheat 0
299.4 658.0 402.3 728.4 385.7 752.6 282.9 682.2 wheat 0
445.3 804.3 420.7 829.6 328.4 739.9 352.9 714.6 wheat 0
320.5 816.5 377.9 864.8 356.0 890.8 298.6 842.5 wheat 0
140.8 773.5 297.5 789.2 293.7 826.6 137.1 810.9 wheat 0
20.3 689.8 144.9 757.9 127.2 790.4 2.6 722.3 wheat 0
196.5 824.3 228.8 837.9 214.0 872.9 181.7 859.3 wheat 0
326.2 990.2 300.7 1011.6 237.9 937.0 263.3 915.6 wheat 0
5.9 952.8 183.0 970.6 179.6 1004.4 2.5 986.6 wheat 0
155.7 509.6 121.2 520.3 74.0 367.7 108.5 357.0 wheat 0
71.9 329.3 155.7 415.6 133.0 437.7 49.1 351.3 wheat 0
44.4 223.0 158.3 382.2 133.7 399.8 19.8 240.6 wheat 0
37.5 384.4 105.6 441.7 86.9 463.9 18.9 406.5 wheat 0
147.7 244.6 123.6 261.1 27.1 120.1 51.3 103.6 wheat 0
214.7 196.6 194.9 213.3 108.9 111.2 128.7 94.5 wheat 0
214.7 163.6 192.5 182.4 102.1 75.0 124.3 56.3 wheat 0
387.7 314.6 360.1 329.7 275.9 175.6 303.6 160.5 wheat 0
466.7 491.6 430.3 495.3 412.7 319.6 449.1 315.9 wheat 0
584.7 336.6 563.2 354.8 480.9 257.0 502.4 238.9 wheat 0
616.7 242.6 649.7 242.6 649.7 392.6 616.7 392.6 wheat 0
427.3 251.5 395.8 261.3 353.2 123.7 384.7 114.0 wheat 0
402.2 128.9 433.7 138.7 418.3 188.3 386.8 178.6 wheat 0
556.7 5.6 584.7 5.6 584.7 83.6 556.7 83.6 wheat 0
803.7 121.6 776.1 136.7 710.4 16.5 738.0 1.4 wheat 0
869.8 313.5 836.3 323.9 794.3 188.0 827.7 177.6 wheat 0
785.7 452.6 763.6 462.0 721.8 363.3 744.0 353.9 wheat 0
909.7 492.6 882.5 507.5 817.5 388.4 844.7 373.6 wheat 0
822.1 475.9 843.1 490.3 829.9 509.5 808.9 495.1 wheat 0
892.4 385.1 965.7 460.6 945.8 480.0 872.4 404.4 wheat 0
856.0 305.9 935.7 339.6 923.8 367.9 844.0 334.2 wheat 0
1006.7 426.2 969.5 433.7 936.7 272.0 974.0 264.5 wheat 0
1023.7 150.6 987.6 157.9 958.0 12.0 994.2 4.7 wheat 0
127.6 860.3 110.0 875.1 66.9 823.9 84.5 809.1 wheat 0
1017.5 840.2 1000.3 845.5 990.0 812.1 1007.2 806.7 wheat 0
