233.3 212.0 329.3 212.0 329.3 287.0 233.3 287.0 wheat 0
348.3 67.0 405.3 67.0 405.3 167.0 348.3 167.0 wheat 0
531.3 79.0 588.3 79.0 588.3 205.0 531.3 205.0 wheat 0
627.2 28.8 744.4 108.9 713.4 154.3 596.2 74.1 wheat 0
746.3 132.0 813.3 132.0 813.3 305.0 746.3 305.0 wheat 0
773.1 302.3 720.2 313.1 693.5 181.7 746.5 171.0 wheat 0
723.6 337.2 776.2 353.4 746.0 450.9 693.5 434.6 wheat 0
793.8 513.0 743.3 565.0 653.2 477.5 703.7 425.5 wheat 0
628.8 501.8 503.3 570.3 477.1 522.3 602.5 453.7 wheat 0
315.7 466.1 249.9 502.1 179.9 374.0 245.7 338.0 wheat 0
276.4 463.7 423.4 525.8 393.3 597.0 246.3 534.9 wheat 0
323.3 423.0 380.3 423.0 380.3 547.0 323.3 547.0 wheat 0
513.6 741.5 457.4 772.1 385.0 639.6 441.2 608.9 wheat 0
410.5 678.1 329.2 694.6 315.1 625.0 396.4 608.5 wheat 0
179.5 781.0 105.9 788.4 93.1 661.1 166.7 653.7 wheat 0
408.3 870.8 348.7 903.4 310.3 833.2 370.0 800.6 wheat 0
609.3 767.3 656.4 776.9 635.3 880.8 588.3 871.2 wheat 0
990.7 853.6 928.0 859.9 917.0 750.5 979.7 744.2 wheat 0
869.3 637.9 804.6 651.0 773.4 497.2 838.1 484.1 wheat 0
871.6 532.1 918.4 546.6 888.0 645.0 841.2 630.5 wheat 0
138.4 58.8 190.0 74.7 154.2 190.3 102.6 174.4 wheat 0
141.6 59.1 58.5 84.8 44.0 38.0 127.1 12.3 wheat 0
589.8 304.1 505.5 321.1 496.8 278.0 581.1 260.9 wheat 0
