443.3 238.0 487.3 238.0 487.3 344.0 443.3 344.0 wheat 0
516.5 272.0 554.2 292.6 521.1 353.1 483.4 332.5 wheat 0
577.9 285.8 619.9 298.8 602.8 354.2 560.7 341.2 wheat 0
705.6 161.3 740.3 185.0 653.4 312.1 618.7 288.3 wheat 0
739.3 314.0 638.3 383.1 612.5 345.4 713.5 276.3 wheat 0
935.3 273.0 779.7 304.6 770.9 261.1 926.5 229.6 wheat 0
496.3 69.0 543.3 69.0 543.3 144.0 496.3 144.0 wheat 0
632.6 45.7 562.5 93.7 541.0 62.4 611.2 14.4 wheat 0
759.7 70.7 680.4 95.2 665.9 48.4 745.2 23.9 wheat 0
655.3 77.0 738.3 77.0 738.3 118.0 655.3 118.0 wheat 0
366.8 223.4 238.8 277.5 222.8 239.7 350.8 185.6 wheat 0
148.3 395.0 45.6 451.1 23.4 410.4 126.1 354.3 wheat 0
139.1 446.5 46.7 509.7 27.5 481.6 119.9 418.4 wheat 0
302.3 513.0 164.3 526.9 159.7 481.0 297.7 467.1 wheat 0
409.0 604.5 362.0 624.4 336.7 564.5 383.7 544.7 wheat 0
533.3 490.0 633.3 490.0 633.3 556.0 533.3 556.0 wheat 0
638.3 627.0 737.3 627.0 737.3 678.0 638.3 678.0 wheat 0
746.3 829.0 712.6 871.6 603.4 784.9 637.2 742.4 wheat 0
496.3 750.0 447.6 776.7 392.1 675.1 440.8 648.5 wheat 0
254.0 965.0 394.3 979.0 390.4 1018.3 250.0 1004.2 wheat 0
