24.1 621.9 135.9 644.6 123.3 706.3 11.6 683.7 wheat 0
100.6 848.1 213.2 883.0 194.7 942.6 82.1 907.8 wheat 0
310.7 592.6 387.7 592.6 387.7 655.6 310.7 655.6 wheat 0
584.4 425.5 637.2 461.7 605.1 508.7 552.2 472.6 wheat 0
650.2 279.9 684.1 303.1 620.3 396.3 586.4 373.2 wheat 0
471.9 311.9 509.0 337.3 444.6 431.4 407.5 406.0 wheat 0
236.0 142.4 202.8 156.4 161.5 58.8 194.7 44.8 wheat 0
357.2 275.6 486.0 363.7 466.2 392.6 337.5 304.5 wheat 0
542.9 330.6 573.3 343.5 519.6 470.6 489.2 457.7 wheat 0
525.5 532.1 548.1 536.7 533.0 611.1 510.4 606.6 wheat 0
625.0 531.8 648.7 551.8 587.5 624.4 563.8 604.5 wheat 0
711.6 398.7 737.6 420.6 671.9 498.6 645.9 476.7 wheat 0
736.1 257.1 771.3 286.7 709.4 360.1 674.2 330.5 wheat 0
789.7 204.6 711.3 247.5 679.0 188.2 757.4 145.4 wheat 0
452.7 11.6 567.7 11.6 567.7 122.6 452.7 122.6 wheat 0
694.7 82.6 630.5 148.7 603.0 122.1 667.3 55.9 wheat 0
873.9 48.4 753.3 99.4 736.5 59.8 857.2 8.8 wheat 0
869.7 171.6 780.5 209.3 767.5 178.4 856.7 140.7 wheat 0
121.7 337.6 172.7 337.6 172.7 395.6 121.7 395.6 wheat 0
243.7 208.6 274.7 208.6 274.7 282.6 243.7 282.6 wheat 0
254.6 74.1 305.6 84.4 292.9 147.1 241.9 136.8 wheat 0
624.4 616.5 653.7 646.7 597.0 701.7 567.8 671.6 wheat 0
717.4 562.5 745.0 574.2 718.1 637.7 690.5 626.1 wheat 0
772.7 359.6 799.7 359.6 799.7 456.6 772.7 456.6 wheat 0
358.4 708.2 424.5 753.4 388.7 805.6 322.7 760.4 wheat 0
533.4 862.6 500.9 872.6 474.0 785.7 506.5 775.6 wheat 0
410.2 816.7 468.4 865.7 443.2 895.5 385.1 846.5 wheat 0
303.4 750.6 354.6 785.6 332.0 818.6 280.9 783.6 wheat 0
753.1 966.1 705.6 1006.1 664.4 957.1 711.8 917.2 wheat 0
952.7 913.4 902.1 929.1 883.8 869.8 934.4 854.2 wheat 0
869.0 340.8 903.1 355.2 889.5 387.4 855.4 373.0 wheat 0
375.0 501.8 398.0 530.8 345.5 572.4 322.5 543.4 wheat 0
225.7 731.4 199.3 736.8 188.7 684.8 215.2 679.5 wheat 0
