321.7 208.6 300.2 220.4 249.5 127.5 271.0 115.7 wheat 0
207.7 270.6 167.0 283.2 119.7 130.5 160.5 117.9 wheat 0
113.7 223.6 83.7 254.6 0.4 173.8 30.5 142.8 wheat 0
46.9 265.2 132.0 311.7 117.6 338.0 32.5 291.5 wheat 0
122.8 337.6 206.2 394.6 183.6 427.6 100.3 370.6 wheat 0
357.3 342.2 330.7 364.6 276.9 300.7 303.5 278.3 wheat 0
384.0 389.7 284.7 399.6 281.0 362.7 380.3 352.7 wheat 0
370.7 308.6 349.2 326.7 301.3 269.9 322.9 251.8 wheat 0
343.7 242.1 431.2 315.8 413.7 336.6 326.2 262.9 wheat 0
437.9 179.5 537.7 263.6 504.9 302.6 405.1 218.4 wheat 0
486.5 34.5 580.6 113.7 556.8 141.9 462.7 62.6 wheat 0
524.7 248.8 643.1 260.6 639.8 293.5 521.4 281.6 wheat 0
598.5 289.7 693.6 330.0 677.7 367.6 582.5 327.4 wheat 0
623.7 397.6 586.3 413.4 536.5 295.6 573.9 279.8 wheat 0
635.6 354.0 707.9 403.4 692.7 425.6 620.4 376.1 wheat 0
735.6 246.7 791.9 317.6 768.0 336.5 711.7 265.6 wheat 0
809.9 216.4 901.9 311.1 877.5 334.8 785.6 240.1 wheat 0
885.6 391.3 962.3 443.7 937.4 480.1 860.7 427.6 wheat 0
1004.6 421.6 974.4 434.3 932.5 335.4 962.7 322.6 wheat 0
943.8 293.4 1021.1 317.3 1011.7 347.6 934.4 323.7 wheat 0
995.0 638.7 961.5 649.1 932.5 555.6 966.1 545.2 wheat 0
759.9 481.2 824.4 547.6 801.7 569.6 737.2 503.2 wheat 0
721.7 486.6 752.7 486.6 752.7 530.6 721.7 530.6 wheat 0
773.7 566.6 817.8 635.3 781.9 658.3 737.9 589.7 wheat 0
969.7 710.6 863.1 732.2 853.6 685.2 960.2 663.6 wheat 0
657.1 558.1 738.9 592.7 725.6 624.2 643.7 589.6 wheat 0
707.1 631.4 798.4 693.9 777.1 725.1 685.7 662.6 wheat 0
695.4 664.3 745.0 698.2 728.0 722.9 678.5 689.1 wheat 0
626.7 583.1 694.8 669.0 669.6 689.0 601.4 603.2 wheat 0
616.7 624.1 532.0 632.6 528.6 599.0 613.3 590.5 wheat 0
437.1 491.8 524.3 528.7 505.7 572.6 418.5 535.7 wheat 0
373.8 498.9 456.3 555.3 433.7 588.4 351.2 531.9 wheat 0
288.3 518.9 378.7 595.0 359.2 618.1 268.8 542.0 wheat 0
276.7 568.6 339.7 568.6 339.7 596.6 276.7 596.6 wheat 0
181.3 429.6 252.4 468.5 233.2 503.6 162.1 464.8 wheat 0
182.0 623.7 251.8 653.2 239.7 681.6 170.0 652.1 wheat 0
160.5 624.0 222.4 666.3 206.0 690.3 144.1 647.9 wheat 0
116.2 569.5 148.1 596.4 128.6 619.5 96.7 592.6 wheat 0
139.7 709.6 96.3 733.3 26.7 606.0 70.2 582.3 wheat 0
153.1 679.6 285.4 706.4 277.4 745.6 145.1 718.8 wheat 0
263.8 719.6 330.8 740.4 322.7 766.6 255.7 745.9 wheat 0
411.2 770.9 514.1 841.3 494.7 869.6 391.8 799.2 wheat 0
276.1 791.5 361.4 808.8 354.7 841.6 269.4 824.3 wheat 0
29.8 785.3 95.4 798.6 88.7 831.9 23.0 818.6 wheat 0
12.1 923.8 90.7 931.7 86.4 974.5 7.8 966.6 wheat 0
13.6 974.4 107.7 993.4 101.9 1021.9 7.8 1002.8 wheat 0
638.3 718.8 698.7 769.7 677.7 794.6 617.3 743.7 wheat 0
512.2 708.9 585.9 740.1 577.3 760.3 503.6 729.2 wheat 0
471.8 836.1 523.7 901.6 499.1 921.2 447.1 855.7 wheat 0
646.9 848.3 699.1 902.1 677.6 923.0 625.3 869.2 wheat 0
595.3 885.3 645.7 948.7 615.1 973.0 564.8 909.5 wheat 0
787.9 855.0 857.2 862.0 852.8 906.4 783.4 899.4 wheat 0
910.8 873.5 989.2 927.1 971.7 952.7 893.3 899.1 wheat 0
970.7 877.6 1006.7 877.6 1006.7 956.6 970.7 956.6 wheat 0
877.8 920.1 927.7 941.2 909.7 983.6 859.8 962.5 wheat 0
678.8 954.4 763.7 971.6 755.3 1013.2 670.4 995.9 wheat 0
653.4 950.8 693.8 992.4 670.1 1015.4 629.7 973.8 wheat 0
567.5 939.2 635.7 996.6 614.3 1022.0 546.1 964.6 wheat 0
388.7 996.6 494.7 996.6 494.7 1020.6 388.7 1020.6 wheat 0
622.4 514.2 604.0 529.7 573.1 493.0 591.5 477.5 wheat 0
198.0 53.8 302.9 86.2 290.7 125.6 185.8 93.2 wheat 0
739.3 90.7 805.5 158.8 781.1 182.5 714.9 114.4 wheat 0
807.5 162.2 850.9 192.0 832.7 218.6 789.3 188.9 wheat 0
840.9 49.9 909.6 120.6 880.7 148.6 812.1 77.9 wheat 0
709.1 20.3 767.7 80.6 744.1 103.6 685.5 43.3 wheat 0
603.9 5.3 671.8 51.7 654.7 76.6 586.8 30.2 wheat 0
116.3 14.2 190.3 76.5 171.7 98.6 97.7 36.2 wheat 0
33.1 6.8 80.1 39.0 65.4 60.4 18.4 28.3 wheat 0
237.3 986.5 320.9 994.9 318.1 1022.7 234.5 1014.4 wheat 0
