836.1 467.5 730.5 478.1 724.7 419.8 830.2 409.2 wheat 0
727.1 294.5 608.2 318.6 596.9 262.9 715.8 238.8 wheat 0
748.5 177.0 831.1 202.5 818.2 244.1 735.6 218.6 wheat 0
697.1 143.5 576.8 194.4 553.1 138.3 673.4 87.4 wheat 0
733.1 58.5 646.3 117.9 606.5 59.8 693.3 0.4 wheat 0
504.1 404.5 444.3 437.2 402.6 361.0 462.4 328.3 wheat 0
677.1 545.6 733.3 557.0 720.1 622.5 663.8 611.1 wheat 0
735.1 878.5 667.0 885.3 657.2 787.1 725.2 780.3 wheat 0
813.3 721.2 931.1 785.5 901.9 839.0 784.1 774.6 wheat 0
389.1 925.5 344.4 939.3 307.8 821.2 352.5 807.4 wheat 0
576.1 967.5 518.6 973.3 509.7 884.4 567.1 878.7 wheat 0
558.1 806.5 509.7 821.5 491.6 763.0 540.0 748.0 wheat 0
529.1 854.5 479.3 859.5 473.8 804.6 523.6 799.6 wheat 0
386.2 826.8 461.4 858.6 439.1 911.5 363.8 879.7 wheat 0
221.5 925.1 276.8 948.4 245.1 1023.5 189.8 1000.1 wheat 0
175.0 840.1 208.7 846.9 197.1 904.5 163.3 897.7 wheat 0
342.1 651.5 289.5 662.2 279.7 614.0 332.3 603.3 wheat 0
311.8 561.0 257.1 598.5 226.7 554.1 281.4 516.6 wheat 0
252.0 402.3 291.6 429.3 238.1 507.5 198.5 480.5 wheat 0
239.3 438.4 179.6 444.4 174.9 397.6 234.6 391.6 wheat 0
328.1 277.5 269.2 295.7 246.1 221.0 305.0 202.8 wheat 0
417.1 188.5 343.9 203.3 326.4 116.8 399.5 102.0 wheat 0
107.3 175.5 141.0 178.8 134.1 247.5 100.4 244.1 wheat 0
112.5 214.9 196.0 231.8 183.1 295.5 99.6 278.6 wheat 0
128.1 423.5 78.3 433.6 69.6 390.6 119.3 380.5 wheat 0
78.5 491.0 133.1 496.5 126.0 566.8 71.4 561.3 wheat 0
920.1 0.0 993.2 0.0 993.2 82.5 920.1 82.5 wheat 0
