600.1 552.5 559.8 594.0 485.1 521.4 525.3 479.9 wheat 0
373.1 371.5 344.3 395.8 241.7 274.0 270.5 249.7 wheat 0
431.1 381.5 384.6 395.9 355.9 303.2 402.4 288.8 wheat 0
610.9 240.9 695.1 276.5 682.1 307.1 597.9 271.5 wheat 0
724.1 362.5 643.4 387.5 628.7 340.0 709.4 315.1 wheat 0
808.8 408.1 907.1 438.5 893.0 483.9 794.8 453.5 wheat 0
928.1 376.5 889.6 397.5 845.5 316.7 883.9 295.7 wheat 0
1018.8 374.8 986.1 408.5 909.4 334.1 942.2 300.4 wheat 0
800.7 107.7 773.1 142.5 687.9 74.9 715.5 40.1 wheat 0
656.2 65.2 721.5 109.9 697.4 145.2 632.1 100.5 wheat 0
657.3 87.3 624.1 105.5 579.0 23.0 612.3 4.9 wheat 0
516.9 40.0 604.0 76.8 585.1 121.5 498.0 84.7 wheat 0
370.3 76.5 344.1 103.5 292.8 53.8 319.1 26.8 wheat 0
309.1 154.5 287.2 188.5 213.2 141.0 235.0 107.0 wheat 0
259.0 205.8 353.1 245.5 335.7 286.6 241.7 246.8 wheat 0
153.1 332.5 123.6 352.7 71.1 275.9 100.6 255.8 wheat 0
64.1 391.5 177.1 391.5 177.1 430.5 64.1 430.5 wheat 0
222.1 416.3 294.1 465.5 273.1 496.1 201.2 446.9 wheat 0
66.1 450.5 186.1 450.5 186.1 496.5 66.1 496.5 wheat 0
188.1 540.5 289.1 540.5 289.1 573.5 188.1 573.5 wheat 0
407.1 599.5 367.8 620.9 305.8 507.4 345.1 486.0 wheat 0
300.7 575.8 416.1 611.5 402.0 657.1 286.6 621.4 wheat 0
807.9 543.0 884.1 566.5 876.2 591.8 800.1 568.2 wheat 0
848.4 486.8 936.8 535.1 915.5 574.0 827.1 525.7 wheat 0
909.0 487.1 987.1 540.5 957.5 583.7 879.5 530.3 wheat 0
717.8 521.9 748.0 538.4 726.1 578.5 695.9 562.0 wheat 0
438.5 401.1 522.1 471.5 498.9 499.0 415.3 428.7 wheat 0
343.1 407.5 294.3 428.1 246.1 313.9 294.8 293.3 wheat 0
80.4 33.6 161.1 101.5 127.9 140.9 47.2 72.9 wheat 0
669.1 715.5 722.1 715.5 722.1 781.5 669.1 781.5 wheat 0
811.3 735.7 897.1 782.5 876.4 820.4 790.7 773.5 wheat 0
910.2 725.8 854.7 743.0 840.0 695.2 895.4 678.1 wheat 0
939.2 793.3 994.1 816.5 979.2 851.6 924.4 828.4 wheat 0
939.1 875.5 851.1 893.4 841.7 847.0 929.7 829.2 wheat 0
496.6 840.0 592.1 869.5 577.7 915.9 482.2 886.4 wheat 0
881.1 950.5 857.3 980.5 815.4 947.3 839.2 917.3 wheat 0
544.8 838.3 433.9 860.8 422.2 803.0 533.1 780.5 wheat 0
399.1 778.5 348.4 794.2 320.7 704.7 371.4 689.1 wheat 0
249.3 617.9 345.1 647.5 331.8 690.4 236.0 660.8 wheat 0
157.7 646.7 214.1 734.5 180.8 755.9 124.4 668.0 wheat 0
154.1 729.5 125.7 745.0 85.2 670.8 113.5 655.3 wheat 0
79.1 709.5 54.6 734.7 13.4 694.7 37.8 669.5 wheat 0
62.2 746.5 178.1 795.5 161.6 834.4 45.8 785.4 wheat 0
71.1 858.6 170.1 868.5 165.2 917.0 66.3 907.1 wheat 0
260.2 842.7 360.1 945.5 323.2 981.3 223.4 878.5 wheat 0
340.3 873.8 420.1 907.5 405.0 943.0 325.2 909.3 wheat 0
514.1 946.8 591.1 954.5 587.6 989.1 510.7 981.3 wheat 0
767.7 181.1 808.2 208.8 770.1 264.5 729.6 236.8 wheat 0
