391.2 164.1 473.8 209.2 434.9 280.2 352.4 235.1 wheat 0
324.9 360.2 273.8 412.9 170.3 312.4 221.4 259.7 wheat 0
503.2 199.3 583.1 242.9 541.9 318.2 462.1 274.6 wheat 0
648.6 182.3 704.2 205.9 676.9 270.2 621.3 246.7 wheat 0
605.5 41.2 675.7 79.5 634.9 154.2 564.7 115.8 wheat 0
832.9 63.2 922.6 101.1 859.9 249.2 770.3 211.3 wheat 0
386.8 440.7 463.0 492.8 353.9 652.2 277.7 600.1 wheat 0
360.9 535.2 139.9 628.7 91.7 514.7 312.8 421.2 wheat 0
126.9 604.2 29.6 645.3 0.0 575.2 97.3 534.1 wheat 0
687.5 798.1 812.9 956.2 762.8 996.0 637.4 837.9 wheat 0
