681.1 477.5 621.2 489.6 593.4 352.5 653.3 340.4 wheat 0
772.0 430.3 706.3 443.6 695.2 388.7 760.8 375.4 wheat 0
848.1 425.5 796.8 441.4 776.2 374.8 827.5 358.9 wheat 0
790.7 354.1 743.0 368.9 729.4 324.9 777.2 310.1 wheat 0
823.1 260.5 768.8 283.5 706.2 135.4 760.4 112.4 wheat 0
118.1 525.5 176.1 525.5 176.1 642.5 118.1 642.5 wheat 0
253.8 625.0 359.1 657.5 345.5 701.3 240.3 668.7 wheat 0
210.1 912.5 148.3 931.6 94.5 757.7 156.3 738.6 wheat 0
414.1 932.5 368.6 937.1 358.5 836.3 404.0 831.8 wheat 0
467.1 744.5 517.1 744.5 517.1 862.5 467.1 862.5 wheat 0
543.1 213.8 593.8 218.9 575.1 405.5 524.4 400.4 wheat 0
401.1 364.5 348.4 375.2 326.5 266.8 379.1 256.1 wheat 0
445.4 229.9 513.2 258.5 470.1 360.5 402.3 331.9 wheat 0
636.1 158.5 580.1 205.6 513.8 126.9 569.8 79.8 wheat 0
778.8 108.4 899.8 145.8 885.1 193.5 764.1 156.1 wheat 0
131.2 63.8 194.4 83.4 160.1 194.5 96.9 175.0 wheat 0
329.3 357.8 374.6 395.9 310.1 472.5 264.8 434.4 wheat 0
614.1 612.5 561.5 634.7 517.8 531.2 570.3 509.0 wheat 0
785.1 826.5 741.3 850.4 674.6 728.3 718.3 704.4 wheat 0
866.5 685.4 910.4 709.3 831.1 854.5 787.2 830.5 wheat 0
984.1 805.5 857.5 912.1 809.5 855.0 936.0 748.5 wheat 0
584.8 839.9 623.5 888.5 510.1 978.5 471.4 929.8 wheat 0
710.0 200.5 755.7 247.5 664.1 336.5 618.4 289.5 wheat 0
604.1 261.5 642.1 261.5 642.1 333.5 604.1 333.5 wheat 0
