20.1 455.5 65.1 455.5 65.1 589.5 20.1 589.5 wheat 0
156.8 393.7 96.7 399.7 91.9 352.5 152.1 346.5 wheat 0
153.1 325.5 81.2 355.9 58.5 302.2 130.4 271.8 wheat 0
99.2 291.7 34.1 346.5 0.4 306.6 65.5 251.7 wheat 0
186.1 255.5 141.5 264.6 121.7 167.2 166.3 158.1 wheat 0
150.2 107.0 239.3 155.6 212.1 205.5 123.0 156.8 wheat 0
211.1 228.5 267.1 228.5 267.1 322.5 211.1 322.5 wheat 0
260.1 284.5 312.1 284.5 312.1 326.5 260.1 326.5 wheat 0
440.0 176.8 504.1 257.5 460.2 292.3 396.2 211.6 wheat 0
602.4 212.3 688.7 229.8 677.7 283.7 591.5 266.2 wheat 0
671.7 330.6 722.6 365.5 691.1 411.5 640.2 376.7 wheat 0
668.1 357.5 616.4 368.0 604.1 307.3 655.8 296.9 wheat 0
526.1 355.7 596.3 355.7 596.3 400.5 526.1 400.5 wheat 0
564.1 371.5 527.9 401.9 481.4 346.7 517.6 316.3 wheat 0
459.1 486.5 394.9 499.5 385.7 454.5 449.9 441.5 wheat 0
824.1 310.5 878.1 310.5 878.1 362.5 824.1 362.5 wheat 0
714.1 147.5 761.1 147.5 761.1 219.5 714.1 219.5 wheat 0
843.1 214.5 793.2 224.6 777.7 148.1 827.5 138.0 wheat 0
906.1 245.5 847.1 257.5 832.4 184.8 891.3 172.8 wheat 0
994.1 190.5 943.5 206.1 913.6 109.2 964.1 93.6 wheat 0
911.1 116.5 861.8 126.5 847.1 54.1 896.4 44.1 wheat 0
681.2 934.0 763.8 942.3 759.1 989.5 676.5 981.2 wheat 0
537.1 866.5 579.1 866.5 579.1 905.5 537.1 905.5 wheat 0
410.1 926.5 464.1 926.5 464.1 973.5 410.1 973.5 wheat 0
334.1 914.5 394.1 914.5 394.1 956.5 334.1 956.5 wheat 0
292.1 975.5 370.1 975.5 370.1 1021.5 292.1 1021.5 wheat 0
383.1 280.5 325.7 311.9 303.7 271.6 361.1 240.3 wheat 0
285.1 16.5 334.1 16.5 334.1 92.5 285.1 92.5 wheat 0
750.1 215.5 806.1 215.5 806.1 265.5 750.1 265.5 wheat 0
