389.1 168.8 459.8 190.6 423.1 309.5 352.4 287.6 wheat 0
639.1 233.5 579.5 266.0 536.9 188.0 596.4 155.5 wheat 0
826.1 281.5 789.7 327.4 729.8 279.8 766.2 234.0 wheat 0
860.1 224.5 770.8 242.6 761.3 195.6 850.5 177.5 wheat 0
926.8 136.9 974.4 169.4 881.6 305.1 834.1 272.5 wheat 0
1015.1 85.5 924.9 147.2 891.6 98.6 981.8 36.9 wheat 0
920.1 274.5 1004.1 274.5 1004.1 347.5 920.1 347.5 wheat 0
970.1 417.5 871.4 437.5 855.9 361.1 954.6 341.1 wheat 0
850.1 430.5 911.1 430.5 911.1 515.5 850.1 515.5 wheat 0
951.1 671.5 889.6 690.5 855.5 580.5 917.0 561.5 wheat 0
815.1 691.5 734.5 759.4 705.1 724.5 785.7 656.6 wheat 0
665.6 806.5 738.1 867.5 699.6 913.2 627.1 852.2 wheat 0
845.3 825.4 780.3 880.1 737.8 829.7 802.8 774.9 wheat 0
819.5 720.8 858.9 761.4 800.1 818.5 760.7 777.9 wheat 0
489.1 788.5 455.3 831.1 392.6 781.3 426.3 738.7 wheat 0
477.7 475.8 562.1 533.5 514.8 602.7 430.4 544.9 wheat 0
576.1 532.5 544.0 535.7 537.3 469.1 569.4 465.8 wheat 0
584.5 423.5 640.1 493.5 607.6 519.3 552.1 449.3 wheat 0
544.1 355.5 657.1 355.5 657.1 413.5 544.1 413.5 wheat 0
443.1 442.5 379.2 462.3 361.9 406.4 425.8 386.7 wheat 0
237.1 347.5 304.2 354.3 291.1 485.5 223.9 478.8 wheat 0
333.1 532.5 274.1 572.8 246.3 532.2 305.2 491.8 wheat 0
317.1 457.5 379.1 457.5 379.1 509.5 317.1 509.5 wheat 0
244.1 615.5 184.3 627.6 164.8 531.4 224.6 519.3 wheat 0
296.9 618.1 345.0 644.4 287.1 750.5 238.9 724.2 wheat 0
372.1 808.5 342.0 855.4 254.7 799.3 284.7 752.4 wheat 0
381.8 804.6 447.3 832.3 429.1 875.5 363.6 847.8 wheat 0
395.1 897.5 312.9 914.2 300.7 853.6 382.8 836.9 wheat 0
166.9 772.9 251.1 808.5 233.1 850.9 149.0 815.3 wheat 0
228.1 897.5 130.3 907.3 123.6 840.1 221.3 830.3 wheat 0
777.1 911.5 839.1 911.5 839.1 969.5 777.1 969.5 wheat 0
887.4 856.0 958.4 863.2 952.1 926.5 881.0 919.4 wheat 0
999.1 789.5 924.3 804.7 913.2 749.6 987.9 734.5 wheat 0
883.1 812.5 937.1 812.5 937.1 849.5 883.1 849.5 wheat 0
950.1 817.5 997.1 817.5 997.1 867.5 950.1 867.5 wheat 0
937.3 521.8 988.1 549.5 967.3 587.5 916.6 559.8 wheat 0
685.1 450.5 745.1 450.5 745.1 510.5 685.1 510.5 wheat 0
161.1 441.5 96.4 468.9 66.8 398.9 131.5 371.6 wheat 0
23.1 276.5 68.1 276.5 68.1 321.5 23.1 321.5 wheat 0
89.5 134.4 227.1 192.5 206.2 241.8 68.7 183.7 wheat 0
60.1 60.5 114.1 60.5 114.1 216.5 60.1 216.5 wheat 0
3.0 332.5 64.1 332.5 64.1 405.5 3.0 405.5 wheat 0
75.8 336.6 129.3 353.2 114.1 402.5 60.6 386.0 wheat 0
