699.2 585.1 746.6 611.0 696.3 703.1 648.9 677.2 wheat 0
638.7 840.3 735.7 859.9 725.8 909.0 628.8 889.3 wheat 0
754.7 914.6 645.1 925.6 641.1 885.3 750.7 874.3 wheat 0
784.8 853.4 819.8 868.2 788.7 941.9 753.7 927.1 wheat 0
946.1 1011.2 876.5 1025.3 868.4 985.1 938.0 971.0 wheat 0
961.7 519.3 909.5 555.0 881.6 514.2 933.8 478.5 wheat 0
1009.7 530.6 953.0 554.6 934.1 510.1 990.9 486.1 wheat 0
811.1 466.0 778.3 499.7 727.4 450.2 760.1 416.5 wheat 0
805.7 315.6 760.2 346.7 721.0 289.4 766.5 258.3 wheat 0
676.7 230.6 619.0 262.1 596.9 221.7 654.6 190.1 wheat 0
771.0 68.2 700.7 140.6 661.1 102.1 731.4 29.7 wheat 0
939.3 185.1 877.2 204.3 865.1 165.1 927.2 145.9 wheat 0
802.6 2.3 839.8 9.8 830.9 53.9 793.6 46.4 wheat 0
596.7 66.6 520.2 90.3 503.0 34.7 579.5 11.0 wheat 0
436.7 105.6 429.6 147.1 375.3 137.8 382.5 96.3 wheat 0
475.4 190.4 534.5 264.8 489.0 300.9 430.0 226.4 wheat 0
468.7 71.6 376.0 100.3 365.4 66.1 458.2 37.4 wheat 0
269.8 118.6 356.6 166.0 337.7 200.6 250.9 153.2 wheat 0
236.7 148.6 320.7 148.6 320.7 203.6 236.7 203.6 wheat 0
265.7 70.6 182.4 96.4 162.8 33.0 246.1 7.2 wheat 0
129.7 205.6 45.8 241.1 24.9 191.7 108.9 156.2 wheat 0
198.5 280.6 167.7 301.6 145.8 269.6 176.5 248.5 wheat 0
224.7 252.6 273.7 252.6 273.7 310.6 224.7 310.6 wheat 0
131.2 335.3 55.8 350.6 43.2 288.9 118.7 273.6 wheat 0
245.6 422.6 305.4 455.2 246.7 562.6 187.0 530.0 wheat 0
468.7 464.6 376.8 493.0 361.5 443.5 453.4 415.1 wheat 0
570.3 497.4 608.4 529.6 547.7 601.6 509.6 569.5 wheat 0
549.0 779.6 461.2 788.4 453.0 706.4 540.7 697.6 wheat 0
484.7 861.9 523.7 888.6 478.6 954.6 439.6 927.9 wheat 0
434.5 733.0 379.0 790.2 330.2 742.8 385.7 685.6 wheat 0
277.6 709.6 225.1 731.8 186.9 641.6 239.4 619.4 wheat 0
282.0 861.3 197.4 869.7 192.5 821.0 277.1 812.5 wheat 0
4.7 927.6 52.7 927.6 52.7 992.6 4.7 992.6 wheat 0
28.5 424.1 85.4 463.0 60.0 500.2 3.1 461.2 wheat 0
426.7 365.6 515.7 365.6 515.7 399.6 426.7 399.6 wheat 0
782.7 214.6 742.6 236.5 714.9 185.8 755.0 163.9 wheat 0
61.5 795.2 84.6 811.0 62.0 844.0 38.9 828.2 wheat 0
