490.7 703.6 331.1 719.6 327.6 684.8 487.2 668.8 wheat 0
382.7 581.6 449.0 609.6 434.2 644.5 368.0 616.5 wheat 0
689.6 626.2 764.2 666.9 748.9 695.0 674.3 654.3 wheat 0
668.0 600.8 713.0 657.6 682.7 681.6 637.7 624.8 wheat 0
623.1 572.3 708.2 618.8 693.4 646.0 608.2 599.5 wheat 0
607.7 509.6 682.8 586.9 651.8 617.0 576.7 539.7 wheat 0
567.7 422.6 751.5 479.5 739.7 517.6 555.9 460.8 wheat 0
703.9 334.8 837.7 376.2 825.6 415.4 691.8 374.0 wheat 0
914.8 460.2 961.3 532.6 932.7 551.0 886.2 478.6 wheat 0
818.6 273.7 917.5 375.6 888.9 403.5 789.9 301.6 wheat 0
805.4 321.8 860.7 345.2 852.1 365.4 796.8 342.1 wheat 0
845.7 266.6 898.7 266.6 898.7 293.6 845.7 293.6 wheat 0
704.7 181.4 778.4 212.6 764.8 244.8 691.1 213.7 wheat 0
611.5 40.5 727.6 89.5 713.9 121.8 597.9 72.7 wheat 0
1023.7 120.6 847.8 175.1 837.0 140.4 1013.0 86.0 wheat 0
941.7 143.6 979.7 143.6 979.7 201.6 941.7 201.6 wheat 0
858.6 18.4 905.7 50.5 893.8 67.9 846.8 35.7 wheat 0
821.5 72.2 755.7 127.6 733.1 100.8 798.9 45.3 wheat 0
407.7 32.6 629.3 77.5 618.8 129.3 397.2 84.4 wheat 0
389.5 117.6 479.0 166.5 468.0 186.7 378.5 137.8 wheat 0
200.9 50.7 322.1 116.9 303.0 151.7 181.8 85.5 wheat 0
83.9 128.6 157.7 221.6 125.4 247.3 51.6 154.2 wheat 0
165.7 87.6 45.7 138.4 29.7 100.6 149.8 49.9 wheat 0
134.2 1.9 187.5 46.8 170.7 66.6 117.5 21.8 wheat 0
291.7 6.6 358.7 6.6 358.7 37.6 291.7 37.6 wheat 0
296.2 211.2 362.8 224.7 355.3 262.0 288.6 248.5 wheat 0
514.7 252.6 587.7 252.6 587.7 299.6 514.7 299.6 wheat 0
582.8 322.4 674.2 416.5 646.1 443.7 554.7 349.6 wheat 0
721.0 452.0 685.9 471.2 662.4 428.2 697.5 409.0 wheat 0
945.1 593.6 981.4 604.8 960.4 672.6 924.1 661.4 wheat 0
671.1 717.3 825.5 748.6 817.1 789.9 662.7 758.6 wheat 0
796.5 929.6 886.0 978.5 875.0 998.7 785.5 949.8 wheat 0
441.7 806.8 615.7 860.6 603.7 899.4 429.7 845.6 wheat 0
563.7 893.6 609.7 893.6 609.7 917.6 563.7 917.6 wheat 0
575.9 936.0 669.7 975.6 652.5 1016.3 558.7 976.6 wheat 0
432.8 956.6 555.6 981.4 548.5 1016.5 425.7 991.6 wheat 0
307.6 935.1 422.4 969.4 412.1 1004.0 297.3 969.7 wheat 0
284.0 793.9 331.8 820.1 221.7 1021.6 173.8 995.5 wheat 0
72.0 792.6 245.5 866.0 226.2 911.6 52.7 838.3 wheat 0
176.2 750.8 217.7 763.6 193.5 841.9 151.9 829.1 wheat 0
192.7 633.9 238.7 681.2 210.7 708.4 164.8 661.0 wheat 0
205.7 499.4 295.1 537.2 278.7 575.8 189.4 538.1 wheat 0
357.7 437.6 406.7 437.6 406.7 516.6 357.7 516.6 wheat 0
327.4 358.7 449.6 396.5 440.9 424.4 318.7 386.6 wheat 0
521.8 453.7 483.7 474.5 462.0 434.7 500.1 413.8 wheat 0
561.7 369.2 493.0 390.4 484.7 363.6 553.4 342.4 wheat 0
883.5 980.6 1018.8 994.1 1015.9 1023.0 880.6 1009.4 wheat 0
139.1 304.0 309.0 326.2 303.7 366.6 133.8 344.4 wheat 0
321.9 278.9 255.9 324.1 235.6 294.3 301.6 249.2 wheat 0
164.8 295.8 130.5 314.5 103.7 265.4 137.9 246.7 wheat 0
118.7 314.9 208.2 363.8 194.8 388.4 105.3 339.5 wheat 0
243.9 365.1 360.5 401.2 351.4 430.7 234.7 394.6 wheat 0
150.7 376.6 239.7 376.6 239.7 406.6 150.7 406.6 wheat 0
213.1 392.4 309.8 433.3 297.4 462.8 200.6 421.9 wheat 0
307.0 479.3 217.8 497.3 211.5 466.0 300.7 447.9 wheat 0
190.8 600.9 49.4 644.7 38.7 610.3 180.1 566.6 wheat 0
13.5 709.1 101.7 726.9 94.0 765.2 5.8 747.3 wheat 0
172.4 697.4 132.8 724.5 109.1 689.8 148.7 662.7 wheat 0
120.0 751.8 158.7 768.1 145.5 799.5 106.8 783.1 wheat 0
136.7 732.6 160.7 732.6 160.7 764.6 136.7 764.6 wheat 0
107.3 974.1 10.8 1004.0 3.2 979.1 99.6 949.3 wheat 0
37.3 987.3 124.3 996.0 121.6 1023.3 34.6 1014.6 wheat 0
27.7 405.4 105.5 458.6 87.7 484.6 9.9 431.4 wheat 0
