255.1 470.5 326.1 470.5 326.1 680.5 255.1 680.5 wheat 0
494.9 521.8 553.1 570.8 448.1 695.5 389.9 646.5 wheat 0
714.1 367.5 596.3 391.4 583.1 326.5 700.9 302.6 wheat 0
781.5 283.5 823.8 312.5 795.1 354.5 752.7 325.5 wheat 0
736.6 615.0 799.0 641.4 735.1 792.5 672.7 766.2 wheat 0
962.1 813.5 907.3 851.0 847.8 764.1 902.6 726.6 wheat 0
907.8 550.9 988.9 595.2 951.1 664.5 870.0 620.2 wheat 0
285.1 295.5 205.0 303.5 185.0 104.4 265.1 96.4 wheat 0
256.4 24.5 437.3 61.2 423.1 131.5 242.1 94.8 wheat 0
144.8 331.7 220.1 363.5 191.1 432.0 115.8 400.2 wheat 0
30.6 172.5 94.1 252.5 63.5 276.8 -0.0 196.7 wheat 0
268.1 844.5 188.3 899.1 159.8 857.4 239.6 802.9 wheat 0
403.9 711.2 480.0 763.3 343.1 963.5 266.9 911.4 wheat 0
754.5 749.8 799.1 780.3 710.1 910.5 665.5 880.0 wheat 0
783.5 906.5 906.1 973.5 879.0 1023.1 756.4 956.1 wheat 0
