656.3 504.1 610.5 508.7 603.2 436.1 649.0 431.5 wheat 0
783.6 352.0 712.9 359.1 708.9 319.3 779.6 312.2 wheat 0
832.4 409.0 769.0 474.3 736.0 442.2 799.4 377.0 wheat 0
948.3 363.4 840.6 408.9 826.1 374.9 933.9 329.3 wheat 0
873.2 270.5 995.0 282.8 990.7 325.6 868.9 313.4 wheat 0
976.7 448.6 836.9 462.7 833.0 424.6 972.9 410.5 wheat 0
860.7 563.2 938.7 616.6 908.8 660.4 830.7 607.0 wheat 0
866.6 828.7 921.7 885.4 895.8 910.5 840.8 853.8 wheat 0
914.1 887.2 1013.6 989.6 982.7 1019.6 883.2 917.2 wheat 0
786.8 847.9 839.1 901.7 809.7 930.3 757.4 876.5 wheat 0
790.7 938.4 859.7 985.6 836.2 1020.0 767.1 972.8 wheat 0
793.5 153.1 719.0 176.2 706.0 134.1 780.5 111.1 wheat 0
996.9 56.0 838.1 88.2 828.6 41.2 987.4 9.0 wheat 0
1022.7 152.6 876.6 214.4 859.6 174.4 1005.8 112.6 wheat 0
843.2 30.3 786.7 88.5 757.3 59.9 813.7 1.8 wheat 0
916.7 534.6 1014.7 534.6 1014.7 563.6 916.7 563.6 wheat 0
887.8 561.3 952.8 581.4 943.6 611.0 878.7 590.9 wheat 0
864.4 95.4 929.1 108.5 923.1 137.9 858.4 124.8 wheat 0
