540.7 483.6 611.1 522.1 588.8 563.0 518.4 524.6 wheat 0
637.2 386.3 680.2 409.8 645.2 473.9 602.2 450.4 wheat 0
789.6 421.5 715.7 497.6 662.0 445.4 735.9 369.4 wheat 0
589.5 539.2 641.5 555.3 624.7 609.6 572.7 593.5 wheat 0
640.1 648.0 687.3 673.8 667.7 709.6 620.5 683.8 wheat 0
774.7 685.6 700.5 708.6 686.6 663.7 760.8 640.7 wheat 0
547.8 283.5 498.2 298.8 465.6 193.8 515.3 178.4 wheat 0
516.7 94.6 583.7 94.6 583.7 281.6 516.7 281.6 wheat 0
539.7 251.6 601.7 251.6 601.7 327.6 539.7 327.6 wheat 0
702.1 115.0 771.1 129.0 738.7 288.6 669.8 274.6 wheat 0
807.6 407.5 768.8 411.4 760.9 332.8 799.7 328.9 wheat 0
826.7 265.0 859.9 271.7 843.9 350.3 810.7 343.6 wheat 0
328.3 352.0 420.7 380.6 401.7 442.0 309.3 413.4 wheat 0
210.7 803.6 170.7 837.4 102.3 756.2 142.4 722.5 wheat 0
233.2 838.9 198.4 882.8 166.3 857.3 201.1 813.4 wheat 0
82.2 927.5 226.4 956.8 218.7 994.6 74.5 965.4 wheat 0
64.0 936.8 11.3 942.1 6.4 893.4 59.2 888.1 wheat 0
19.0 948.6 65.8 963.1 49.5 1015.6 2.7 1001.1 wheat 0
35.9 595.6 70.9 610.4 47.6 665.6 12.6 650.8 wheat 0
7.4 659.4 34.3 662.1 29.1 713.8 2.2 711.1 wheat 0
97.5 556.9 62.7 592.6 33.0 563.8 67.8 528.0 wheat 0
15.0 535.4 60.1 544.6 52.5 581.8 7.4 572.7 wheat 0
964.0 731.2 923.0 811.7 870.8 785.1 911.7 704.6 wheat 0
835.5 761.2 886.3 766.2 883.0 799.1 832.2 794.0 wheat 0
847.7 801.6 879.7 801.6 879.7 842.6 847.7 842.6 wheat 0
970.6 786.7 1018.7 819.6 997.9 850.1 949.8 817.2 wheat 0
981.0 700.4 1003.9 707.5 986.5 763.8 963.6 756.8 wheat 0
890.7 520.6 866.6 533.8 845.0 494.2 869.1 481.0 wheat 0
890.5 484.5 922.0 494.3 912.0 526.7 880.4 517.0 wheat 0
937.7 437.4 975.9 445.1 962.8 509.8 924.6 502.1 wheat 0
1013.7 534.6 969.2 539.1 961.5 461.8 1006.0 457.4 wheat 0
921.7 554.6 957.7 554.6 957.7 584.6 921.7 584.6 wheat 0
969.4 532.4 950.0 540.6 939.1 514.8 958.5 506.6 wheat 0
862.5 261.9 891.4 274.2 855.7 358.6 826.8 346.4 wheat 0
816.7 140.6 838.7 140.6 838.7 183.6 816.7 183.6 wheat 0
784.7 41.6 812.7 41.6 812.7 103.6 784.7 103.6 wheat 0
607.8 47.7 649.1 60.5 626.7 132.6 585.4 119.8 wheat 0
633.7 4.8 690.4 22.3 654.7 137.6 598.0 120.1 wheat 0
934.1 152.4 893.3 156.5 888.3 106.8 929.1 102.7 wheat 0
928.7 249.8 961.1 256.4 951.7 302.4 919.4 295.9 wheat 0
905.9 288.1 940.4 295.1 930.7 342.6 896.3 335.6 wheat 0
986.2 271.6 1017.5 298.0 956.3 370.7 925.0 344.2 wheat 0
961.7 874.6 1012.7 874.6 1012.7 925.6 961.7 925.6 wheat 0
983.7 938.6 1023.8 951.0 1007.8 1002.6 967.7 990.2 wheat 0
818.7 1007.6 738.7 1023.8 730.5 983.8 810.6 967.5 wheat 0
227.7 87.6 194.4 110.4 152.5 49.2 185.8 26.4 wheat 0
312.2 13.5 336.1 15.9 331.3 63.7 307.4 61.3 wheat 0
123.7 173.6 84.6 185.7 46.7 63.1 85.8 51.0 wheat 0
59.0 142.6 120.1 184.4 88.5 230.6 27.4 188.8 wheat 0
47.6 227.6 10.8 231.3 2.8 151.7 39.7 148.0 wheat 0
27.6 232.3 82.0 278.1 56.8 307.9 2.5 262.2 wheat 0
7.7 283.6 44.7 283.6 44.7 331.6 7.7 331.6 wheat 0
