227.7 341.3 177.7 368.6 137.9 295.8 187.9 268.5 wheat 0
201.1 199.7 260.7 205.7 253.3 279.0 193.8 273.1 wheat 0
361.3 209.0 405.3 209.0 405.3 275.0 361.3 275.0 wheat 0
401.3 249.1 444.1 253.4 436.4 330.0 393.6 325.7 wheat 0
531.0 297.8 469.3 303.9 461.7 228.3 523.4 222.1 wheat 0
541.3 141.0 610.3 141.0 610.3 225.0 541.3 225.0 wheat 0
629.0 114.9 681.9 125.6 657.7 245.2 604.7 234.5 wheat 0
550.1 89.1 474.5 96.6 466.6 18.0 542.2 10.4 wheat 0
348.9 134.3 426.5 142.1 421.7 189.8 344.1 182.0 wheat 0
792.6 240.3 909.0 252.0 903.1 310.7 786.7 299.1 wheat 0
689.0 403.0 747.6 443.1 708.6 500.1 650.0 460.0 wheat 0
686.1 557.4 763.5 581.4 745.5 639.6 668.1 615.7 wheat 0
283.3 451.0 386.3 451.0 386.3 526.0 283.3 526.0 wheat 0
333.3 610.0 398.3 610.0 398.3 685.0 333.3 685.0 wheat 0
495.3 687.0 577.3 687.0 577.3 741.0 495.3 741.0 wheat 0
855.4 729.4 888.1 793.5 805.2 835.7 772.5 771.6 wheat 0
977.6 813.8 837.3 827.9 830.0 755.3 970.3 741.2 wheat 0
886.5 595.5 965.9 611.6 955.1 664.6 875.8 648.5 wheat 0
980.7 457.0 1001.1 516.6 914.9 546.1 894.6 486.4 wheat 0
807.3 493.0 881.3 493.0 881.3 550.0 807.3 550.0 wheat 0
359.3 730.0 425.3 730.0 425.3 829.0 359.3 829.0 wheat 0
357.3 850.0 414.3 850.0 414.3 909.0 357.3 909.0 wheat 0
391.3 924.0 446.3 924.0 446.3 980.0 391.3 980.0 wheat 0
538.9 905.7 598.7 917.8 584.8 986.4 525.0 974.3 wheat 0
205.8 856.5 107.8 876.3 94.9 812.6 192.9 792.8 wheat 0
3.3 744.0 68.3 744.0 68.3 796.0 3.3 796.0 wheat 0
162.0 890.2 204.9 926.3 154.6 985.9 111.8 949.8 wheat 0
8.3 967.0 69.3 967.0 69.3 1019.0 8.3 1019.0 wheat 0
993.9 210.9 1029.4 255.5 937.7 328.2 902.3 283.6 wheat 0
367.4 -3.1 411.1 26.9 360.3 101.1 316.5 71.2 wheat 0
271.3 91.0 320.3 91.0 320.3 147.0 271.3 147.0 wheat 0
