69.1 97.1 139.1 97.1 139.1 211.1 69.1 211.1 wheat 0
643.4 563.5 522.3 629.7 494.9 579.6 616.0 513.5 wheat 0
291.0 653.3 224.1 673.9 191.3 567.9 258.2 547.2 wheat 0
221.1 700.4 172.4 733.7 114.2 648.7 162.9 615.4 wheat 0
480.1 698.1 371.7 743.9 346.1 683.4 454.6 637.6 wheat 0
330.1 857.1 426.1 857.1 426.1 941.1 330.1 941.1 wheat 0
654.7 698.1 572.1 754.6 541.6 710.0 624.2 653.6 wheat 0
997.3 497.2 931.7 533.1 812.5 314.9 878.1 279.1 wheat 0
701.1 691.1 773.1 691.1 773.1 760.1 701.1 760.1 wheat 0
306.1 142.1 367.1 142.1 367.1 227.1 306.1 227.1 wheat 0
185.5 383.5 340.1 468.0 300.1 541.1 145.5 456.6 wheat 0
393.8 711.2 458.8 731.3 416.5 867.9 351.5 847.8 wheat 0
254.1 782.1 326.1 782.1 326.1 847.1 254.1 847.1 wheat 0
170.1 347.1 251.1 347.1 251.1 390.1 170.1 390.1 wheat 0
