244.6 378.5 173.3 400.6 142.9 302.0 214.1 279.9 wheat 0
183.6 704.5 119.0 717.6 102.4 635.8 167.0 622.7 wheat 0
177.6 890.5 103.3 921.9 59.6 818.5 133.9 787.1 wheat 0
487.7 443.7 541.6 466.5 514.6 530.4 460.7 507.6 wheat 0
593.1 439.1 682.1 439.1 682.1 518.1 593.1 518.1 wheat 0
808.1 606.1 875.1 606.1 875.1 703.1 808.1 703.1 wheat 0
481.6 141.1 544.6 175.5 488.3 278.7 425.2 244.2 wheat 0
174.1 81.1 243.1 81.1 243.1 180.1 174.1 180.1 wheat 0
293.6 244.5 215.1 268.8 194.2 201.4 272.8 177.1 wheat 0
746.4 114.3 807.6 120.4 797.4 222.3 736.2 216.2 wheat 0
775.6 242.8 820.1 273.3 768.7 348.4 724.2 317.9 wheat 0
838.1 345.1 909.6 345.1 909.6 429.5 838.1 429.5 wheat 0
323.1 793.1 379.1 793.1 379.1 852.1 323.1 852.1 wheat 0
0.0 215.1 126.6 215.1 126.6 329.5 0.0 329.5 wheat 0
10.1 659.1 71.1 659.1 71.1 744.1 10.1 744.1 wheat 0
903.6 974.5 743.7 1024.0 728.9 976.1 888.8 926.6 wheat 0
807.1 494.1 862.1 524.1 821.4 598.5 766.5 568.5 wheat 0
110.1 407.1 173.6 407.1 173.6 493.5 110.1 493.5 wheat 0
350.3 654.1 400.6 696.5 359.4 745.4 309.1 703.0 wheat 0
581.1 25.1 644.1 25.1 644.1 107.1 581.1 107.1 wheat 0
329.1 22.1 399.6 22.1 399.6 96.5 329.1 96.5 wheat 0
738.1 15.1 836.1 15.1 836.1 102.1 738.1 102.1 wheat 0
860.1 78.1 921.1 78.1 921.1 154.1 860.1 154.1 wheat 0
967.6 699.6 869.6 719.5 858.7 665.6 956.7 645.7 wheat 0
316.0 939.6 384.6 946.5 377.1 1021.3 308.5 1014.4 wheat 0
460.3 545.7 536.1 561.0 524.6 617.5 448.9 602.2 wheat 0
255.9 516.5 314.2 528.3 303.6 580.5 245.4 568.7 wheat 0
528.6 959.5 591.4 959.5 591.4 1024.0 528.6 1024.0 wheat 0
942.6 757.8 985.6 787.2 941.6 851.5 898.6 822.1 wheat 0
598.1 782.3 632.2 817.4 575.1 872.9 541.0 837.8 wheat 0
