477.6 371.5 455.6 383.5 433.2 342.4 455.1 330.4 wheat 0
522.6 277.5 494.6 286.2 482.8 248.1 510.8 239.5 wheat 0
348.6 24.6 432.6 82.1 414.6 108.5 330.5 51.0 wheat 0
376.1 184.9 439.4 211.6 430.6 232.5 367.3 205.8 wheat 0
435.0 371.5 458.2 391.1 416.6 440.5 393.3 420.9 wheat 0
545.6 392.5 509.9 429.2 495.6 415.3 531.2 378.6 wheat 0
581.0 375.1 627.6 400.5 616.2 421.2 569.7 395.8 wheat 0
905.6 528.5 941.6 528.5 941.6 564.5 905.6 564.5 wheat 0
992.6 526.5 1012.1 539.9 985.4 579.0 965.8 565.6 wheat 0
934.6 347.0 953.6 366.5 923.0 396.2 904.1 376.7 wheat 0
976.5 115.3 1005.4 127.5 982.5 181.7 953.6 169.5 wheat 0
944.9 19.5 969.3 32.8 941.6 83.5 917.2 70.2 wheat 0
994.9 240.3 1013.2 259.2 974.9 296.4 956.6 277.5 wheat 0
881.0 300.8 904.6 310.8 889.6 346.5 865.9 336.5 wheat 0
1007.3 809.7 975.6 819.5 951.5 741.7 983.2 731.9 wheat 0
916.9 884.6 891.1 889.9 881.8 843.7 907.6 838.5 wheat 0
530.4 882.9 499.7 889.1 489.9 840.7 520.6 834.5 wheat 0
578.4 993.0 556.7 1007.9 520.8 955.4 542.6 940.5 wheat 0
437.4 685.7 402.6 696.5 394.3 669.8 429.1 659.0 wheat 0
71.2 750.8 92.6 762.5 68.9 805.8 47.5 794.1 wheat 0
528.9 601.1 557.6 606.9 549.6 646.5 520.9 640.7 wheat 0
