517.4 80.8 626.7 155.6 581.7 221.5 472.3 146.6 wheat 0
955.9 413.8 1009.7 450.6 957.6 526.8 903.8 490.0 wheat 0
545.3 329.0 600.9 352.5 543.7 487.6 488.2 464.1 wheat 0
555.0 440.2 595.0 457.1 570.7 514.6 530.7 497.7 wheat 0
595.4 553.8 548.9 579.2 509.1 506.4 555.6 481.0 wheat 0
450.5 585.5 410.8 626.4 369.9 586.7 409.6 545.8 wheat 0
502.1 625.4 458.5 662.1 426.3 623.9 469.9 587.1 wheat 0
508.7 632.9 559.3 660.6 534.7 705.6 484.1 678.0 wheat 0
564.7 654.9 628.3 681.7 601.8 744.4 538.2 717.5 wheat 0
605.9 670.9 667.7 704.6 608.8 812.5 547.0 778.7 wheat 0
556.8 814.0 612.5 819.6 606.7 877.3 551.0 871.7 wheat 0
188.7 743.6 129.8 761.8 93.0 643.0 152.0 624.7 wheat 0
218.0 839.7 179.7 860.6 159.5 823.6 197.7 802.7 wheat 0
77.7 746.6 158.4 754.7 148.7 850.6 68.0 842.5 wheat 0
176.9 599.4 111.0 635.3 85.6 588.8 151.4 552.9 wheat 0
291.8 575.2 251.7 587.6 235.7 536.0 275.8 523.6 wheat 0
388.5 354.3 316.0 428.9 283.0 396.9 355.5 322.3 wheat 0
65.6 189.8 125.3 251.3 83.7 291.6 24.1 230.2 wheat 0
142.4 163.2 192.2 168.2 187.1 219.0 137.3 214.0 wheat 0
246.1 93.9 319.2 144.0 290.7 185.6 217.6 135.6 wheat 0
443.7 4.6 505.7 4.6 505.7 69.6 443.7 69.6 wheat 0
602.7 67.6 560.2 121.2 528.3 95.8 570.8 42.3 wheat 0
481.7 963.6 538.7 963.6 538.7 1020.6 481.7 1020.6 wheat 0
31.4 659.0 87.8 676.4 73.0 724.2 16.7 706.8 wheat 0
93.0 664.9 60.1 668.1 55.5 622.4 88.4 619.1 wheat 0
33.5 538.8 74.1 573.0 40.7 612.6 0.1 578.4 wheat 0
93.0 148.2 115.7 183.6 64.7 216.4 41.9 180.9 wheat 0
393.7 980.6 436.7 980.6 436.7 1017.6 393.7 1017.6 wheat 0
619.4 908.1 654.4 922.9 636.1 966.2 601.1 951.4 wheat 0
485.8 540.6 544.8 572.8 518.7 620.6 459.7 588.4 wheat 0
