307.2 201.6 405.5 302.7 362.4 344.5 264.2 243.4 wheat 0
436.7 157.4 490.2 173.9 455.9 284.7 402.4 268.2 wheat 0
479.3 140.0 570.3 140.0 570.3 193.0 479.3 193.0 wheat 0
521.3 239.0 593.3 239.0 593.3 302.0 521.3 302.0 wheat 0
637.1 469.3 567.4 476.3 557.6 377.8 627.2 370.8 wheat 0
624.3 350.0 681.3 350.0 681.3 439.0 624.3 439.0 wheat 0
713.2 439.8 830.8 463.6 817.5 529.3 699.9 505.5 wheat 0
647.4 570.1 554.3 589.0 544.2 539.0 637.3 520.1 wheat 0
286.3 333.0 390.3 333.0 390.3 429.0 286.3 429.0 wheat 0
182.3 445.0 283.3 445.0 283.3 513.0 182.3 513.0 wheat 0
173.3 514.7 261.8 523.6 256.4 578.3 167.8 569.5 wheat 0
131.9 39.6 203.0 78.5 163.7 150.4 92.6 111.6 wheat 0
152.7 715.6 203.9 750.6 125.9 864.5 74.8 829.5 wheat 0
193.0 748.2 271.2 814.0 152.3 955.0 74.2 889.3 wheat 0
437.5 733.8 370.9 747.3 361.1 699.3 427.8 685.8 wheat 0
278.6 592.6 328.3 634.4 271.0 702.5 221.3 660.6 wheat 0
419.2 785.3 484.0 820.7 430.3 919.0 365.5 883.6 wheat 0
672.7 782.5 626.0 821.8 561.0 744.6 607.6 705.3 wheat 0
585.9 902.8 500.6 920.0 487.7 856.3 573.0 839.0 wheat 0
760.8 829.7 866.3 918.6 821.9 971.4 716.3 882.5 wheat 0
655.9 946.9 761.7 968.3 750.8 1022.2 644.9 1000.8 wheat 0
944.3 307.0 1014.3 307.0 1014.3 495.0 944.3 495.0 wheat 0
932.3 3.0 978.3 3.0 978.3 139.0 932.3 139.0 wheat 0
753.3 18.0 829.3 18.0 829.3 65.0 753.3 65.0 wheat 0
851.6 508.9 883.3 548.8 826.1 594.2 794.4 554.3 wheat 0
