315.8 66.2 544.5 222.6 502.7 283.6 274.1 127.2 wheat 0
331.1 149.4 284.0 158.9 254.4 12.9 301.5 3.3 wheat 0
227.9 30.4 125.5 135.8 94.6 105.9 197.0 0.4 wheat 0
59.4 105.0 96.2 108.7 87.1 200.2 50.2 196.5 wheat 0
212.7 293.6 256.7 293.6 256.7 412.6 212.7 412.6 wheat 0
328.8 216.7 367.0 224.5 347.7 319.5 309.5 311.8 wheat 0
459.0 259.6 395.6 324.9 365.5 295.6 428.9 230.3 wheat 0
540.3 363.5 513.5 386.1 454.2 315.7 481.0 293.2 wheat 0
424.1 310.3 468.6 340.8 449.4 368.9 404.9 338.4 wheat 0
453.0 348.2 483.6 357.6 466.5 413.0 435.9 403.6 wheat 0
533.4 152.3 573.0 169.0 553.1 216.0 513.5 199.2 wheat 0
576.4 5.1 602.0 22.6 542.1 110.1 516.5 92.6 wheat 0
670.0 162.3 635.7 169.2 618.4 84.0 652.7 77.0 wheat 0
662.7 173.6 696.7 173.6 696.7 201.6 662.7 201.6 wheat 0
594.7 183.2 673.7 226.4 648.8 272.0 569.8 228.9 wheat 0
856.7 191.6 698.9 277.9 670.0 225.0 827.8 138.7 wheat 0
862.2 111.7 889.6 117.2 873.3 197.6 845.9 192.0 wheat 0
889.1 162.5 949.0 187.9 933.4 224.7 873.5 199.4 wheat 0
1023.7 209.6 916.0 300.3 885.1 263.6 992.8 172.9 wheat 0
542.7 406.0 602.7 456.6 572.1 492.9 512.1 442.4 wheat 0
594.7 527.6 744.7 527.6 744.7 575.6 594.7 575.6 wheat 0
814.9 603.7 860.8 617.9 836.7 695.6 790.8 681.4 wheat 0
783.0 710.2 738.2 714.7 731.5 647.0 776.2 642.5 wheat 0
1023.7 722.6 921.1 754.4 909.1 715.4 1011.7 683.6 wheat 0
939.7 795.6 867.5 818.0 857.5 785.7 929.8 763.4 wheat 0
912.3 831.1 848.7 858.0 838.2 833.1 901.8 806.2 wheat 0
843.7 847.6 1023.0 847.6 1023.0 892.2 843.7 892.2 wheat 0
650.8 856.6 612.7 888.6 496.9 751.1 535.0 719.1 wheat 0
584.3 765.1 546.1 772.9 534.2 714.1 572.4 706.3 wheat 0
706.4 862.4 668.6 883.0 622.1 797.9 659.9 777.2 wheat 0
428.8 688.6 472.4 725.3 437.6 766.6 394.0 729.9 wheat 0
476.4 783.0 550.0 790.4 547.1 819.2 473.5 811.8 wheat 0
443.7 858.6 393.5 874.1 361.7 771.1 411.9 755.6 wheat 0
382.8 762.8 342.4 804.4 318.7 781.4 359.1 739.8 wheat 0
297.4 759.7 333.0 796.4 296.7 831.6 261.1 795.0 wheat 0
286.2 735.2 211.7 758.2 199.3 718.1 273.8 695.0 wheat 0
186.5 803.9 132.7 840.6 105.4 800.6 159.1 763.9 wheat 0
267.2 827.6 207.7 877.6 185.2 850.9 244.7 800.9 wheat 0
213.7 852.3 267.0 868.7 240.7 953.6 187.5 937.1 wheat 0
132.8 865.8 185.1 894.3 134.7 986.6 82.4 958.0 wheat 0
132.5 314.7 59.0 329.6 50.0 285.5 123.5 270.6 wheat 0
124.4 255.3 158.4 262.2 143.7 334.6 109.7 327.7 wheat 0
165.2 283.3 198.4 297.3 172.3 359.0 139.1 345.0 wheat 0
3.7 480.6 55.7 480.6 55.7 526.6 3.7 526.6 wheat 0
353.1 889.7 378.9 916.2 339.4 954.5 313.6 928.0 wheat 0
823.3 696.2 835.7 715.6 782.0 750.1 769.6 730.7 wheat 0
255.5 348.1 184.9 362.4 178.0 328.1 248.5 313.8 wheat 0
