672.6 395.9 752.1 429.5 731.3 478.7 651.8 445.1 wheat 0
739.9 238.1 807.1 266.5 787.3 313.3 720.1 284.9 wheat 0
853.1 213.5 801.9 223.9 790.0 165.4 841.2 155.1 wheat 0
937.1 145.5 897.7 186.1 827.9 118.3 867.3 77.7 wheat 0
802.8 114.7 845.4 119.0 840.1 172.5 797.4 168.2 wheat 0
412.8 53.1 511.1 83.5 498.0 125.7 399.8 95.3 wheat 0
360.3 104.4 434.2 119.4 422.1 179.5 348.1 164.5 wheat 0
496.1 238.4 542.9 286.6 510.1 318.5 463.2 270.3 wheat 0
537.6 236.9 593.1 242.5 588.5 288.1 533.1 282.5 wheat 0
604.2 356.5 662.1 429.5 632.6 452.9 574.7 379.9 wheat 0
740.1 522.5 689.7 538.1 674.0 487.2 724.3 471.6 wheat 0
753.2 487.1 790.6 498.6 776.1 545.5 738.7 534.0 wheat 0
959.1 565.5 909.2 580.9 893.4 529.9 943.3 514.5 wheat 0
861.3 517.2 902.9 521.3 898.1 569.5 856.5 565.3 wheat 0
913.7 658.0 948.7 687.5 920.1 721.5 885.1 692.0 wheat 0
883.3 734.4 943.0 740.4 938.1 789.5 878.4 783.5 wheat 0
716.1 780.5 654.8 786.7 649.8 737.2 711.1 731.1 wheat 0
657.4 911.6 701.1 911.6 701.1 976.5 657.4 976.5 wheat 0
507.1 957.5 451.0 963.1 445.0 904.1 501.1 898.5 wheat 0
451.1 848.5 404.9 853.1 397.5 780.2 443.7 775.6 wheat 0
447.1 738.5 375.5 753.0 368.4 718.3 440.0 703.8 wheat 0
214.1 645.7 263.4 661.0 227.1 778.5 177.7 763.2 wheat 0
246.4 729.5 300.1 729.5 300.1 815.5 246.4 815.5 wheat 0
379.1 789.5 341.5 821.1 309.5 783.1 347.0 751.5 wheat 0
314.1 726.5 260.6 737.3 248.0 674.9 301.4 664.1 wheat 0
375.2 530.6 416.6 565.4 360.1 632.5 318.7 597.6 wheat 0
299.1 528.7 355.3 534.3 350.1 586.5 293.8 580.9 wheat 0
355.1 481.5 278.6 497.0 268.4 446.6 344.8 431.1 wheat 0
257.1 288.5 195.4 307.6 178.0 251.4 239.7 232.4 wheat 0
179.9 138.9 257.1 171.5 233.3 227.6 156.2 195.0 wheat 0
86.8 102.5 170.6 111.0 165.1 166.5 81.2 158.1 wheat 0
59.8 359.6 138.2 367.5 133.1 418.5 54.6 410.6 wheat 0
154.1 641.5 46.4 700.3 21.9 655.5 129.6 596.7 wheat 0
148.6 936.9 52.9 977.4 29.5 922.1 125.3 881.6 wheat 0
500.1 504.5 440.6 537.0 414.9 490.0 474.4 457.5 wheat 0
528.7 394.9 586.9 413.0 570.1 467.5 511.8 449.5 wheat 0
653.1 492.5 602.5 508.1 583.9 448.0 634.5 432.4 wheat 0
604.3 486.8 651.3 512.5 631.1 549.5 584.1 523.8 wheat 0
628.2 199.6 665.3 211.1 653.1 250.5 616.0 239.0 wheat 0
720.1 272.5 673.1 287.0 654.7 227.6 701.7 213.0 wheat 0
