339.3 318.0 410.3 318.0 410.3 449.0 339.3 449.0 wheat 0
575.8 654.5 505.1 676.4 470.8 565.6 541.5 543.7 wheat 0
795.1 124.4 709.5 160.6 684.5 101.7 770.2 65.5 wheat 0
668.6 91.4 591.2 107.1 575.1 27.7 652.5 12.0 wheat 0
304.3 79.0 159.6 158.1 126.6 97.8 271.3 18.7 wheat 0
96.3 160.0 178.3 160.0 178.3 260.0 96.3 260.0 wheat 0
86.5 162.9 92.3 244.8 10.3 250.7 4.5 168.7 wheat 0
121.5 728.1 226.6 760.6 209.1 817.0 104.1 784.5 wheat 0
149.4 828.3 100.4 869.5 39.2 796.8 88.2 755.6 wheat 0
621.0 822.3 675.4 839.2 652.7 912.7 598.2 895.9 wheat 0
854.3 835.0 965.3 835.0 965.3 899.0 854.3 899.0 wheat 0
545.3 912.8 584.4 962.1 512.4 1019.3 473.2 970.0 wheat 0
