665.9 635.6 760.9 645.1 754.7 706.6 659.7 697.1 wheat 0
788.4 676.6 879.6 695.0 871.7 733.6 780.5 715.1 wheat 0
958.7 959.6 908.7 969.8 875.2 804.6 925.3 794.4 wheat 0
447.4 1012.4 364.8 1020.7 361.0 982.9 443.6 974.6 wheat 0
398.7 854.6 348.9 870.0 315.5 761.9 365.3 746.5 wheat 0
538.7 715.6 492.0 747.6 454.0 692.0 500.7 660.1 wheat 0
568.7 630.6 479.0 639.6 472.6 576.2 562.4 567.2 wheat 0
483.2 509.4 524.7 527.0 489.2 610.8 447.8 593.3 wheat 0
433.8 592.2 481.7 601.9 466.7 675.6 418.9 665.9 wheat 0
314.2 629.6 412.9 649.6 402.7 699.6 304.0 679.6 wheat 0
239.6 593.6 292.4 622.5 261.7 678.6 208.9 649.8 wheat 0
126.7 675.6 32.3 704.8 18.1 659.2 112.6 630.0 wheat 0
504.7 460.6 356.1 541.8 326.3 487.2 474.9 406.0 wheat 0
508.8 307.4 588.1 361.6 562.6 398.8 483.4 344.6 wheat 0
815.3 274.8 871.8 305.7 811.7 415.6 755.3 384.8 wheat 0
594.0 451.0 544.3 456.0 541.5 428.2 591.2 423.2 wheat 0
829.5 400.6 860.2 432.1 799.9 490.7 769.3 459.1 wheat 0
729.6 479.7 772.8 488.4 763.8 532.5 720.7 523.8 wheat 0
864.7 571.6 907.7 571.6 907.7 614.6 864.7 614.6 wheat 0
924.7 554.6 1023.7 554.6 1023.7 606.6 924.7 606.6 wheat 0
986.7 309.3 1020.6 351.9 961.7 398.6 927.9 356.0 wheat 0
629.9 2.8 692.7 22.2 631.5 220.0 568.7 200.6 wheat 0
293.0 32.8 467.8 86.9 448.7 148.6 273.9 94.5 wheat 0
483.7 189.6 346.6 232.0 332.0 184.8 469.1 142.4 wheat 0
415.7 382.6 186.5 453.5 172.0 406.6 401.2 335.7 wheat 0
101.8 440.3 158.3 479.0 101.7 561.6 45.3 523.0 wheat 0
162.7 442.6 25.9 500.5 2.2 444.3 139.0 386.5 wheat 0
484.0 469.4 548.3 513.5 523.5 549.8 459.1 505.8 wheat 0
287.8 439.4 311.7 459.6 254.9 527.1 230.9 507.0 wheat 0
86.6 87.7 51.6 102.5 36.8 67.5 71.8 52.7 wheat 0
