616.1 469.3 857.9 518.3 850.7 553.6 608.9 504.6 wheat 0
609.9 524.6 561.1 529.4 536.6 284.7 585.3 279.8 wheat 0
493.1 158.2 541.3 163.0 515.7 417.6 467.5 412.8 wheat 0
609.1 142.3 911.3 203.5 901.7 250.6 599.5 189.4 wheat 0
774.0 216.7 945.2 393.0 917.7 419.6 746.6 243.4 wheat 0
1019.2 380.0 984.7 403.6 877.3 246.5 911.7 223.0 wheat 0
932.0 403.6 1023.0 403.6 1023.0 448.6 932.0 448.6 wheat 0
598.6 639.1 841.4 663.5 836.7 709.6 593.9 685.3 wheat 0
687.2 557.9 474.7 776.6 436.4 739.4 648.9 520.7 wheat 0
494.2 715.4 643.6 715.4 643.6 745.2 494.2 745.2 wheat 0
824.9 902.2 794.7 927.6 627.3 728.8 657.5 703.4 wheat 0
928.3 846.7 1014.5 883.2 1003.9 908.1 917.7 871.6 wheat 0
1020.3 800.8 868.7 883.6 847.8 845.2 999.3 762.4 wheat 0
514.8 911.9 367.9 1012.4 347.9 983.1 494.7 882.6 wheat 0
243.7 726.7 469.1 880.8 448.7 910.5 223.4 756.4 wheat 0
325.7 816.6 369.7 816.6 369.7 1017.6 325.7 1017.6 wheat 0
296.2 714.7 396.4 799.1 378.3 820.5 278.1 736.1 wheat 0
127.7 596.5 242.8 675.2 226.7 698.6 111.7 619.9 wheat 0
537.7 648.6 130.0 774.7 114.0 723.0 521.7 596.8 wheat 0
479.7 569.3 355.7 607.6 342.2 564.0 466.2 525.7 wheat 0
130.3 517.9 344.5 561.3 336.7 599.6 122.5 556.2 wheat 0
75.7 458.6 130.7 458.6 130.7 753.6 75.7 753.6 wheat 0
207.2 598.4 106.5 725.3 78.3 702.9 179.0 576.0 wheat 0
344.7 630.6 243.9 673.3 232.0 645.2 332.9 602.6 wheat 0
102.7 493.6 66.1 509.1 9.1 374.3 45.8 358.9 wheat 0
84.7 378.6 46.9 394.6 2.8 290.3 40.7 274.3 wheat 0
50.7 156.6 84.7 156.6 84.7 360.6 50.7 360.6 wheat 0
236.5 60.1 294.5 91.7 137.7 378.6 79.8 347.0 wheat 0
77.1 37.6 114.0 53.2 86.3 118.6 49.5 103.0 wheat 0
48.0 119.4 72.6 132.8 29.4 211.8 4.9 198.4 wheat 0
334.0 411.4 300.7 429.6 188.4 224.1 221.8 205.9 wheat 0
273.8 138.6 458.1 264.7 439.7 291.6 255.3 165.5 wheat 0
749.2 103.7 706.2 127.2 647.3 19.3 690.3 -4.2 wheat 0
789.7 7.6 825.7 7.6 825.7 88.6 789.7 88.6 wheat 0
849.2 3.8 896.4 29.6 810.2 187.4 763.0 161.6 wheat 0
869.4 90.1 1019.8 136.7 1007.7 175.6 857.3 129.1 wheat 0
569.7 77.6 544.0 99.3 492.2 37.7 517.9 16.0 wheat 0
460.7 1.6 514.7 1.6 514.7 64.6 460.7 64.6 wheat 0
782.4 934.9 817.7 945.9 794.1 1022.3 758.7 1011.4 wheat 0
213.7 1.6 341.7 1.6 341.7 27.6 213.7 27.6 wheat 0
386.7 946.4 476.1 984.2 459.7 1022.8 370.4 985.1 wheat 0
20.0 485.0 88.4 531.8 68.7 560.6 0.3 513.8 wheat 0
717.6 6.9 807.8 25.2 799.8 64.4 709.7 46.1 wheat 0
