467.8 633.3 548.6 658.3 510.7 780.6 430.0 755.6 wheat 0
297.5 627.4 370.0 642.1 340.7 786.6 268.2 771.9 wheat 0
170.9 591.9 247.4 624.2 183.5 775.3 107.1 743.0 wheat 0
71.7 509.6 119.7 509.6 119.7 572.6 71.7 572.6 wheat 0
378.1 417.4 445.7 431.1 432.4 496.8 364.8 483.1 wheat 0
470.9 466.5 532.0 485.4 514.6 541.8 453.4 522.8 wheat 0
355.6 488.1 391.1 524.7 358.9 556.1 323.3 519.5 wheat 0
648.7 626.6 575.5 649.3 535.2 519.1 608.5 496.5 wheat 0
321.3 357.9 256.8 385.2 236.2 336.3 300.7 309.1 wheat 0
671.7 416.6 603.4 437.8 575.0 346.0 643.4 324.9 wheat 0
654.7 700.6 729.7 700.6 729.7 870.6 654.7 870.6 wheat 0
846.7 776.6 766.9 810.4 717.0 692.4 796.9 658.6 wheat 0
901.7 845.6 1024.0 845.6 1024.0 912.2 901.7 912.2 wheat 0
898.6 615.3 963.8 659.9 937.9 697.9 872.6 653.3 wheat 0
677.7 197.6 625.3 233.5 587.4 178.0 639.8 142.1 wheat 0
398.0 48.3 447.8 53.3 439.5 135.9 389.7 130.9 wheat 0
326.3 81.4 271.9 111.1 253.2 76.9 307.6 47.1 wheat 0
306.7 2.6 390.7 2.6 390.7 41.6 306.7 41.6 wheat 0
936.7 4.0 1016.7 4.0 1016.7 75.6 936.7 75.6 wheat 0
946.7 383.6 1023.7 383.6 1023.7 447.6 946.7 447.6 wheat 0
552.7 944.8 626.2 959.7 613.7 1021.4 540.2 1006.5 wheat 0
317.9 866.8 456.4 909.7 434.6 980.4 296.0 937.5 wheat 0
129.0 886.8 220.0 895.9 211.7 978.6 120.7 969.5 wheat 0
3.7 404.6 45.7 404.6 45.7 499.6 3.7 499.6 wheat 0
277.0 631.8 228.0 641.7 210.5 555.5 259.5 545.5 wheat 0
