267.0 94.0 539.3 163.6 524.7 220.6 252.4 151.1 wheat 0
749.2 138.5 530.5 206.1 516.0 159.3 734.7 91.6 wheat 0
837.8 166.1 571.0 248.6 556.9 203.1 823.7 120.6 wheat 0
905.7 211.6 667.3 285.4 652.4 237.2 890.8 163.5 wheat 0
935.1 225.4 882.7 230.6 866.5 68.3 918.8 63.1 wheat 0
842.4 195.3 937.8 293.5 902.7 327.6 807.4 229.4 wheat 0
836.5 117.2 879.8 140.9 847.7 199.6 804.4 175.9 wheat 0
665.7 119.1 618.9 123.8 610.8 43.2 657.6 38.5 wheat 0
684.8 14.2 726.8 27.2 698.7 118.0 656.7 105.0 wheat 0
585.3 2.0 625.0 42.8 539.7 125.6 500.1 84.8 wheat 0
827.7 278.6 641.6 357.3 619.3 304.4 805.4 225.7 wheat 0
702.2 320.2 755.7 349.5 730.3 396.0 676.8 366.7 wheat 0
728.9 409.8 681.8 419.3 660.6 314.4 707.6 304.9 wheat 0
745.1 435.7 522.2 557.5 500.8 518.4 723.7 396.6 wheat 0
581.1 386.9 622.7 409.6 551.6 539.9 509.9 517.1 wheat 0
755.0 308.9 893.8 367.5 882.7 393.6 744.0 335.0 wheat 0
857.9 375.7 895.7 414.6 804.9 502.9 767.1 463.9 wheat 0
1009.7 39.6 931.2 105.8 897.9 66.2 976.4 0.1 wheat 0
795.4 456.4 914.7 521.6 894.9 557.9 775.6 492.7 wheat 0
1014.7 508.6 856.9 540.6 845.7 485.6 1003.6 453.6 wheat 0
704.8 491.6 884.2 547.1 874.7 577.6 695.4 522.1 wheat 0
691.7 599.6 553.9 642.3 538.7 593.4 676.6 550.7 wheat 0
493.7 637.6 333.9 670.0 321.3 607.8 481.1 575.4 wheat 0
260.7 458.1 450.8 477.1 444.7 537.6 254.6 518.5 wheat 0
202.7 323.6 391.7 323.6 391.7 382.6 202.7 382.6 wheat 0
340.2 225.6 372.8 247.9 269.7 398.6 237.1 376.3 wheat 0
363.7 231.6 474.7 231.6 474.7 267.6 363.7 267.6 wheat 0
30.8 206.6 193.7 327.8 172.2 356.7 9.3 235.4 wheat 0
54.3 252.8 102.3 257.6 78.7 492.6 30.7 487.8 wheat 0
218.7 375.2 78.7 434.4 60.8 392.0 200.8 332.8 wheat 0
34.5 394.3 141.7 467.6 114.0 508.1 6.8 434.8 wheat 0
81.6 599.1 220.8 627.3 209.9 681.2 70.7 653.0 wheat 0
133.4 644.1 176.4 667.6 135.1 743.1 92.1 719.6 wheat 0
260.7 770.6 196.2 790.6 184.8 753.7 249.3 733.7 wheat 0
578.7 715.6 552.9 729.7 511.8 654.4 537.6 640.3 wheat 0
125.2 786.2 258.4 898.3 222.7 940.6 89.6 828.5 wheat 0
293.7 941.6 250.2 965.4 176.5 830.4 220.0 806.6 wheat 0
318.7 897.6 291.9 920.3 228.9 845.5 255.8 822.9 wheat 0
67.7 958.6 244.7 958.6 244.7 1021.6 67.7 1021.6 wheat 0
512.4 730.1 591.7 754.6 579.0 795.7 499.7 771.2 wheat 0
556.6 698.7 665.7 720.8 652.7 784.6 543.6 762.5 wheat 0
763.7 743.6 790.4 777.3 717.4 835.3 690.7 801.6 wheat 0
1013.8 668.6 862.7 732.4 841.7 682.7 992.7 618.8 wheat 0
873.7 721.6 900.5 763.3 756.7 855.6 730.0 813.9 wheat 0
955.7 850.6 763.4 889.6 752.4 835.2 944.7 796.2 wheat 0
663.7 875.6 769.6 984.7 734.9 1018.4 629.0 909.4 wheat 0
