844.4 777.0 920.8 829.3 900.7 858.6 824.3 806.3 wheat 0
831.7 783.5 846.6 802.3 791.8 845.8 776.9 827.0 wheat 0
869.6 885.6 992.0 897.8 988.9 928.7 866.5 916.4 wheat 0
985.2 958.6 961.7 968.5 942.3 922.5 965.7 912.6 wheat 0
873.3 934.3 901.4 943.0 876.7 1022.6 848.7 1013.9 wheat 0
823.9 1012.6 765.2 1018.5 762.6 992.6 821.3 986.7 wheat 0
748.0 884.6 777.1 909.2 712.7 985.6 683.6 961.0 wheat 0
673.7 930.6 645.0 936.4 627.5 850.1 656.2 844.2 wheat 0
1023.7 775.6 941.3 820.6 922.5 786.3 1005.0 741.3 wheat 0
661.7 668.8 757.4 749.4 732.7 778.6 637.1 698.0 wheat 0
627.3 557.7 710.1 592.8 695.7 626.6 612.9 591.6 wheat 0
884.2 576.1 955.8 583.3 953.3 608.1 881.7 601.0 wheat 0
1023.7 711.6 981.5 734.7 966.1 706.5 1008.3 683.4 wheat 0
871.5 465.7 943.0 514.6 921.7 545.6 850.2 496.7 wheat 0
1022.7 528.6 936.8 546.0 930.4 514.5 1016.3 497.1 wheat 0
983.1 471.1 894.5 480.0 891.4 449.1 980.0 440.3 wheat 0
895.5 377.5 1000.0 448.9 981.7 475.6 877.3 404.2 wheat 0
862.2 299.5 917.4 329.6 903.7 354.6 848.6 324.5 wheat 0
796.6 215.1 927.7 286.8 909.7 319.6 778.6 248.0 wheat 0
1023.7 258.5 995.7 277.6 941.3 198.0 969.3 178.9 wheat 0
928.2 136.8 1019.6 146.0 1016.7 174.6 925.4 165.4 wheat 0
943.5 3.8 1008.7 48.4 992.9 71.5 927.7 26.9 wheat 0
614.7 178.6 788.7 178.6 788.7 205.6 614.7 205.6 wheat 0
610.2 185.0 643.5 191.7 629.2 262.3 595.9 255.5 wheat 0
672.0 223.3 739.3 280.0 717.4 306.0 650.1 249.3 wheat 0
461.5 233.9 542.5 242.0 539.9 268.2 458.9 260.0 wheat 0
470.7 217.6 529.7 217.6 529.7 232.6 470.7 232.6 wheat 0
381.0 190.4 468.5 217.4 459.7 245.6 372.3 218.6 wheat 0
477.4 105.3 614.0 147.6 603.1 182.9 466.5 140.7 wheat 0
447.3 13.3 562.8 76.4 545.7 107.6 430.3 44.5 wheat 0
499.6 2.2 604.6 90.6 587.7 110.6 482.7 22.2 wheat 0
292.6 0.2 411.7 100.6 392.9 123.0 273.7 22.6 wheat 0
260.0 1.6 326.6 70.2 310.7 85.6 244.1 17.0 wheat 0
83.8 74.3 270.8 93.1 267.7 123.9 80.7 105.2 wheat 0
117.7 144.6 89.8 163.7 3.0 36.9 30.9 17.8 wheat 0
35.4 279.2 69.2 282.6 58.1 394.0 24.2 390.6 wheat 0
14.7 196.6 104.2 245.5 92.7 266.6 3.2 217.7 wheat 0
624.7 439.6 589.2 459.0 543.9 376.2 579.5 356.8 wheat 0
539.2 381.9 628.7 419.7 620.7 438.6 531.2 400.8 wheat 0
675.6 478.6 659.1 489.9 617.9 429.6 634.4 418.3 wheat 0
796.7 524.6 766.5 555.8 645.0 437.8 675.3 406.7 wheat 0
655.8 380.7 769.7 476.6 749.1 501.1 635.2 405.2 wheat 0
548.4 446.6 638.7 539.6 613.9 563.7 523.7 470.7 wheat 0
496.7 374.6 563.7 443.6 541.1 465.6 474.1 396.5 wheat 0
406.7 553.6 370.9 557.2 363.9 487.4 399.7 483.8 wheat 0
474.7 720.6 451.6 733.3 374.9 592.9 398.1 580.3 wheat 0
592.7 786.6 564.4 810.5 469.7 698.0 498.0 674.1 wheat 0
111.7 461.5 254.2 521.7 240.7 553.6 98.3 493.4 wheat 0
322.9 565.8 302.7 586.6 232.8 518.7 253.0 497.9 wheat 0
142.3 440.3 333.4 499.4 323.7 530.6 132.6 471.5 wheat 0
248.7 458.6 229.4 483.0 137.3 409.9 156.6 385.5 wheat 0
291.7 441.6 275.2 458.6 191.0 376.8 207.5 359.8 wheat 0
75.0 566.6 146.6 581.1 141.4 606.6 69.9 592.1 wheat 0
150.2 630.9 304.0 678.4 294.5 709.2 140.7 661.6 wheat 0
59.6 629.7 224.7 742.6 203.3 773.9 38.2 661.0 wheat 0
174.0 761.2 86.4 769.9 83.5 741.1 171.1 732.3 wheat 0
186.2 763.0 371.7 794.8 365.7 829.6 180.3 797.8 wheat 0
16.8 779.6 73.8 803.7 63.7 827.6 6.7 803.5 wheat 0
33.7 862.6 177.7 862.6 177.7 890.6 33.7 890.6 wheat 0
156.3 938.6 256.8 948.7 254.1 975.6 153.6 965.5 wheat 0
392.4 792.0 546.7 897.6 527.5 925.7 373.2 820.1 wheat 0
537.9 934.8 463.3 942.3 460.5 914.4 535.2 906.9 wheat 0
