859.6 504.5 753.8 562.3 728.3 515.6 834.1 457.8 wheat 0
968.7 476.9 998.6 523.5 881.7 598.6 851.8 552.0 wheat 0
708.8 684.5 865.7 733.0 851.6 778.5 694.7 730.0 wheat 0
132.6 124.5 19.6 159.5 3.5 107.5 116.5 72.5 wheat 0
812.6 101.5 718.9 130.5 705.2 86.4 799.0 57.4 wheat 0
758.6 1.6 793.1 37.2 717.6 110.5 683.1 74.9 wheat 0
729.6 481.5 647.8 489.7 642.1 433.2 723.9 425.0 wheat 0
869.6 399.5 801.0 486.0 762.8 455.7 831.4 369.2 wheat 0
696.6 277.5 624.9 299.7 612.6 259.8 684.3 237.7 wheat 0
1001.6 294.5 882.2 345.0 863.2 300.1 982.6 249.6 wheat 0
853.6 163.5 762.4 225.9 739.6 192.6 830.8 130.2 wheat 0
958.6 62.5 854.4 119.5 835.9 85.7 940.2 28.7 wheat 0
1002.6 446.5 856.7 476.1 849.0 438.2 994.9 408.6 wheat 0
989.6 392.5 883.3 450.6 865.7 418.4 972.0 360.3 wheat 0
732.3 378.9 752.6 404.5 690.6 453.7 670.4 428.1 wheat 0
1023.6 481.5 927.2 501.1 919.0 460.6 1015.4 441.0 wheat 0
