680.7 560.8 772.8 599.7 756.8 637.5 664.7 598.5 wheat 0
865.9 499.8 817.7 509.6 800.0 422.0 848.2 412.3 wheat 0
734.7 546.7 705.0 567.0 680.7 531.5 710.5 511.2 wheat 0
514.7 478.6 551.7 478.6 551.7 508.6 514.7 508.6 wheat 0
436.8 502.7 531.4 532.0 521.6 563.5 427.1 534.3 wheat 0
617.5 312.5 695.8 336.8 682.0 381.7 603.6 357.4 wheat 0
546.3 292.5 604.2 324.1 583.1 362.7 525.2 331.1 wheat 0
879.7 401.6 1014.7 401.6 1014.7 437.6 879.7 437.6 wheat 0
969.4 512.6 1012.7 531.0 1001.0 558.6 957.8 540.3 wheat 0
866.7 740.6 981.7 740.6 981.7 766.6 866.7 766.6 wheat 0
1022.7 759.6 959.9 786.2 948.5 759.2 1011.3 732.6 wheat 0
901.4 793.3 878.7 816.6 851.0 789.7 873.7 766.4 wheat 0
909.8 906.5 821.3 943.9 807.7 911.7 896.1 874.3 wheat 0
1029.0 940.2 994.0 955.0 964.4 885.0 999.4 870.2 wheat 0
879.6 935.8 1008.7 962.0 1002.9 990.8 873.7 964.6 wheat 0
651.3 963.8 749.8 973.7 745.1 1020.4 646.6 1010.6 wheat 0
597.2 930.4 629.7 940.4 606.3 1015.9 573.8 1005.8 wheat 0
601.7 988.6 692.6 988.6 692.6 1024.0 601.7 1024.0 wheat 0
612.5 869.5 723.7 945.6 705.0 972.9 593.8 896.8 wheat 0
671.7 809.6 617.2 826.5 601.3 775.1 655.8 758.2 wheat 0
672.7 780.6 705.7 780.6 705.7 806.6 672.7 806.6 wheat 0
178.7 742.6 389.7 742.6 389.7 781.6 178.7 781.6 wheat 0
309.3 653.3 275.7 681.7 242.2 641.9 275.8 613.6 wheat 0
368.0 616.0 307.0 657.8 289.4 632.2 350.5 590.4 wheat 0
163.5 887.0 251.7 904.8 246.0 933.3 157.8 915.4 wheat 0
191.7 971.6 238.7 971.6 238.7 1023.6 191.7 1023.6 wheat 0
279.3 330.1 178.3 350.6 173.2 325.1 274.1 304.6 wheat 0
341.5 262.8 420.9 278.9 416.9 298.5 337.6 282.4 wheat 0
370.7 333.6 292.1 349.6 287.6 327.3 366.2 311.3 wheat 0
385.6 286.7 423.6 298.5 407.7 349.6 369.8 337.9 wheat 0
470.1 180.1 389.0 214.4 375.4 182.1 456.4 147.9 wheat 0
494.8 145.8 523.3 175.2 471.7 225.4 443.1 196.0 wheat 0
524.0 126.0 419.9 158.2 412.5 134.3 516.6 102.1 wheat 0
510.3 81.2 475.2 100.4 453.2 60.0 488.3 40.8 wheat 0
120.0 35.9 154.7 59.6 95.4 146.3 60.8 122.6 wheat 0
224.7 276.5 170.3 306.2 136.8 244.8 191.2 215.0 wheat 0
98.7 343.6 54.0 362.5 33.5 314.0 78.2 295.1 wheat 0
793.1 106.1 867.6 129.1 854.3 172.1 779.8 149.1 wheat 0
919.0 19.9 988.7 78.6 957.9 115.2 888.2 56.5 wheat 0
831.1 7.7 854.8 32.1 820.4 65.5 796.7 41.1 wheat 0
796.7 245.8 828.5 263.2 809.7 297.6 777.9 280.2 wheat 0
868.2 269.7 894.0 280.6 879.2 315.6 853.4 304.7 wheat 0
260.3 468.6 227.9 475.2 214.2 407.6 246.6 401.0 wheat 0
280.1 553.2 314.9 589.1 293.4 610.0 258.6 574.1 wheat 0
925.3 787.4 959.0 829.8 927.7 854.6 894.1 812.2 wheat 0
859.4 1001.4 832.5 1009.7 811.9 942.9 838.7 934.6 wheat 0
388.1 413.8 408.0 438.9 359.4 477.4 339.5 452.4 wheat 0
435.7 75.6 402.3 98.5 366.2 45.6 399.6 22.8 wheat 0
324.7 48.3 284.5 56.4 279.8 32.9 319.9 24.8 wheat 0
393.5 907.3 423.1 916.5 419.0 929.9 389.4 920.7 wheat 0
499.7 736.2 530.4 753.0 522.8 767.0 492.0 750.2 wheat 0
