370.7 183.6 334.4 208.5 301.9 161.0 338.2 136.1 wheat 0
372.3 282.5 319.8 298.7 306.2 254.8 358.7 238.5 wheat 0
305.4 336.8 284.3 345.8 271.0 314.4 292.2 305.5 wheat 0
205.4 262.2 231.8 280.3 208.1 315.0 181.7 296.9 wheat 0
113.5 234.7 149.0 258.9 134.9 279.6 99.4 255.3 wheat 0
134.7 145.6 162.7 145.6 162.7 198.6 134.7 198.6 wheat 0
433.9 192.4 455.8 199.1 436.7 260.6 414.9 253.9 wheat 0
474.7 297.6 456.5 305.3 440.7 268.1 459.0 260.4 wheat 0
407.2 137.2 437.6 143.3 425.3 204.1 394.9 197.9 wheat 0
648.6 148.1 686.0 159.6 667.7 218.6 630.4 207.1 wheat 0
740.8 68.7 763.9 84.5 718.7 150.5 695.6 134.7 wheat 0
781.7 110.3 812.5 149.1 767.7 184.6 736.9 145.8 wheat 0
910.8 20.7 940.2 40.8 891.7 111.6 862.4 91.5 wheat 0
889.7 221.6 788.1 264.6 775.9 235.7 877.5 192.7 wheat 0
982.9 243.2 920.6 277.2 909.6 257.0 971.9 223.0 wheat 0
884.9 301.7 956.5 316.2 949.5 350.5 878.0 336.0 wheat 0
966.7 308.6 1000.0 315.4 992.8 350.6 959.5 343.9 wheat 0
637.1 407.8 657.1 424.7 627.7 459.6 607.7 442.7 wheat 0
942.6 783.2 970.1 806.3 932.7 850.6 905.3 827.5 wheat 0
543.9 689.4 564.8 710.9 557.6 717.9 536.7 696.3 wheat 0
541.8 787.3 516.9 789.8 512.7 747.0 537.5 744.5 wheat 0
417.1 625.4 446.0 637.7 425.7 685.6 396.8 673.4 wheat 0
217.2 735.2 262.1 749.1 255.3 771.0 210.4 757.2 wheat 0
108.5 763.2 83.6 765.7 78.0 710.0 102.9 707.5 wheat 0
58.4 762.3 41.1 796.2 17.1 783.9 34.3 750.1 wheat 0
309.7 732.6 277.7 746.1 268.0 723.1 300.0 709.6 wheat 0
705.2 1.9 739.3 12.5 724.7 59.6 690.6 49.1 wheat 0
717.1 815.4 743.0 818.0 740.4 843.8 714.5 841.3 wheat 0
781.4 864.5 809.1 876.2 802.0 892.7 774.4 881.1 wheat 0
786.4 785.9 808.5 795.2 799.1 817.3 777.0 808.0 wheat 0
945.7 872.6 912.7 879.3 907.1 851.8 940.2 845.1 wheat 0
371.1 794.7 354.5 798.0 349.3 772.6 366.0 769.2 wheat 0
141.4 562.8 173.8 569.3 165.0 612.5 132.7 605.9 wheat 0
980.2 361.3 1006.2 372.3 977.7 439.6 951.7 428.6 wheat 0
