815.1 386.5 783.8 399.7 759.2 341.7 790.5 328.5 wheat 0
840.5 285.7 777.1 298.5 770.5 266.1 833.9 253.2 wheat 0
819.8 153.3 849.7 173.7 811.8 229.1 781.9 208.6 wheat 0
987.1 238.5 926.3 250.8 920.3 221.1 981.0 208.8 wheat 0
944.3 421.7 975.2 424.8 969.1 485.5 938.2 482.4 wheat 0
991.1 411.5 1024.0 411.5 1024.0 471.7 991.1 471.7 wheat 0
835.1 522.5 808.8 544.6 763.6 490.9 789.8 468.8 wheat 0
748.1 467.5 736.9 489.4 691.7 466.4 702.8 444.5 wheat 0
606.1 628.3 558.0 638.0 551.1 603.7 599.1 594.0 wheat 0
582.3 869.2 619.0 872.9 614.1 922.5 577.3 918.8 wheat 0
435.1 803.5 465.1 803.5 465.1 845.5 435.1 845.5 wheat 0
330.1 857.2 368.6 869.1 356.1 909.5 317.6 897.6 wheat 0
149.5 961.2 76.4 1001.1 62.9 976.5 136.1 936.5 wheat 0
288.5 446.3 316.1 454.8 305.1 490.5 277.5 482.0 wheat 0
381.4 448.7 439.1 466.5 429.7 496.6 372.0 478.8 wheat 0
125.1 340.0 157.2 353.5 139.1 396.5 107.0 382.9 wheat 0
658.1 109.5 634.3 122.5 604.6 67.9 628.3 55.0 wheat 0
559.1 35.5 473.2 44.1 469.8 10.5 555.7 1.9 wheat 0
582.4 72.3 539.6 76.6 536.7 47.7 579.5 43.4 wheat 0
582.1 6.5 649.1 6.5 649.1 34.5 582.1 34.5 wheat 0
936.1 57.5 971.1 57.5 971.1 88.5 936.1 88.5 wheat 0
255.1 111.5 226.7 127.0 200.7 79.2 229.0 63.8 wheat 0
223.1 28.3 309.6 36.9 306.0 72.8 219.5 64.1 wheat 0
669.3 373.8 717.1 383.5 711.9 408.8 664.2 399.1 wheat 0
856.7 336.9 900.1 373.5 882.5 394.4 839.1 357.8 wheat 0
949.1 412.5 912.7 416.2 910.2 391.2 946.6 387.6 wheat 0
971.1 625.5 1020.1 625.5 1020.1 664.5 971.1 664.5 wheat 0
870.4 960.6 833.6 964.3 830.8 936.4 867.6 932.7 wheat 0
880.1 1001.0 838.0 1009.5 833.0 985.0 875.2 976.5 wheat 0
575.2 185.3 599.1 190.1 590.1 234.5 566.2 229.7 wheat 0
