562.1 283.1 639.1 283.1 639.1 395.1 562.1 395.1 wheat 0
393.1 544.1 472.1 544.1 472.1 662.1 393.1 662.1 wheat 0
365.3 177.0 435.3 206.6 389.0 316.2 319.0 286.6 wheat 0
96.1 318.1 226.1 318.1 226.1 387.1 96.1 387.1 wheat 0
116.1 436.1 172.1 436.1 172.1 519.1 116.1 519.1 wheat 0
982.2 217.2 920.1 281.1 753.6 119.3 815.7 55.4 wheat 0
543.9 148.4 443.5 190.9 419.4 133.7 519.8 91.3 wheat 0
60.1 141.1 191.1 141.1 191.1 200.1 60.1 200.1 wheat 0
232.1 428.1 299.1 428.1 299.1 499.1 232.1 499.1 wheat 0
65.8 703.0 171.1 747.5 143.4 812.9 38.1 768.4 wheat 0
550.5 724.7 462.9 835.2 412.8 795.4 500.4 685.0 wheat 0
787.5 418.4 653.0 475.3 630.8 422.8 765.3 365.9 wheat 0
15.1 353.1 92.1 353.1 92.1 444.1 15.1 444.1 wheat 0
70.1 573.1 160.1 573.1 160.1 634.1 70.1 634.1 wheat 0
676.1 253.1 749.1 253.1 749.1 348.1 676.1 348.1 wheat 0
408.1 312.1 478.1 312.1 478.1 372.1 408.1 372.1 wheat 0
29.1 232.1 103.1 232.1 103.1 311.1 29.1 311.1 wheat 0
925.1 460.2 822.6 565.6 760.2 505.0 862.6 399.5 wheat 0
774.1 739.2 833.1 764.1 778.2 894.0 719.2 869.1 wheat 0
564.1 753.1 656.1 753.1 656.1 808.1 564.1 808.1 wheat 0
200.1 261.1 376.1 261.1 376.1 309.1 200.1 309.1 wheat 0
106.1 675.1 193.1 675.1 193.1 723.1 106.1 723.1 wheat 0
205.1 923.1 264.1 923.1 264.1 981.1 205.1 981.1 wheat 0
890.1 610.1 957.1 610.1 957.1 671.1 890.1 671.1 wheat 0
890.1 721.1 978.1 721.1 978.1 778.1 890.1 778.1 wheat 0
270.1 362.1 339.1 362.1 339.1 426.1 270.1 426.1 wheat 0
543.8 156.7 601.8 156.7 601.8 206.7 543.8 206.7 wheat 0
