724.1 481.5 669.8 498.3 640.1 402.5 694.4 385.7 wheat 0
840.1 573.5 786.2 584.4 768.9 499.1 822.8 488.2 wheat 0
900.4 597.6 940.1 675.5 894.7 698.6 855.0 620.7 wheat 0
961.6 590.3 998.1 615.2 967.1 660.5 930.6 635.6 wheat 0
867.6 519.9 926.0 538.0 901.1 618.5 842.6 600.4 wheat 0
920.7 429.9 961.2 457.7 925.1 510.5 884.5 482.8 wheat 0
793.8 214.2 889.1 254.5 869.4 301.0 774.1 260.7 wheat 0
843.1 193.5 798.0 198.0 791.5 133.7 836.6 129.2 wheat 0
917.0 29.7 962.8 49.1 938.1 107.5 892.3 88.2 wheat 0
914.1 118.5 870.3 122.9 865.2 72.9 909.0 68.5 wheat 0
535.6 93.6 604.1 140.5 575.8 181.9 507.2 135.0 wheat 0
493.1 0.0 560.6 0.0 560.6 108.5 493.1 108.5 wheat 0
490.1 182.5 420.5 189.5 411.7 102.2 481.3 95.3 wheat 0
594.7 265.4 659.1 300.5 633.9 346.6 569.5 311.4 wheat 0
540.4 265.4 588.1 314.5 553.3 348.3 505.5 299.2 wheat 0
481.1 257.5 526.7 315.0 482.3 350.1 436.7 292.7 wheat 0
440.1 422.5 402.8 438.3 365.1 349.1 402.4 333.3 wheat 0
476.1 489.4 519.5 493.7 512.1 567.5 468.7 563.2 wheat 0
478.1 621.5 415.4 634.2 400.1 558.9 462.8 546.2 wheat 0
510.1 713.5 440.8 727.6 427.7 663.3 497.0 649.2 wheat 0
566.1 689.5 514.6 711.3 497.5 670.9 549.0 649.1 wheat 0
779.1 743.5 736.9 747.7 731.0 688.9 773.2 684.6 wheat 0
1009.1 749.5 963.8 758.7 955.1 715.9 1000.4 706.7 wheat 0
927.1 958.5 1006.1 958.5 1006.1 1021.5 927.1 1021.5 wheat 0
422.6 915.7 482.6 921.8 474.1 1006.5 414.1 1000.5 wheat 0
76.2 954.8 129.0 960.1 123.1 1019.5 70.2 1014.2 wheat 0
168.1 638.1 266.1 679.5 249.0 719.8 151.1 678.4 wheat 0
372.1 622.5 302.8 643.9 285.4 587.6 354.6 566.2 wheat 0
364.2 576.7 403.0 580.6 396.9 641.3 358.1 637.4 wheat 0
284.0 501.2 350.0 514.6 338.1 573.5 272.1 560.1 wheat 0
408.1 483.5 362.5 508.4 313.9 419.3 359.4 394.4 wheat 0
426.1 456.5 476.1 456.5 476.1 550.5 426.1 550.5 wheat 0
476.9 350.9 523.1 382.5 502.6 412.5 456.4 380.9 wheat 0
653.1 459.5 605.8 491.8 567.1 435.3 614.4 402.9 wheat 0
584.1 435.5 549.9 454.2 507.8 377.1 541.9 358.4 wheat 0
242.1 356.0 286.3 369.6 260.1 454.5 215.9 440.8 wheat 0
184.8 447.7 266.5 492.3 239.1 542.5 157.4 497.9 wheat 0
49.9 333.1 99.1 353.9 59.1 448.5 9.9 427.7 wheat 0
126.1 459.5 80.1 464.1 73.6 398.5 119.5 393.9 wheat 0
120.1 199.5 72.7 214.2 33.8 88.3 81.1 73.6 wheat 0
180.2 115.7 122.1 155.5 47.8 47.0 106.0 7.2 wheat 0
40.1 644.5 100.1 644.5 100.1 720.5 40.1 720.5 wheat 0
