147.1 403.1 238.1 403.1 238.1 507.1 147.1 507.1 wheat 0
266.1 459.1 346.1 459.1 346.1 607.1 266.1 607.1 wheat 0
428.1 405.1 516.1 405.1 516.1 500.1 428.1 500.1 wheat 0
121.1 114.1 254.1 114.1 254.1 187.1 121.1 187.1 wheat 0
733.1 175.1 848.1 175.1 848.1 279.1 733.1 279.1 wheat 0
849.2 927.5 801.1 988.1 630.6 852.7 678.6 792.1 wheat 0
238.1 716.1 332.1 716.1 332.1 796.1 238.1 796.1 wheat 0
293.1 141.1 374.1 141.1 374.1 210.1 293.1 210.1 wheat 0
176.1 308.1 298.1 308.1 298.1 397.1 176.1 397.1 wheat 0
119.1 732.1 187.1 732.1 187.1 800.1 119.1 800.1 wheat 0
30.1 733.1 88.1 733.1 88.1 797.1 30.1 797.1 wheat 0
47.1 634.1 102.1 634.1 102.1 720.1 47.1 720.1 wheat 0
856.1 77.1 957.1 77.1 957.1 150.1 856.1 150.1 wheat 0
611.1 133.1 715.1 133.1 715.1 174.1 611.1 174.1 wheat 0
783.1 432.1 901.1 432.1 901.1 489.1 783.1 489.1 wheat 0
490.1 496.1 634.1 496.1 634.1 563.1 490.1 563.1 wheat 0
446.1 753.1 535.1 753.1 535.1 846.1 446.1 846.1 wheat 0
242.1 815.1 336.1 815.1 336.1 895.1 242.1 895.1 wheat 0
671.1 548.1 729.1 548.1 729.1 636.1 671.1 636.1 wheat 0
894.1 493.1 1024.0 493.1 1024.0 570.4 894.1 570.4 wheat 0
897.1 787.1 934.0 835.4 829.7 914.8 792.9 866.4 wheat 0
642.1 724.1 743.1 724.1 743.1 788.1 642.1 788.1 wheat 0
937.1 235.1 1001.1 235.1 1001.1 326.1 937.1 326.1 wheat 0
790.1 273.1 845.1 273.1 845.1 375.1 790.1 375.1 wheat 0
386.1 680.1 444.1 680.1 444.1 745.1 386.1 745.1 wheat 0
770.1 69.1 838.1 69.1 838.1 133.1 770.1 133.1 wheat 0
