425.1 585.5 289.3 599.1 283.9 545.2 419.7 531.6 wheat 0
353.3 631.7 455.4 652.4 443.1 713.5 340.9 692.8 wheat 0
360.5 770.3 323.1 828.5 230.7 769.2 268.1 710.9 wheat 0
515.2 882.7 588.1 922.5 565.7 963.5 492.8 923.7 wheat 0
810.1 982.5 756.5 993.4 737.6 900.0 791.1 889.1 wheat 0
934.0 871.1 993.2 883.1 974.1 977.5 914.9 965.5 wheat 0
917.5 682.6 966.1 723.5 911.9 787.8 863.4 746.9 wheat 0
968.1 621.5 919.5 626.4 912.4 555.9 961.0 551.0 wheat 0
1011.1 500.5 931.5 534.2 906.9 475.9 986.4 442.3 wheat 0
750.1 357.5 677.8 388.1 656.0 336.5 728.2 305.9 wheat 0
648.1 367.5 553.7 396.7 544.6 367.1 638.9 338.0 wheat 0
599.3 507.9 706.1 529.5 695.2 583.3 588.4 561.6 wheat 0
561.5 523.4 627.8 551.4 604.1 607.5 537.8 579.5 wheat 0
628.1 700.5 568.9 725.5 549.7 680.1 608.8 655.1 wheat 0
664.1 686.5 615.6 719.7 596.0 691.1 644.5 658.0 wheat 0
671.5 683.6 726.0 694.7 715.1 748.5 660.6 737.5 wheat 0
230.4 424.8 286.1 448.4 264.1 500.5 208.3 476.9 wheat 0
408.1 307.5 337.2 346.2 312.2 300.5 383.1 261.8 wheat 0
507.4 290.5 569.4 309.7 557.1 349.5 495.1 330.3 wheat 0
640.1 263.5 576.5 283.2 560.7 232.0 624.2 212.3 wheat 0
681.1 173.5 739.1 173.5 739.1 261.5 681.1 261.5 wheat 0
914.1 232.5 843.5 239.6 838.4 189.2 909.0 182.2 wheat 0
924.1 104.5 866.4 122.4 850.9 72.3 908.6 54.5 wheat 0
956.8 238.7 1006.0 243.7 1000.1 302.5 950.9 297.6 wheat 0
547.1 101.6 594.7 111.2 583.1 168.5 535.5 158.9 wheat 0
446.5 103.3 504.7 115.1 493.1 172.5 434.9 160.7 wheat 0
505.1 79.5 463.7 83.7 457.4 20.7 498.8 16.6 wheat 0
303.6 56.6 351.1 116.5 306.1 152.2 258.6 92.3 wheat 0
262.1 212.5 213.3 222.4 205.5 183.6 254.2 173.8 wheat 0
156.1 218.5 113.0 236.7 99.0 203.6 142.1 185.4 wheat 0
89.1 163.5 14.6 186.5 -0.0 139.4 74.5 116.3 wheat 0
178.4 31.8 235.2 55.8 212.1 110.5 155.3 86.5 wheat 0
263.7 189.1 316.9 218.2 285.1 276.5 231.9 247.4 wheat 0
223.1 500.5 278.1 500.5 278.1 559.5 223.1 559.5 wheat 0
0.0 681.5 51.1 681.5 51.1 733.5 0.0 733.5 wheat 0
148.1 917.5 69.4 960.5 40.1 906.8 118.8 863.9 wheat 0
72.8 643.3 116.8 652.2 108.1 695.5 64.0 686.6 wheat 0
366.1 948.5 432.1 948.5 432.1 1005.5 366.1 1005.5 wheat 0
631.1 873.5 686.1 873.5 686.1 924.5 631.1 924.5 wheat 0
