502.1 351.5 411.4 360.6 398.8 235.1 489.5 226.0 wheat 0
374.1 188.5 302.5 218.8 234.8 58.6 306.3 28.3 wheat 0
805.2 399.4 856.5 452.2 782.1 524.5 730.7 471.7 wheat 0
583.1 449.5 525.8 461.1 512.1 393.7 569.4 382.1 wheat 0
676.5 527.6 743.0 541.1 724.1 634.5 657.6 621.0 wheat 0
519.2 504.0 574.1 527.2 543.1 600.5 488.2 577.3 wheat 0
492.9 589.2 554.8 595.5 543.1 712.5 481.1 706.3 wheat 0
469.2 716.3 536.1 716.3 536.1 835.5 469.2 835.5 wheat 0
539.1 685.5 594.1 685.5 594.1 825.5 539.1 825.5 wheat 0
560.1 647.5 618.1 647.5 618.1 768.5 560.1 768.5 wheat 0
642.4 844.5 703.2 870.2 662.1 967.5 601.3 941.8 wheat 0
744.1 981.5 706.6 1013.1 640.7 934.8 678.1 903.2 wheat 0
441.1 474.5 344.9 573.5 295.8 525.9 392.0 426.8 wheat 0
429.1 451.5 508.1 451.5 508.1 550.5 429.1 550.5 wheat 0
408.1 546.5 482.1 546.5 482.1 611.5 408.1 611.5 wheat 0
312.1 622.5 403.1 622.5 403.1 701.5 312.1 701.5 wheat 0
50.1 497.5 121.1 497.5 121.1 597.5 50.1 597.5 wheat 0
103.1 573.5 170.1 573.5 170.1 647.5 103.1 647.5 wheat 0
317.1 525.5 180.5 600.1 149.5 543.4 286.1 468.7 wheat 0
156.7 441.2 229.2 463.6 192.1 583.5 119.6 561.1 wheat 0
156.1 401.5 69.0 428.4 17.5 261.7 104.5 234.8 wheat 0
254.1 382.5 174.3 426.1 84.6 261.9 164.4 218.3 wheat 0
300.1 265.5 243.6 296.4 202.4 220.9 258.8 190.1 wheat 0
260.1 198.5 185.2 213.7 173.3 155.2 248.2 140.0 wheat 0
28.0 83.1 126.4 136.8 98.4 188.1 0.0 134.4 wheat 0
628.0 9.7 707.4 34.3 664.1 174.5 584.6 149.9 wheat 0
782.1 150.5 656.4 236.5 614.6 175.5 740.3 89.5 wheat 0
931.1 213.5 1015.1 213.5 1015.1 310.5 931.1 310.5 wheat 0
915.1 617.5 975.1 617.5 975.1 707.5 915.1 707.5 wheat 0
811.4 548.8 740.7 555.9 735.7 506.2 806.4 499.1 wheat 0
351.1 776.5 260.2 794.9 246.2 725.5 337.0 707.1 wheat 0
319.7 737.6 414.0 747.1 406.1 826.5 311.7 817.0 wheat 0
376.1 788.5 454.1 788.5 454.1 924.5 376.1 924.5 wheat 0
48.1 848.5 128.1 848.5 128.1 984.5 48.1 984.5 wheat 0
