275.1 412.5 311.3 449.8 211.6 546.6 175.3 509.3 wheat 0
76.0 634.2 283.9 676.3 269.3 748.0 61.5 705.9 wheat 0
619.3 358.0 679.8 358.0 679.8 539.7 619.3 539.7 wheat 0
734.6 357.4 535.9 418.9 524.1 380.7 722.8 319.2 wheat 0
457.2 359.3 614.0 445.0 588.3 492.0 431.5 406.4 wheat 0
525.2 351.4 414.4 373.9 406.5 334.7 517.2 312.2 wheat 0
535.3 135.6 685.5 150.7 680.3 202.5 530.1 187.4 wheat 0
786.3 164.0 749.3 202.0 626.7 82.9 663.7 44.9 wheat 0
664.3 157.0 720.3 157.0 720.3 274.0 664.3 274.0 wheat 0
535.4 96.8 630.4 116.1 622.3 156.3 527.2 137.0 wheat 0
514.6 54.7 551.3 85.6 474.0 177.4 437.3 146.5 wheat 0
428.7 59.9 463.6 95.8 383.9 173.1 349.1 137.3 wheat 0
343.1 34.7 395.9 40.0 384.5 153.4 331.8 148.1 wheat 0
50.4 151.7 105.3 162.9 80.2 286.3 25.4 275.2 wheat 0
52.2 351.1 97.3 370.2 61.5 455.0 16.3 435.9 wheat 0
65.5 -5.4 120.7 17.9 89.2 92.5 33.9 69.2 wheat 0
345.7 794.9 395.2 828.8 319.0 940.2 269.4 906.3 wheat 0
911.3 566.0 969.3 566.0 969.3 632.0 911.3 632.0 wheat 0
866.3 914.0 932.3 914.0 932.3 993.0 866.3 993.0 wheat 0
941.3 45.0 995.3 45.0 995.3 178.0 941.3 178.0 wheat 0
845.2 42.3 999.0 89.9 984.5 136.7 830.7 89.2 wheat 0
960.3 6.0 1024.0 6.0 1024.0 112.8 960.3 112.8 wheat 0
622.8 530.7 671.8 530.7 671.8 643.7 622.8 643.7 wheat 0
