360.7 556.2 400.7 606.6 361.7 637.6 321.7 587.2 wheat 0
408.0 666.2 378.6 672.1 369.5 627.1 398.9 621.1 wheat 0
525.0 646.9 485.2 680.4 430.5 615.4 470.2 581.9 wheat 0
569.0 696.4 538.4 722.2 498.5 674.8 529.1 649.0 wheat 0
584.0 709.2 609.7 741.6 576.1 768.3 550.4 735.9 wheat 0
703.8 707.2 757.4 762.4 718.7 800.0 665.0 744.8 wheat 0
646.4 769.3 685.2 795.9 666.0 823.9 627.2 797.4 wheat 0
777.8 915.5 741.9 930.7 726.7 894.7 762.6 879.6 wheat 0
748.3 1000.0 708.7 1016.7 696.2 987.3 735.8 970.5 wheat 0
393.4 772.0 427.2 775.4 422.1 826.2 388.3 822.8 wheat 0
296.1 827.3 334.1 866.4 257.7 940.6 219.8 901.5 wheat 0
211.7 900.6 272.9 952.1 242.1 988.7 180.9 937.2 wheat 0
284.2 919.0 322.9 935.4 307.3 972.2 268.6 955.9 wheat 0
202.7 985.6 285.7 985.6 285.7 1018.6 202.7 1018.6 wheat 0
6.7 982.6 82.7 982.6 82.7 1019.6 6.7 1019.6 wheat 0
216.1 670.4 157.8 688.5 142.4 638.8 200.7 620.8 wheat 0
157.2 700.9 255.2 742.3 237.7 783.6 139.8 742.2 wheat 0
253.2 580.8 339.6 639.8 313.7 677.6 227.4 618.6 wheat 0
26.9 658.5 96.7 696.6 75.5 735.5 5.7 697.3 wheat 0
29.7 363.6 80.7 363.6 80.7 471.6 29.7 471.6 wheat 0
155.7 471.6 127.2 507.5 89.6 477.6 118.1 441.7 wheat 0
239.7 344.9 199.2 362.0 177.8 311.4 218.3 294.2 wheat 0
304.7 326.6 267.6 357.9 212.8 292.7 249.9 261.5 wheat 0
361.7 342.6 312.8 347.5 295.3 172.6 344.2 167.7 wheat 0
150.9 24.9 206.2 48.3 176.6 118.3 121.3 94.9 wheat 0
211.8 130.5 173.1 146.8 153.7 100.8 192.3 84.4 wheat 0
84.7 49.6 39.2 80.7 9.7 37.5 55.2 6.4 wheat 0
11.5 133.3 60.2 138.2 53.0 209.9 4.3 205.0 wheat 0
263.7 40.6 211.4 56.8 198.9 16.6 251.3 0.4 wheat 0
314.5 123.2 275.4 135.4 257.9 79.0 297.1 66.9 wheat 0
304.5 1.4 356.4 11.9 336.0 112.9 284.0 102.3 wheat 0
522.7 159.2 440.5 243.8 406.8 211.1 489.0 126.4 wheat 0
669.9 245.8 591.8 288.5 572.6 253.4 650.7 210.7 wheat 0
589.9 39.1 663.5 46.5 657.6 105.2 584.0 97.8 wheat 0
657.7 101.6 691.7 101.6 691.7 142.6 657.7 142.6 wheat 0
790.1 2.4 828.3 10.2 814.4 78.8 776.2 71.0 wheat 0
962.1 180.3 924.9 187.8 913.4 131.0 950.6 123.4 wheat 0
1002.7 256.6 943.0 306.9 911.5 269.5 971.2 219.2 wheat 0
932.6 275.7 972.1 297.3 941.9 352.5 902.4 331.0 wheat 0
582.9 339.4 636.4 356.0 608.6 445.8 555.1 429.2 wheat 0
391.7 462.6 454.7 462.6 454.7 498.6 391.7 498.6 wheat 0
755.4 451.9 799.7 465.6 777.4 537.8 733.1 524.1 wheat 0
881.7 589.3 929.6 622.0 909.8 650.9 861.9 618.2 wheat 0
698.8 598.6 732.4 640.9 698.7 667.6 665.1 625.3 wheat 0
715.7 656.6 753.7 656.6 753.7 716.6 715.7 716.6 wheat 0
1006.7 671.6 889.6 735.6 865.2 690.8 982.3 626.9 wheat 0
979.8 789.4 933.8 798.7 922.6 743.8 968.7 734.5 wheat 0
844.7 477.6 895.7 477.6 895.7 523.6 844.7 523.6 wheat 0
349.7 115.6 387.7 115.6 387.7 173.6 349.7 173.6 wheat 0
248.8 467.2 272.1 503.4 247.7 519.0 224.4 482.9 wheat 0
298.7 796.6 335.7 796.6 335.7 838.6 298.7 838.6 wheat 0
347.9 752.9 393.7 810.6 368.4 830.7 322.6 773.0 wheat 0
175.7 765.1 134.4 799.9 111.8 773.1 153.1 738.3 wheat 0
922.0 794.9 898.5 799.7 891.5 765.3 915.0 760.6 wheat 0
479.8 293.0 430.1 298.0 425.7 254.2 475.4 249.2 wheat 0
