598.6 511.1 712.0 522.4 706.9 574.2 593.4 562.8 wheat 0
822.3 458.2 853.6 507.1 813.2 533.0 781.9 484.2 wheat 0
749.9 524.0 719.1 527.1 714.6 482.3 745.4 479.2 wheat 0
908.6 680.0 982.2 687.4 978.9 721.2 905.2 713.8 wheat 0
702.3 705.3 658.4 750.5 636.2 728.9 680.1 683.7 wheat 0
580.9 659.8 652.5 674.3 643.5 718.4 572.0 703.9 wheat 0
405.7 915.6 356.3 925.6 334.1 816.1 383.5 806.1 wheat 0
330.0 647.9 410.4 664.2 401.4 708.3 321.1 692.0 wheat 0
207.2 800.9 246.0 804.8 237.3 891.3 198.5 887.5 wheat 0
157.2 772.9 198.5 807.6 138.7 878.6 97.4 843.8 wheat 0
232.3 582.3 167.9 609.5 151.1 569.9 215.6 542.7 wheat 0
272.9 476.0 311.5 492.3 286.6 551.3 247.9 534.9 wheat 0
457.7 463.6 394.9 497.9 372.4 456.8 435.3 422.5 wheat 0
610.9 355.9 554.7 426.6 518.0 397.5 574.2 326.8 wheat 0
623.0 318.7 675.0 329.3 667.4 366.5 615.5 356.0 wheat 0
704.3 208.0 779.8 231.3 766.2 275.3 690.7 251.9 wheat 0
272.7 366.6 231.3 379.4 194.0 259.1 235.5 246.3 wheat 0
259.2 307.3 345.6 366.4 318.7 405.6 232.4 346.5 wheat 0
402.4 285.6 349.9 301.8 338.1 263.6 390.6 247.4 wheat 0
529.6 58.4 589.5 120.1 557.9 150.8 498.0 89.1 wheat 0
802.2 68.7 734.7 105.6 713.5 66.8 781.0 29.9 wheat 0
1010.8 345.2 970.3 362.4 942.6 297.0 983.2 279.9 wheat 0
963.8 301.3 938.9 311.8 918.7 263.9 943.5 253.4 wheat 0
499.2 1.3 556.5 49.6 528.7 82.6 471.4 34.3 wheat 0
466.1 191.3 531.5 219.0 516.3 254.9 450.9 227.3 wheat 0
532.2 204.9 600.0 225.8 590.3 257.4 522.4 236.4 wheat 0
535.5 261.0 566.9 267.3 556.0 321.2 524.6 314.9 wheat 0
241.7 625.2 157.7 682.6 136.4 651.4 220.3 593.9 wheat 0
51.5 505.6 90.7 538.6 60.2 574.9 21.0 541.9 wheat 0
112.3 287.6 37.7 364.3 6.2 333.7 80.7 256.9 wheat 0
160.0 1.4 208.0 11.2 194.5 77.8 146.5 68.1 wheat 0
17.1 62.5 89.7 85.0 74.4 134.7 1.7 112.2 wheat 0
280.7 126.6 252.2 142.2 234.2 109.5 262.8 93.8 wheat 0
171.6 595.7 116.3 619.0 103.9 589.6 159.1 566.2 wheat 0
439.7 640.6 477.7 640.6 477.7 670.6 439.7 670.6 wheat 0
809.3 275.0 780.3 290.8 759.2 252.2 788.2 236.4 wheat 0
820.4 0.9 856.2 4.5 851.1 55.3 815.3 51.7 wheat 0
148.6 325.5 106.2 343.4 94.9 316.7 137.3 298.8 wheat 0
964.4 642.3 931.5 670.0 896.1 627.9 929.0 600.2 wheat 0
