587.4 97.6 682.3 137.7 656.2 199.5 561.3 159.3 wheat 0
733.2 -5.1 806.9 35.1 689.4 250.1 615.7 209.9 wheat 0
815.9 105.3 889.1 145.3 843.3 229.0 770.2 189.1 wheat 0
975.8 341.1 1016.9 383.5 925.8 471.9 884.7 429.6 wheat 0
967.1 723.2 833.8 736.6 827.5 673.9 960.8 660.5 wheat 0
677.9 828.5 586.7 878.4 550.7 812.6 642.0 762.7 wheat 0
431.6 871.2 338.0 880.6 333.1 830.9 426.6 821.5 wheat 0
378.9 1011.1 306.2 1018.3 292.8 884.0 365.4 876.7 wheat 0
164.4 577.8 230.1 591.1 201.2 733.3 135.6 719.9 wheat 0
261.8 587.0 210.9 597.3 192.8 508.1 243.8 497.8 wheat 0
231.3 413.0 292.3 413.0 292.3 534.0 231.3 534.0 wheat 0
435.3 508.9 331.4 530.0 319.3 470.2 423.2 449.1 wheat 0
398.9 277.6 459.7 303.3 425.8 383.5 365.0 357.8 wheat 0
598.8 326.5 547.5 369.6 470.9 278.6 522.1 235.5 wheat 0
470.5 460.3 543.0 475.0 530.1 538.7 457.6 524.0 wheat 0
86.3 870.9 147.0 883.2 126.4 985.2 65.6 972.8 wheat 0
222.8 705.1 268.8 724.5 231.8 812.0 185.8 792.6 wheat 0
884.3 49.0 960.3 49.0 960.3 163.0 884.3 163.0 wheat 0
