321.1 730.5 178.2 790.9 153.7 732.9 296.5 672.5 wheat 0
342.1 157.5 444.1 157.5 444.1 221.5 342.1 221.5 wheat 0
467.1 286.5 524.1 286.5 524.1 358.5 467.1 358.5 wheat 0
550.1 235.5 609.1 235.5 609.1 385.5 550.1 385.5 wheat 0
425.1 443.5 520.1 443.5 520.1 508.5 425.1 508.5 wheat 0
523.5 374.1 585.6 408.0 547.1 478.5 485.0 444.6 wheat 0
656.6 318.4 709.2 362.7 620.1 468.5 567.5 424.2 wheat 0
694.1 595.5 594.0 637.8 569.4 579.5 669.4 537.2 wheat 0
607.1 493.5 648.1 493.5 648.1 581.5 607.1 581.5 wheat 0
535.6 622.3 620.8 639.6 606.1 712.5 520.8 695.2 wheat 0
286.1 882.5 333.1 882.5 333.1 1023.5 286.1 1023.5 wheat 0
588.1 814.5 625.9 822.2 601.1 944.5 563.3 936.9 wheat 0
803.8 710.8 865.4 723.3 843.1 833.5 781.4 821.0 wheat 0
816.1 723.5 757.6 735.4 734.5 621.5 793.0 609.6 wheat 0
806.6 549.9 858.5 571.9 821.1 660.5 769.1 638.6 wheat 0
888.1 554.5 794.6 573.5 784.6 524.3 878.1 505.3 wheat 0
811.1 417.5 878.1 417.5 878.1 483.5 811.1 483.5 wheat 0
742.1 361.5 794.1 361.5 794.1 410.5 742.1 410.5 wheat 0
661.1 245.5 706.1 245.5 706.1 289.5 661.1 289.5 wheat 0
700.3 74.0 782.7 82.3 769.1 218.5 686.6 210.2 wheat 0
779.3 115.2 869.9 143.2 841.1 236.5 750.4 208.5 wheat 0
850.1 190.5 895.1 190.5 895.1 268.5 850.1 268.5 wheat 0
899.3 320.2 982.6 328.5 977.1 383.5 893.8 375.2 wheat 0
979.1 260.5 1024.0 260.5 1024.0 351.3 979.1 351.3 wheat 0
1023.9 393.3 963.4 455.6 927.5 420.8 988.1 358.5 wheat 0
