643.7 411.6 481.1 480.4 462.8 437.2 625.5 368.5 wheat 0
683.7 566.6 590.3 617.7 557.6 557.7 651.0 506.7 wheat 0
775.2 649.8 1022.4 699.9 1012.7 747.6 765.6 697.5 wheat 0
770.7 581.6 824.7 581.6 824.7 637.6 770.7 637.6 wheat 0
759.7 545.2 910.9 560.3 905.8 611.1 754.6 595.9 wheat 0
765.7 693.6 689.0 772.6 648.9 733.7 725.6 654.7 wheat 0
684.7 695.6 575.0 729.5 561.8 686.7 671.5 652.8 wheat 0
459.3 614.8 574.0 693.3 545.2 735.4 430.5 656.9 wheat 0
502.4 642.3 456.4 651.7 444.0 590.9 490.1 581.6 wheat 0
839.5 863.0 904.5 917.8 873.0 955.2 807.9 900.5 wheat 0
920.7 713.7 968.0 739.5 912.7 840.6 865.5 814.8 wheat 0
1003.7 877.6 919.5 894.7 909.7 846.6 994.0 829.6 wheat 0
607.6 867.8 724.1 903.9 707.9 956.4 591.3 920.4 wheat 0
740.6 996.6 671.6 1017.9 656.7 970.0 725.7 948.6 wheat 0
467.1 769.7 595.6 857.6 560.7 908.6 432.2 820.7 wheat 0
433.2 878.2 393.7 899.8 357.3 833.1 396.8 811.5 wheat 0
280.5 801.1 329.2 816.2 281.4 970.7 232.7 955.6 wheat 0
78.7 708.6 141.7 708.6 141.7 814.6 78.7 814.6 wheat 0
2.7 845.6 88.7 845.6 88.7 905.6 2.7 905.6 wheat 0
14.7 910.6 100.7 910.6 100.7 955.6 14.7 955.6 wheat 0
104.5 843.9 185.6 912.2 166.9 934.3 85.9 866.1 wheat 0
372.6 857.6 312.2 908.5 281.9 872.6 342.3 821.7 wheat 0
570.7 974.6 606.7 974.6 606.7 1016.6 570.7 1016.6 wheat 0
188.7 450.5 244.9 474.2 227.8 514.8 171.6 491.0 wheat 0
96.2 485.2 28.6 499.0 18.3 448.0 85.9 434.3 wheat 0
104.7 207.6 149.7 207.6 149.7 314.6 104.7 314.6 wheat 0
326.7 166.6 271.3 183.8 244.3 96.6 299.8 79.5 wheat 0
340.4 73.0 393.4 83.7 379.0 154.3 326.1 143.5 wheat 0
377.4 177.2 426.4 218.4 398.0 252.1 349.1 210.8 wheat 0
763.7 211.6 654.1 271.5 631.1 229.4 740.7 169.5 wheat 0
709.7 242.6 746.7 242.6 746.7 310.6 709.7 310.6 wheat 0
903.7 310.6 823.8 318.6 818.1 261.7 898.0 253.7 wheat 0
962.7 269.6 1011.7 269.6 1011.7 365.6 962.7 365.6 wheat 0
910.1 79.6 1007.7 120.9 991.4 159.6 893.7 118.3 wheat 0
727.0 12.3 828.2 43.6 810.5 100.9 709.2 69.6 wheat 0
482.5 979.2 355.4 1018.6 346.0 988.0 473.0 948.7 wheat 0
353.9 55.6 201.1 86.6 191.5 39.6 344.4 8.6 wheat 0
85.1 232.7 54.4 264.2 6.4 217.6 37.0 186.0 wheat 0
