394.1 446.5 161.5 469.8 155.2 407.0 387.8 383.6 wheat 0
72.4 254.8 199.1 267.5 194.3 315.3 67.6 302.6 wheat 0
99.1 239.5 36.3 258.9 13.5 185.2 76.3 165.8 wheat 0
15.1 67.5 73.1 67.5 73.1 117.5 15.1 117.5 wheat 0
222.3 664.7 306.1 710.5 287.3 744.9 203.5 699.1 wheat 0
141.1 830.5 262.1 830.5 262.1 892.5 141.1 892.5 wheat 0
176.4 759.9 357.1 883.5 326.7 927.9 146.0 804.3 wheat 0
196.1 841.6 273.1 961.5 230.7 988.7 153.7 868.8 wheat 0
49.4 707.9 171.1 745.5 155.9 794.5 34.2 756.9 wheat 0
244.1 754.5 212.0 804.4 121.3 746.1 153.3 696.2 wheat 0
