799.7 453.6 762.5 465.1 741.9 398.2 779.0 386.7 wheat 0
797.7 485.6 857.7 485.6 857.7 526.6 797.7 526.6 wheat 0
834.3 591.8 907.1 641.6 882.6 677.4 809.7 627.6 wheat 0
834.3 699.5 945.1 733.8 931.2 778.7 820.4 744.4 wheat 0
908.6 844.7 949.3 872.6 887.7 962.6 847.0 934.8 wheat 0
977.9 636.8 938.7 644.7 921.6 560.4 960.8 552.5 wheat 0
847.7 369.6 830.9 381.1 801.3 338.0 818.2 326.4 wheat 0
834.7 344.6 855.7 344.6 855.7 388.6 834.7 388.6 wheat 0
726.7 410.6 696.1 416.8 679.4 334.3 710.0 328.1 wheat 0
699.2 318.1 663.8 329.0 649.3 282.2 684.7 271.2 wheat 0
621.0 316.7 668.4 326.3 656.7 383.6 609.4 374.0 wheat 0
646.7 454.6 614.2 488.1 571.8 447.0 604.4 413.5 wheat 0
568.6 485.8 617.2 512.3 600.3 543.2 551.7 516.6 wheat 0
548.8 514.0 613.3 568.4 588.7 597.6 524.2 543.2 wheat 0
612.2 579.9 654.2 592.9 643.3 628.3 601.3 615.3 wheat 0
499.4 510.8 542.7 529.1 529.1 561.4 485.8 543.1 wheat 0
805.3 805.0 782.5 817.5 756.1 769.2 779.0 756.7 wheat 0
527.8 689.6 599.1 728.5 577.7 767.6 506.5 728.7 wheat 0
565.7 755.7 533.6 788.7 479.8 736.5 511.9 703.5 wheat 0
548.7 884.6 512.1 896.0 500.7 859.1 537.3 847.8 wheat 0
685.7 996.6 643.5 1019.7 582.1 907.2 624.3 884.1 wheat 0
776.2 933.2 811.6 944.2 798.7 985.6 763.4 974.7 wheat 0
802.7 988.6 911.7 988.6 911.7 1020.6 802.7 1020.6 wheat 0
702.2 979.2 748.7 988.6 743.1 1016.5 696.6 1007.1 wheat 0
359.7 936.6 443.4 982.3 422.7 1020.4 339.0 974.6 wheat 0
427.7 866.1 458.6 897.9 417.7 937.6 386.9 905.8 wheat 0
269.1 834.9 331.7 869.1 311.7 905.6 249.2 871.4 wheat 0
336.2 801.7 392.4 813.1 385.9 845.0 329.7 833.6 wheat 0
140.4 747.2 203.3 773.8 187.7 810.6 124.8 784.0 wheat 0
193.5 739.2 229.8 764.1 210.0 793.0 173.7 768.1 wheat 0
323.4 693.2 391.4 739.8 373.7 765.6 305.7 719.0 wheat 0
426.7 697.6 387.8 724.3 330.4 640.4 369.4 613.8 wheat 0
184.4 592.1 252.6 638.8 226.7 676.6 158.5 629.9 wheat 0
112.8 647.9 155.3 691.6 121.6 724.4 79.1 680.6 wheat 0
69.9 399.5 132.6 452.3 103.6 486.7 40.9 433.9 wheat 0
188.2 487.1 231.0 531.2 201.7 559.6 159.0 515.6 wheat 0
229.1 461.1 349.8 498.5 336.7 540.6 216.1 503.3 wheat 0
347.8 543.2 407.1 561.5 397.6 592.1 338.4 573.7 wheat 0
435.9 488.5 482.5 520.3 459.7 553.6 413.2 521.8 wheat 0
406.9 385.9 452.1 432.5 409.7 473.6 364.5 427.0 wheat 0
448.1 348.6 497.4 410.7 469.7 432.6 420.5 370.6 wheat 0
334.7 314.3 389.7 337.5 372.7 377.6 317.8 354.4 wheat 0
288.0 340.8 370.3 366.2 358.7 403.6 276.4 378.1 wheat 0
151.0 278.9 236.4 350.8 214.7 376.6 129.3 304.7 wheat 0
31.6 273.1 120.8 291.2 110.9 340.2 21.7 322.1 wheat 0
170.0 208.7 245.2 272.0 217.7 304.6 142.5 241.3 wheat 0
115.7 178.6 167.7 178.6 167.7 214.6 115.7 214.6 wheat 0
176.9 155.0 149.8 183.0 99.5 134.2 126.7 106.2 wheat 0
232.1 83.5 276.9 88.0 270.4 152.7 225.6 148.2 wheat 0
269.6 157.6 315.4 171.8 307.7 196.6 261.9 182.4 wheat 0
328.9 187.1 383.3 216.9 364.6 251.1 310.2 221.4 wheat 0
417.6 274.2 382.3 281.4 365.9 200.0 401.1 192.9 wheat 0
477.4 212.5 510.8 246.9 482.1 274.8 448.7 240.3 wheat 0
427.7 160.6 412.7 173.3 383.1 138.3 398.2 125.5 wheat 0
281.4 7.8 315.8 51.1 298.7 64.6 264.4 21.3 wheat 0
437.7 65.6 408.5 90.3 357.4 29.6 386.7 5.0 wheat 0
546.7 121.6 527.2 132.3 496.7 76.6 516.3 65.9 wheat 0
619.8 106.7 655.7 151.9 639.7 164.6 603.9 119.4 wheat 0
683.7 119.6 655.9 138.6 627.8 97.5 655.6 78.5 wheat 0
837.7 2.9 878.4 66.3 846.7 86.6 806.0 23.2 wheat 0
870.1 202.2 920.8 223.6 908.3 253.1 857.7 231.6 wheat 0
823.5 483.3 780.2 501.6 768.9 474.9 812.2 456.6 wheat 0
