340.3 225.1 390.3 252.4 334.2 355.1 284.2 327.8 wheat 0
453.6 165.3 531.3 207.8 505.5 255.1 427.7 212.6 wheat 0
500.7 254.6 403.8 336.3 374.7 301.8 471.7 220.1 wheat 0
287.6 131.9 335.3 146.7 325.9 177.3 278.1 162.5 wheat 0
330.0 43.0 364.2 71.8 335.7 105.6 301.5 76.8 wheat 0
374.3 450.7 434.1 462.8 412.2 570.6 352.4 558.5 wheat 0
449.1 480.1 490.8 515.2 456.7 555.6 415.0 520.5 wheat 0
541.3 613.0 428.7 660.6 400.1 592.8 512.6 545.2 wheat 0
595.0 458.1 677.1 503.0 652.7 547.6 570.6 502.7 wheat 0
743.2 638.2 682.5 650.6 658.2 531.0 719.0 518.7 wheat 0
779.7 494.6 735.9 524.6 711.5 488.8 755.3 458.9 wheat 0
838.7 487.6 770.4 573.7 733.0 544.0 801.3 457.9 wheat 0
898.9 384.2 944.1 422.3 874.7 504.6 829.6 466.6 wheat 0
896.2 780.1 851.4 784.6 840.3 674.1 885.1 669.6 wheat 0
792.6 689.2 829.0 700.5 805.7 775.6 769.3 764.4 wheat 0
692.7 790.3 734.2 798.7 710.7 914.6 669.2 906.2 wheat 0
739.8 744.3 778.7 765.6 739.2 837.9 700.3 816.6 wheat 0
756.8 861.6 818.5 913.5 794.7 941.6 733.1 889.7 wheat 0
748.3 899.4 796.1 904.2 789.2 972.8 741.4 968.0 wheat 0
843.0 773.3 894.0 783.7 876.5 869.9 825.5 859.6 wheat 0
962.7 848.8 907.4 886.6 875.8 840.4 931.1 802.6 wheat 0
966.7 904.6 875.1 933.0 859.3 881.8 950.9 853.5 wheat 0
941.7 956.6 855.0 983.5 843.8 947.5 930.6 920.6 wheat 0
936.7 915.6 1023.7 915.6 1023.7 960.6 936.7 960.6 wheat 0
484.7 806.6 529.7 806.6 529.7 964.6 484.7 964.6 wheat 0
433.7 747.6 472.7 747.6 472.7 958.6 433.7 958.6 wheat 0
332.7 867.6 282.2 877.9 268.0 807.9 318.6 797.7 wheat 0
202.1 792.7 269.2 838.6 239.7 881.6 172.7 835.7 wheat 0
105.3 812.1 129.4 828.6 89.7 886.6 65.6 870.1 wheat 0
3.7 853.6 54.7 853.6 54.7 916.6 3.7 916.6 wheat 0
303.7 910.6 348.9 999.3 304.1 1022.1 259.0 933.4 wheat 0
281.8 621.2 307.0 642.4 278.7 676.1 253.4 654.8 wheat 0
177.5 642.5 204.2 647.9 193.7 699.6 167.0 694.2 wheat 0
4.7 541.6 113.7 541.6 113.7 591.6 4.7 591.6 wheat 0
143.7 485.6 195.7 485.6 195.7 521.6 143.7 521.6 wheat 0
80.1 280.3 133.8 285.7 119.4 429.0 65.7 423.6 wheat 0
145.5 141.5 229.8 158.5 222.0 196.8 137.7 179.7 wheat 0
229.8 132.2 269.5 165.7 245.7 194.0 205.9 160.5 wheat 0
203.7 67.6 230.7 67.6 230.7 132.6 203.7 132.6 wheat 0
726.7 171.6 694.5 193.7 672.9 162.1 705.2 140.1 wheat 0
740.9 46.3 790.0 73.1 742.6 160.0 693.4 133.1 wheat 0
822.7 272.6 777.8 281.7 751.4 151.2 796.3 142.1 wheat 0
871.7 199.6 914.7 199.6 914.7 339.6 871.7 339.6 wheat 0
806.4 260.9 880.7 354.6 852.6 377.0 778.2 283.3 wheat 0
876.5 0.9 926.5 43.0 841.7 143.6 791.7 101.5 wheat 0
603.4 509.9 635.7 523.5 615.0 572.3 582.8 558.7 wheat 0
