546.8 665.0 582.7 672.2 566.1 754.5 530.2 747.2 wheat 0
774.1 804.5 743.6 807.6 733.9 711.3 764.4 708.2 wheat 0
825.1 408.5 896.1 408.5 896.1 444.5 825.1 444.5 wheat 0
853.1 455.5 885.1 455.5 885.1 512.5 853.1 512.5 wheat 0
671.1 510.5 637.5 517.3 627.9 470.2 661.5 463.4 wheat 0
656.1 357.5 589.1 364.2 585.3 327.0 652.3 320.3 wheat 0
610.1 262.5 576.3 269.3 559.3 185.5 593.1 178.7 wheat 0
836.4 117.8 747.9 126.7 743.6 83.4 832.1 74.5 wheat 0
368.3 392.0 454.1 418.5 445.0 448.0 359.1 421.4 wheat 0
504.4 371.9 539.4 379.0 525.1 449.5 490.1 442.4 wheat 0
375.1 541.7 424.1 568.5 409.0 596.2 359.9 569.4 wheat 0
364.5 553.8 309.1 600.5 284.1 570.9 339.5 524.2 wheat 0
345.4 653.0 273.5 675.3 267.2 654.7 339.1 632.5 wheat 0
375.9 714.8 404.4 720.6 392.1 781.5 363.5 775.7 wheat 0
261.1 840.6 300.8 844.6 293.1 921.5 253.3 917.5 wheat 0
305.5 941.9 326.2 959.3 272.1 1023.5 251.4 1006.1 wheat 0
429.0 949.9 378.6 954.9 376.7 935.6 427.1 930.5 wheat 0
426.3 830.8 449.8 855.0 410.1 893.5 386.6 869.3 wheat 0
588.0 829.2 625.1 854.5 613.7 871.1 576.7 845.8 wheat 0
949.9 685.2 1005.2 690.7 1000.1 741.5 944.8 736.0 wheat 0
1011.1 816.5 984.6 824.7 957.3 736.2 983.7 728.0 wheat 0
907.1 673.5 869.9 677.2 865.1 630.2 902.3 626.5 wheat 0
795.9 482.9 862.1 489.5 859.4 516.4 793.2 509.7 wheat 0
887.1 285.5 924.1 285.5 924.1 343.5 887.1 343.5 wheat 0
645.1 60.5 717.1 109.8 689.3 150.5 617.3 101.2 wheat 0
508.1 248.5 472.9 255.6 461.2 197.6 496.3 190.5 wheat 0
128.1 298.5 90.7 330.0 51.2 283.1 88.6 251.6 wheat 0
48.2 552.0 95.1 591.5 71.1 620.0 24.2 580.5 wheat 0
165.4 550.3 156.1 604.5 133.1 600.5 142.4 546.3 wheat 0
121.1 710.5 49.4 749.7 37.7 728.3 109.4 689.1 wheat 0
105.5 846.2 7.9 876.4 -0.0 850.8 97.5 820.6 wheat 0
186.4 921.3 212.9 939.4 169.1 1003.5 142.6 985.4 wheat 0
853.4 861.6 897.1 906.5 877.0 926.0 833.4 881.0 wheat 0
940.1 100.5 884.1 117.8 875.1 89.0 931.1 71.6 wheat 0
