803.4 387.7 771.2 401.4 731.1 306.5 763.3 292.9 wheat 0
742.7 169.8 770.1 175.4 750.8 270.4 723.4 264.9 wheat 0
751.7 192.9 721.3 213.8 640.3 95.4 670.7 74.6 wheat 0
572.7 47.5 621.8 98.1 592.8 126.2 543.7 75.6 wheat 0
692.1 371.5 662.5 380.7 642.4 315.7 672.0 306.6 wheat 0
373.7 220.3 334.7 241.6 265.4 114.7 304.3 93.4 wheat 0
138.0 163.8 246.1 209.5 228.7 250.6 120.7 204.9 wheat 0
191.2 138.1 271.2 172.0 255.7 208.6 175.7 174.8 wheat 0
122.8 33.8 183.7 52.6 176.7 75.5 115.7 56.6 wheat 0
53.7 45.6 114.7 45.6 114.7 76.6 53.7 76.6 wheat 0
51.9 72.2 74.9 82.0 40.6 163.0 17.6 153.3 wheat 0
210.3 304.6 284.0 344.9 267.2 375.6 193.5 335.3 wheat 0
374.0 336.5 321.2 372.6 301.4 343.7 354.3 307.6 wheat 0
236.7 376.6 296.7 376.6 296.7 403.6 236.7 403.6 wheat 0
7.7 539.6 156.7 539.6 156.7 587.6 7.7 587.6 wheat 0
136.7 652.6 14.7 690.4 4.0 655.8 126.0 618.1 wheat 0
202.7 660.6 164.0 700.5 139.1 676.3 177.8 636.4 wheat 0
78.3 690.6 156.3 706.4 150.4 735.6 72.4 719.8 wheat 0
162.7 743.6 289.7 756.3 286.0 793.2 159.0 780.4 wheat 0
318.6 699.5 262.4 723.2 249.9 693.8 306.1 670.0 wheat 0
244.8 604.9 313.9 619.0 306.9 653.6 237.7 639.6 wheat 0
341.2 509.5 394.7 554.6 373.5 579.8 320.0 534.7 wheat 0
506.4 499.0 558.2 527.3 538.1 564.2 486.3 535.9 wheat 0
721.7 528.5 675.4 560.1 621.8 481.7 668.0 450.1 wheat 0
430.7 498.6 487.7 498.6 487.7 561.6 430.7 561.6 wheat 0
656.3 741.4 626.7 778.6 577.9 739.9 607.4 702.7 wheat 0
836.8 513.6 896.2 554.3 874.7 585.6 815.3 545.0 wheat 0
752.6 584.3 806.7 613.8 793.7 637.6 739.6 608.0 wheat 0
841.7 614.6 821.2 635.8 785.8 601.4 806.4 580.3 wheat 0
858.7 701.6 954.7 701.6 954.7 742.6 858.7 742.6 wheat 0
923.7 644.6 959.7 644.6 959.7 698.6 923.7 698.6 wheat 0
618.0 657.0 730.7 691.9 719.5 728.2 606.8 693.3 wheat 0
776.7 656.6 814.7 656.6 814.7 701.6 776.7 701.6 wheat 0
730.7 689.6 765.7 689.6 765.7 721.6 730.7 721.6 wheat 0
346.5 566.4 420.2 597.5 407.0 628.9 333.3 597.7 wheat 0
377.4 625.6 423.7 664.6 402.5 689.8 356.2 650.8 wheat 0
340.3 669.2 391.9 691.0 377.1 726.0 325.5 704.2 wheat 0
442.2 689.0 479.5 736.0 455.2 755.3 417.9 708.3 wheat 0
464.7 642.6 514.7 642.6 514.7 708.6 464.7 708.6 wheat 0
597.7 889.6 623.7 889.6 623.7 938.6 597.7 938.6 wheat 0
470.5 824.3 430.0 858.4 411.9 837.0 452.5 802.8 wheat 0
948.7 858.6 995.7 858.6 995.7 948.6 948.7 948.6 wheat 0
889.7 898.6 947.7 898.6 947.7 932.6 889.7 932.6 wheat 0
841.7 902.8 904.0 936.8 886.8 968.4 824.5 934.4 wheat 0
456.7 942.6 526.0 971.9 511.7 1005.6 442.4 976.3 wheat 0
417.3 928.7 368.7 969.6 348.3 945.3 396.8 904.4 wheat 0
281.2 943.8 209.6 965.9 199.2 932.5 270.9 910.3 wheat 0
82.7 889.6 165.7 889.6 165.7 925.6 82.7 925.6 wheat 0
96.2 919.5 188.2 969.8 163.0 1016.0 71.0 965.8 wheat 0
284.7 998.6 365.7 998.6 365.7 1021.6 284.7 1021.6 wheat 0
88.2 322.9 136.6 349.4 121.7 376.6 73.3 350.1 wheat 0
183.9 345.4 158.7 366.6 105.4 303.3 130.6 282.1 wheat 0
104.9 747.6 166.7 760.1 161.5 785.6 99.8 773.1 wheat 0
831.5 723.6 890.8 742.0 879.7 777.6 820.4 759.3 wheat 0
