525.1 531.5 463.5 544.0 445.4 454.6 506.9 442.1 wheat 0
551.5 486.4 639.1 513.5 625.0 559.0 537.4 531.9 wheat 0
771.1 613.5 725.6 684.4 676.4 652.8 721.9 582.0 wheat 0
820.1 804.5 886.1 804.5 886.1 905.5 820.1 905.5 wheat 0
909.1 785.5 951.1 785.5 951.1 825.5 909.1 825.5 wheat 0
949.1 239.5 1004.1 239.5 1004.1 358.5 949.1 358.5 wheat 0
835.1 255.5 908.1 255.5 908.1 296.5 835.1 296.5 wheat 0
887.1 375.5 810.7 407.8 788.1 354.5 864.5 322.2 wheat 0
734.1 98.5 789.1 98.5 789.1 201.5 734.1 201.5 wheat 0
824.1 113.5 893.1 113.5 893.1 173.5 824.1 173.5 wheat 0
901.1 71.5 952.1 71.5 952.1 118.5 901.1 118.5 wheat 0
516.1 75.5 569.1 75.5 569.1 119.5 516.1 119.5 wheat 0
533.1 204.5 588.1 204.5 588.1 274.5 533.1 274.5 wheat 0
662.8 285.9 601.4 319.5 579.3 279.1 640.8 245.5 wheat 0
593.1 335.5 634.1 335.5 634.1 375.5 593.1 375.5 wheat 0
570.1 313.5 537.1 336.1 486.5 262.1 519.5 239.6 wheat 0
539.1 374.5 495.1 383.4 476.7 292.5 520.6 283.6 wheat 0
517.1 589.5 478.0 622.4 446.2 584.7 485.3 551.8 wheat 0
498.1 727.5 466.9 744.5 444.8 704.2 476.0 687.2 wheat 0
471.1 763.5 562.1 763.5 562.1 816.5 471.1 816.5 wheat 0
578.1 729.5 633.1 729.5 633.1 796.5 578.1 796.5 wheat 0
556.1 808.5 604.1 808.5 604.1 857.5 556.1 857.5 wheat 0
514.1 848.5 583.1 848.5 583.1 917.5 514.1 917.5 wheat 0
371.1 919.5 438.1 919.5 438.1 993.5 371.1 993.5 wheat 0
472.1 947.5 534.2 947.5 534.2 1024.0 472.1 1024.0 wheat 0
627.1 947.5 716.1 947.5 716.1 992.5 627.1 992.5 wheat 0
722.1 886.5 779.1 886.5 779.1 969.5 722.1 969.5 wheat 0
47.1 862.5 93.1 862.5 93.1 940.5 47.1 940.5 wheat 0
144.1 890.5 185.1 890.5 185.1 934.5 144.1 934.5 wheat 0
235.1 910.5 290.1 910.5 290.1 959.5 235.1 959.5 wheat 0
209.1 532.5 267.8 532.5 267.8 595.7 209.1 595.7 wheat 0
335.1 448.5 291.7 466.8 266.8 408.0 310.2 389.7 wheat 0
227.1 309.5 291.1 309.5 291.1 364.5 227.1 364.5 wheat 0
293.0 353.9 370.1 369.5 360.7 415.6 283.7 399.9 wheat 0
262.1 418.5 219.8 431.6 204.5 382.1 246.8 369.0 wheat 0
235.1 433.5 284.1 433.5 284.1 492.5 235.1 492.5 wheat 0
186.1 493.5 136.3 527.5 83.6 450.5 133.4 416.5 wheat 0
95.1 393.5 152.1 393.5 152.1 452.5 95.1 452.5 wheat 0
87.1 505.5 49.1 526.2 14.3 462.5 52.2 441.8 wheat 0
91.1 196.5 156.1 196.5 156.1 277.5 91.1 277.5 wheat 0
251.1 234.5 206.6 272.0 150.5 205.3 194.9 167.9 wheat 0
96.8 104.6 200.1 136.5 181.8 195.5 78.6 163.6 wheat 0
224.7 82.2 297.1 112.8 276.1 162.5 203.7 131.9 wheat 0
254.1 57.5 316.1 57.5 316.1 122.5 254.1 122.5 wheat 0
364.1 11.5 426.1 11.5 426.1 72.5 364.1 72.5 wheat 0
199.3 0.0 252.1 0.0 252.1 57.5 199.3 57.5 wheat 0
789.1 829.5 706.0 846.3 694.2 788.1 777.3 771.3 wheat 0
362.1 532.5 417.8 532.5 417.8 590.7 362.1 590.7 wheat 0
291.1 644.5 334.1 644.5 334.1 680.5 291.1 680.5 wheat 0
35.7 758.0 79.1 794.5 47.2 832.3 3.9 795.8 wheat 0
667.1 230.5 590.9 254.1 576.5 207.8 652.7 184.2 wheat 0
622.1 123.5 677.1 123.5 677.1 206.5 622.1 206.5 wheat 0
