603.8 310.7 668.6 330.7 622.6 479.5 557.8 459.5 wheat 0
766.6 493.2 873.5 551.7 843.6 606.5 736.6 548.1 wheat 0
707.6 690.5 830.6 690.5 830.6 760.5 707.6 760.5 wheat 0
904.4 774.4 992.6 822.5 958.2 885.4 870.1 837.2 wheat 0
889.6 578.5 939.6 578.5 939.6 689.5 889.6 689.5 wheat 0
792.6 452.5 899.6 452.5 899.6 508.5 792.6 508.5 wheat 0
851.6 358.5 795.0 382.4 766.6 315.0 823.1 291.1 wheat 0
836.6 200.5 731.3 272.5 691.9 215.0 797.2 142.9 wheat 0
557.9 604.7 615.6 616.4 601.6 685.5 543.9 673.8 wheat 0
680.6 756.5 536.4 785.7 522.3 716.6 666.5 687.4 wheat 0
437.6 575.8 490.4 581.1 479.6 689.5 426.8 684.2 wheat 0
398.6 823.5 326.6 853.9 270.7 721.6 342.6 691.2 wheat 0
74.6 585.5 141.6 585.5 141.6 694.5 74.6 694.5 wheat 0
138.6 358.5 82.2 375.9 46.2 259.6 102.6 242.1 wheat 0
92.8 236.1 258.6 306.2 230.6 372.5 64.8 302.4 wheat 0
346.6 354.5 266.0 398.5 233.1 338.5 313.7 294.5 wheat 0
456.6 298.5 396.6 310.7 378.1 219.3 438.0 207.2 wheat 0
464.8 340.1 530.1 367.7 473.6 501.5 408.3 473.9 wheat 0
324.3 424.5 465.9 438.7 460.6 491.5 319.0 477.3 wheat 0
598.7 163.0 658.4 188.2 618.6 282.5 558.8 257.3 wheat 0
719.6 171.5 657.0 198.0 631.4 137.5 694.0 111.1 wheat 0
730.9 104.2 782.8 132.5 756.6 180.5 704.7 152.2 wheat 0
415.4 152.5 376.6 192.5 305.6 123.6 344.4 83.6 wheat 0
289.6 201.5 240.8 206.4 229.7 95.2 278.4 90.3 wheat 0
98.7 103.1 176.7 127.2 155.6 195.5 77.6 171.4 wheat 0
184.6 471.5 245.6 471.5 245.6 522.5 184.6 522.5 wheat 0
295.6 516.5 258.6 524.0 240.6 434.9 277.5 427.5 wheat 0
205.6 588.5 159.6 607.9 118.5 510.7 164.4 491.3 wheat 0
126.6 557.5 75.7 573.2 55.1 506.7 106.0 490.9 wheat 0
345.6 532.5 409.6 532.5 409.6 585.5 345.6 585.5 wheat 0
642.0 399.9 702.8 412.3 691.1 470.1 630.3 457.8 wheat 0
630.2 838.9 735.6 871.5 722.2 914.7 616.9 882.1 wheat 0
664.2 920.8 610.6 957.5 571.0 899.7 624.7 863.0 wheat 0
739.0 943.8 697.6 986.5 634.3 925.0 675.7 882.3 wheat 0
831.6 47.5 886.6 47.5 886.6 103.5 831.6 103.5 wheat 0
924.6 36.5 986.6 36.5 986.6 87.5 924.6 87.5 wheat 0
448.6 2.5 510.6 2.5 510.6 49.5 448.6 49.5 wheat 0
