173.1 144.1 275.1 144.1 275.1 174.1 173.1 174.1 wheat 0
1.1 329.1 64.1 329.1 64.1 428.1 1.1 428.1 wheat 0
412.1 457.1 499.1 457.1 499.1 525.1 412.1 525.1 wheat 0
144.1 901.1 205.1 901.1 205.1 966.1 144.1 966.1 wheat 0
872.1 542.1 952.1 542.1 952.1 606.1 872.1 606.1 wheat 0
799.1 70.1 873.1 70.1 873.1 101.1 799.1 101.1 wheat 0
693.1 611.1 762.1 611.1 762.1 687.1 693.1 687.1 wheat 0
519.1 506.1 590.1 506.1 590.1 574.1 519.1 574.1 wheat 0
164.1 565.1 253.1 565.1 253.1 632.1 164.1 632.1 wheat 0
273.1 435.1 342.1 435.1 342.1 523.1 273.1 523.1 wheat 0
787.1 724.1 902.1 724.1 902.1 783.1 787.1 783.1 wheat 0
553.1 866.1 597.1 866.1 597.1 932.1 553.1 932.1 wheat 0
633.1 880.1 694.1 880.1 694.1 928.1 633.1 928.1 wheat 0
896.1 950.1 992.1 950.1 992.1 1014.1 896.1 1014.1 wheat 0
471.1 929.1 556.1 929.1 556.1 971.1 471.1 971.1 wheat 0
301.1 839.1 374.1 839.1 374.1 911.1 301.1 911.1 wheat 0
192.1 825.1 270.1 825.1 270.1 889.1 192.1 889.1 wheat 0
360.1 41.1 426.1 41.1 426.1 89.1 360.1 89.1 wheat 0
855.1 469.1 935.1 469.1 935.1 533.1 855.1 533.1 wheat 0
27.1 589.1 82.1 589.1 82.1 643.1 27.1 643.1 wheat 0
