888.3 590.8 988.1 693.5 946.0 734.4 846.2 631.7 wheat 0
954.1 268.5 1024.0 268.5 1024.0 369.3 954.1 369.3 wheat 0
934.1 115.5 1014.1 115.5 1014.1 173.5 934.1 173.5 wheat 0
808.1 101.5 885.1 101.5 885.1 194.5 808.1 194.5 wheat 0
831.1 945.5 777.3 950.9 760.6 784.7 814.4 779.3 wheat 0
280.9 523.1 372.0 551.3 353.1 612.5 261.9 584.3 wheat 0
156.1 473.5 202.1 473.5 202.1 557.5 156.1 557.5 wheat 0
0.0 340.5 58.1 340.5 58.1 436.4 0.0 436.4 wheat 0
243.0 94.8 148.1 192.5 104.2 149.9 199.1 52.2 wheat 0
223.1 218.5 284.1 218.5 284.1 278.5 223.1 278.5 wheat 0
47.1 705.5 118.1 705.5 118.1 829.5 47.1 829.5 wheat 0
132.1 861.5 198.1 861.5 198.1 934.5 132.1 934.5 wheat 0
