272.1 883.5 429.1 883.5 429.1 944.5 272.1 944.5 wheat 0
519.1 797.5 427.5 836.2 403.0 778.3 494.6 739.5 wheat 0
568.1 762.5 481.3 771.2 475.0 707.9 561.7 699.2 wheat 0
587.9 573.6 752.9 643.4 724.1 711.5 559.1 641.8 wheat 0
730.8 647.4 890.1 781.5 839.0 842.1 679.7 708.0 wheat 0
859.1 734.5 796.7 760.9 750.6 651.8 813.0 625.5 wheat 0
853.1 860.5 812.4 882.7 748.4 765.6 789.1 743.4 wheat 0
814.1 864.7 852.7 904.4 797.1 958.5 758.5 918.8 wheat 0
691.6 406.1 881.6 444.6 868.1 511.5 678.0 473.0 wheat 0
889.1 343.5 653.0 367.2 645.1 288.3 881.1 264.6 wheat 0
552.1 193.5 778.1 193.5 778.1 258.5 552.1 258.5 wheat 0
568.1 71.5 757.1 71.5 757.1 156.5 568.1 156.5 wheat 0
414.9 128.3 325.9 189.2 291.3 138.6 380.3 77.8 wheat 0
26.1 49.5 156.1 49.5 156.1 108.5 26.1 108.5 wheat 0
101.7 74.1 213.6 108.7 195.1 168.5 83.2 133.9 wheat 0
169.1 413.5 97.3 420.7 88.1 329.1 159.9 321.9 wheat 0
32.2 424.1 149.1 473.5 124.8 530.9 7.9 481.5 wheat 0
101.1 562.5 54.3 577.0 27.0 488.7 73.8 474.3 wheat 0
286.6 481.1 402.1 504.5 387.8 574.8 272.3 551.4 wheat 0
470.1 461.5 325.2 506.3 305.6 443.2 450.5 398.4 wheat 0
359.6 369.0 497.1 411.5 484.4 452.4 347.0 409.9 wheat 0
464.7 481.8 594.1 536.5 574.7 582.2 445.3 527.5 wheat 0
690.1 543.5 637.4 572.3 601.0 505.6 653.6 476.8 wheat 0
654.1 525.6 737.1 595.5 700.8 638.6 617.8 568.7 wheat 0
856.1 597.5 806.6 618.4 772.7 538.2 822.1 517.3 wheat 0
851.1 495.5 1023.1 495.5 1023.1 544.5 851.1 544.5 wheat 0
246.2 642.5 340.1 661.5 330.3 709.6 236.4 690.6 wheat 0
140.1 776.5 39.1 807.8 20.9 748.9 121.9 717.7 wheat 0
309.1 432.5 226.5 458.1 207.7 397.2 290.2 371.6 wheat 0
