336.6 419.5 230.4 464.4 207.3 409.9 313.5 365.0 wheat 0
269.6 311.5 136.2 367.9 113.5 314.2 246.9 257.9 wheat 0
315.6 193.5 219.3 234.2 189.5 163.7 285.7 123.0 wheat 0
159.6 114.5 76.2 171.6 40.5 119.4 123.9 62.4 wheat 0
186.0 5.2 213.0 47.2 145.6 90.5 118.6 48.5 wheat 0
182.6 772.5 309.6 772.5 309.6 830.5 182.6 830.5 wheat 0
154.9 824.3 240.4 871.0 215.6 916.5 130.1 869.8 wheat 0
138.0 863.2 192.8 886.4 152.6 981.5 97.8 958.3 wheat 0
2.6 836.5 70.6 836.5 70.6 1009.5 2.6 1009.5 wheat 0
73.0 659.5 161.0 686.7 145.6 736.5 57.6 709.3 wheat 0
110.0 522.1 173.2 535.0 159.6 602.5 96.3 589.7 wheat 0
173.6 441.5 70.6 451.8 65.1 396.6 168.0 386.3 wheat 0
128.6 472.5 85.3 496.1 55.8 442.1 99.1 418.5 wheat 0
102.6 602.5 56.9 621.8 21.3 537.5 66.9 518.2 wheat 0
16.6 593.5 86.6 593.5 86.6 661.5 16.6 661.5 wheat 0
