947.1 417.5 899.8 427.1 881.7 337.9 929.0 328.3 wheat 0
890.6 141.1 932.5 145.3 924.1 229.5 882.2 225.3 wheat 0
538.6 283.6 597.1 289.5 591.9 341.2 533.4 335.3 wheat 0
467.1 338.5 399.8 352.1 377.5 242.2 444.8 228.6 wheat 0
418.1 206.5 377.8 234.0 336.1 173.0 376.3 145.5 wheat 0
252.1 159.5 206.3 173.7 184.5 103.0 230.2 88.9 wheat 0
323.1 494.5 266.5 506.0 250.7 427.7 307.2 416.2 wheat 0
518.1 415.5 446.0 422.7 437.5 338.0 509.6 330.8 wheat 0
948.1 669.5 1005.1 669.5 1005.1 764.5 948.1 764.5 wheat 0
926.1 596.5 973.1 596.5 973.1 677.5 926.1 677.5 wheat 0
319.1 676.5 275.9 706.0 219.2 623.0 262.3 593.5 wheat 0
352.1 628.5 313.0 661.4 257.6 595.7 296.7 562.8 wheat 0
538.1 869.5 440.1 879.3 434.2 821.1 532.2 811.3 wheat 0
357.1 868.5 315.3 886.2 289.9 826.0 331.6 808.3 wheat 0
193.0 824.2 271.1 904.5 237.8 936.9 159.7 856.5 wheat 0
904.1 131.5 873.9 152.2 839.8 102.4 870.0 81.7 wheat 0
