219.6 123.5 288.6 123.5 288.6 230.5 219.6 230.5 wheat 0
531.6 62.1 617.4 88.7 559.6 275.5 473.8 249.0 wheat 0
638.6 361.5 558.1 395.5 504.3 268.1 584.7 234.1 wheat 0
686.6 390.6 873.7 409.4 864.6 500.5 677.5 481.7 wheat 0
1000.4 451.4 938.6 477.5 908.2 405.7 970.1 379.6 wheat 0
892.4 232.3 958.2 268.3 898.6 377.5 832.7 341.5 wheat 0
872.6 263.5 811.5 269.6 798.5 140.3 859.6 134.1 wheat 0
922.6 100.5 850.8 130.8 825.1 69.8 896.8 39.5 wheat 0
917.6 43.5 1022.6 43.5 1022.6 134.5 917.6 134.5 wheat 0
788.6 366.5 718.4 388.2 693.5 307.7 763.6 286.0 wheat 0
508.6 465.5 445.8 478.2 429.6 398.4 492.4 385.7 wheat 0
334.6 326.6 419.2 343.7 381.6 529.5 296.9 512.4 wheat 0
372.6 497.5 216.1 658.6 167.7 611.7 324.2 450.5 wheat 0
273.6 549.5 162.8 663.6 122.4 624.4 233.2 510.4 wheat 0
698.6 582.5 560.9 610.4 546.2 537.7 683.8 509.8 wheat 0
867.6 683.5 713.0 699.0 706.7 636.2 861.2 620.7 wheat 0
1001.6 593.5 940.1 619.5 916.7 564.1 978.1 538.1 wheat 0
833.6 665.6 892.2 690.4 859.6 767.5 801.0 742.7 wheat 0
860.6 757.5 911.6 757.5 911.6 834.5 860.6 834.5 wheat 0
514.5 681.8 576.1 707.8 541.6 789.5 480.0 763.5 wheat 0
619.2 882.5 678.8 907.7 647.6 981.5 588.0 956.3 wheat 0
439.6 923.5 286.2 1007.3 257.5 954.8 410.9 871.0 wheat 0
