465.8 544.8 706.6 569.0 701.1 624.5 460.2 600.3 wheat 0
707.0 603.5 919.1 646.5 909.0 696.0 697.0 653.0 wheat 0
712.1 686.5 545.5 703.2 542.2 671.0 708.8 654.3 wheat 0
592.1 819.5 311.7 847.6 305.0 780.8 585.4 752.6 wheat 0
439.9 727.8 576.1 741.5 572.5 777.5 436.2 763.8 wheat 0
803.1 807.5 587.3 829.2 581.6 772.1 797.3 750.4 wheat 0
333.2 940.1 612.1 940.1 612.1 1013.5 333.2 1013.5 wheat 0
648.9 212.9 815.7 304.1 775.1 378.5 608.2 287.3 wheat 0
940.1 225.5 784.3 273.7 771.7 233.2 927.5 185.0 wheat 0
821.2 41.9 678.9 161.8 643.6 119.9 785.9 -0.0 wheat 0
