261.1 544.4 309.6 577.6 185.7 758.6 137.2 725.4 wheat 0
224.2 792.0 181.2 805.3 168.2 763.2 211.2 749.9 wheat 0
516.3 513.9 399.3 634.4 359.1 595.4 476.2 474.8 wheat 0
501.1 612.0 442.6 672.3 402.4 633.2 460.9 573.0 wheat 0
707.4 542.0 637.7 563.6 627.0 529.2 696.8 507.6 wheat 0
805.7 596.6 695.9 735.1 638.8 689.8 748.7 551.3 wheat 0
822.6 721.9 709.9 756.8 696.4 713.1 809.1 678.2 wheat 0
504.4 730.0 560.8 747.4 546.0 795.2 489.7 777.8 wheat 0
372.3 802.1 554.1 858.3 536.7 914.6 354.9 858.4 wheat 0
670.9 883.1 592.6 916.2 573.6 871.1 651.8 838.0 wheat 0
328.7 874.5 435.8 907.6 418.7 962.6 311.7 929.5 wheat 0
1001.0 807.0 832.9 823.9 827.5 770.2 995.6 753.3 wheat 0
955.6 648.8 1023.2 685.7 994.9 737.5 927.3 700.5 wheat 0
967.1 873.5 1022.1 930.1 983.4 967.8 928.3 911.1 wheat 0
831.4 977.3 747.8 985.7 744.1 948.9 827.7 940.5 wheat 0
672.7 986.6 770.3 986.6 770.3 1024.0 672.7 1024.0 wheat 0
667.9 322.9 615.7 376.6 577.2 339.2 629.4 285.5 wheat 0
794.4 283.6 729.6 350.3 698.1 319.6 762.9 252.9 wheat 0
628.7 175.6 708.7 175.6 708.7 218.6 628.7 218.6 wheat 0
417.5 32.5 577.7 48.6 572.6 99.7 412.4 83.6 wheat 0
530.7 137.6 379.5 168.3 368.8 115.9 520.1 85.2 wheat 0
363.8 120.2 301.7 139.4 264.7 20.0 326.8 0.8 wheat 0
138.0 144.1 307.6 178.5 294.5 243.1 124.9 208.8 wheat 0
176.1 265.9 129.6 291.3 98.4 234.3 144.9 208.9 wheat 0
428.7 241.6 486.6 259.5 474.1 299.8 416.3 281.9 wheat 0
961.2 183.7 922.7 195.6 910.2 155.0 948.7 143.1 wheat 0
895.7 61.6 843.8 97.1 819.7 61.9 871.6 26.4 wheat 0
635.3 125.3 556.9 141.2 550.2 107.9 628.6 92.0 wheat 0
