277.9 317.4 320.8 361.6 222.1 457.5 179.1 413.3 wheat 0
386.1 181.5 328.0 241.3 287.4 201.8 345.4 142.0 wheat 0
505.1 4.5 578.1 4.5 578.1 74.5 505.1 74.5 wheat 0
642.8 102.9 738.0 132.4 723.1 180.5 627.9 151.1 wheat 0
556.1 169.5 618.1 169.5 618.1 230.5 556.1 230.5 wheat 0
701.5 259.4 744.7 288.9 671.1 396.5 627.9 367.0 wheat 0
861.1 82.5 809.0 98.6 795.3 54.3 847.4 38.2 wheat 0
960.1 102.5 916.4 116.0 902.4 71.1 946.2 57.5 wheat 0
872.5 109.4 926.2 114.8 922.1 156.5 868.3 151.1 wheat 0
957.1 261.5 915.6 279.0 883.0 202.1 924.5 184.6 wheat 0
848.0 369.5 877.7 400.1 833.1 443.5 803.3 412.9 wheat 0
1021.1 469.5 862.3 501.7 850.6 444.3 1009.4 412.1 wheat 0
947.0 615.9 1004.9 640.4 979.1 701.5 921.1 677.0 wheat 0
769.1 542.5 688.6 558.8 678.3 507.9 758.7 491.6 wheat 0
811.1 646.5 697.2 657.9 691.7 603.0 805.6 591.6 wheat 0
683.1 640.5 603.9 665.0 589.9 619.4 669.0 595.0 wheat 0
676.3 743.2 787.1 777.5 772.1 825.9 661.3 791.7 wheat 0
839.1 780.5 792.5 806.0 754.4 736.2 801.0 710.8 wheat 0
876.1 739.7 922.0 764.8 868.1 863.5 822.2 838.4 wheat 0
914.9 861.4 999.1 861.4 999.1 921.5 914.9 921.5 wheat 0
742.1 888.5 653.9 897.4 648.2 840.6 736.4 831.8 wheat 0
524.1 679.5 462.3 692.0 447.9 621.1 509.7 608.6 wheat 0
453.1 526.5 406.2 536.0 382.5 418.8 429.3 409.3 wheat 0
521.1 582.5 419.5 603.1 406.7 540.0 508.3 519.4 wheat 0
127.5 426.7 132.1 490.5 4.5 499.6 0.0 435.7 wheat 0
186.7 584.0 292.1 628.5 269.4 682.1 164.0 637.5 wheat 0
317.1 594.5 236.4 602.6 230.9 547.3 311.5 539.2 wheat 0
365.1 757.5 295.6 771.6 282.9 708.8 352.3 694.7 wheat 0
3.1 599.5 71.1 599.5 71.1 662.5 3.1 662.5 wheat 0
193.6 714.1 267.1 828.5 216.7 860.9 143.2 746.4 wheat 0
404.1 857.5 280.4 942.1 249.3 896.7 373.0 812.0 wheat 0
333.1 1006.5 240.5 1015.8 234.3 953.7 326.8 944.4 wheat 0
193.1 945.5 127.4 958.8 118.1 912.9 183.8 899.6 wheat 0
61.1 796.1 130.3 843.4 96.1 893.5 26.9 846.2 wheat 0
465.9 704.9 524.5 710.8 519.1 764.5 460.6 758.6 wheat 0
603.1 541.5 528.0 564.7 514.5 521.0 589.5 497.8 wheat 0
556.8 380.1 660.9 436.9 631.1 491.5 527.0 434.6 wheat 0
386.2 328.7 439.7 345.3 417.1 418.5 363.5 402.0 wheat 0
