505.3 465.4 674.6 533.0 659.8 570.1 490.5 502.5 wheat 0
512.0 405.3 616.0 492.9 591.5 522.0 487.5 434.3 wheat 0
546.3 432.9 511.0 443.8 494.1 389.4 529.5 378.4 wheat 0
568.7 333.6 604.7 333.6 604.7 462.6 568.7 462.6 wheat 0
597.7 268.7 623.6 295.4 565.7 351.6 539.8 324.9 wheat 0
519.0 276.3 586.6 283.1 583.3 315.4 515.7 308.6 wheat 0
455.6 360.9 349.7 405.6 333.5 367.2 439.3 322.4 wheat 0
193.3 330.6 298.1 387.8 280.7 419.6 176.0 362.4 wheat 0
241.5 436.4 323.2 492.3 299.0 527.8 217.2 471.9 wheat 0
200.2 455.7 296.1 521.4 275.7 551.3 179.7 485.6 wheat 0
87.9 393.1 150.2 427.1 130.6 463.1 68.3 429.1 wheat 0
62.1 419.6 154.0 482.4 128.6 519.5 36.7 456.6 wheat 0
96.5 279.0 83.1 336.4 48.0 328.3 61.4 270.8 wheat 0
22.5 280.6 104.8 315.4 85.7 360.6 3.4 325.8 wheat 0
96.1 202.7 203.6 276.3 180.7 309.6 73.3 236.1 wheat 0
195.3 266.6 320.0 291.9 310.7 337.6 186.0 312.3 wheat 0
53.0 98.3 123.2 146.3 99.5 180.9 29.3 133.0 wheat 0
105.8 31.3 177.6 80.4 156.7 110.9 84.9 61.8 wheat 0
174.8 87.6 271.4 140.4 252.7 174.6 156.1 121.9 wheat 0
302.6 198.5 344.7 251.6 316.3 274.2 274.2 221.0 wheat 0
410.6 89.2 475.8 124.8 456.7 159.6 391.6 124.0 wheat 0
400.7 21.6 440.7 21.6 440.7 69.6 400.7 69.6 wheat 0
558.7 90.4 637.3 144.2 615.7 175.6 537.1 121.8 wheat 0
677.6 149.8 735.7 198.8 709.9 229.4 651.8 180.4 wheat 0
708.5 199.1 807.3 266.7 784.7 299.6 686.0 232.0 wheat 0
741.4 291.2 790.4 341.6 765.7 365.6 716.7 315.2 wheat 0
780.6 375.6 820.7 383.7 792.7 521.6 752.6 513.5 wheat 0
796.5 454.1 892.1 506.3 872.0 543.2 776.3 490.9 wheat 0
898.8 554.5 877.8 561.0 852.7 479.8 873.7 473.3 wheat 0
898.6 571.0 981.5 606.0 962.8 650.2 879.9 615.2 wheat 0
698.2 629.7 806.9 659.8 794.5 704.7 685.7 674.6 wheat 0
811.7 164.6 876.3 208.8 856.2 238.1 791.7 193.9 wheat 0
912.7 280.6 971.0 340.6 943.8 367.1 885.5 307.0 wheat 0
956.0 180.9 1021.5 236.1 995.7 266.6 930.2 211.5 wheat 0
843.1 41.3 901.7 81.4 877.4 116.9 818.8 76.8 wheat 0
789.0 2.4 854.7 9.0 850.4 51.8 784.8 45.2 wheat 0
745.2 694.7 820.3 746.1 796.7 780.6 721.6 729.2 wheat 0
713.4 713.3 756.7 731.7 693.7 880.6 650.4 862.3 wheat 0
615.8 607.8 671.0 645.7 650.7 675.4 595.4 637.6 wheat 0
599.2 648.7 633.0 671.9 609.3 706.5 575.5 683.4 wheat 0
457.1 632.4 554.5 642.2 549.7 689.6 452.3 679.8 wheat 0
399.8 561.5 446.7 634.6 415.9 654.4 368.9 581.3 wheat 0
428.2 552.8 363.3 572.9 353.2 540.4 418.2 520.3 wheat 0
346.7 519.6 374.7 519.6 374.7 565.6 346.7 565.6 wheat 0
372.8 624.8 441.2 671.5 424.7 695.6 356.4 648.8 wheat 0
233.4 675.2 328.7 684.8 323.7 734.6 228.4 725.0 wheat 0
237.7 681.6 106.0 722.4 93.3 681.4 225.1 640.6 wheat 0
367.7 814.6 332.2 829.6 296.1 744.1 331.6 729.1 wheat 0
90.2 722.7 170.8 730.8 166.2 776.5 85.6 768.5 wheat 0
159.2 808.9 259.7 863.8 241.7 896.6 141.2 841.7 wheat 0
187.4 874.8 283.9 904.7 269.1 952.4 172.6 922.6 wheat 0
459.7 945.7 384.1 953.3 379.8 910.5 455.4 902.9 wheat 0
264.2 969.3 347.3 995.0 340.2 1017.9 257.1 992.2 wheat 0
500.6 976.1 466.7 1004.6 428.1 958.7 461.9 930.1 wheat 0
526.4 909.0 586.7 950.2 574.0 968.8 513.7 927.6 wheat 0
533.2 850.4 618.8 859.0 614.3 903.8 528.7 895.2 wheat 0
648.1 962.8 685.4 974.4 672.4 1016.4 635.1 1004.9 wheat 0
5.9 917.8 63.6 923.6 59.6 963.4 1.9 957.6 wheat 0
603.0 10.4 650.7 50.6 634.1 70.4 586.3 30.2 wheat 0
