478.6 751.2 544.9 779.3 528.9 817.0 462.6 789.0 wheat 0
525.2 743.8 598.3 766.4 587.7 800.6 514.6 778.0 wheat 0
878.8 789.6 935.4 828.3 916.7 855.6 860.1 816.9 wheat 0
945.2 828.0 994.9 862.0 976.7 888.6 927.0 854.6 wheat 0
895.5 916.9 867.4 932.3 843.9 889.3 872.0 873.9 wheat 0
697.5 792.1 749.3 797.3 746.0 830.1 694.2 824.9 wheat 0
733.2 803.0 703.3 806.0 698.3 756.2 728.2 753.2 wheat 0
721.8 650.9 773.7 694.6 757.5 713.9 705.5 670.2 wheat 0
730.0 685.3 787.3 733.5 762.7 762.6 705.5 714.4 wheat 0
913.2 788.5 875.4 792.3 868.3 721.7 906.1 717.9 wheat 0
823.4 688.6 877.1 743.9 852.7 767.6 799.0 712.3 wheat 0
492.4 866.3 564.2 888.5 552.7 925.6 480.9 903.4 wheat 0
290.7 722.2 354.5 765.8 330.7 800.6 266.9 757.0 wheat 0
268.4 767.4 312.5 776.3 308.1 797.9 264.0 788.9 wheat 0
237.3 695.3 302.2 715.4 292.2 747.9 227.2 727.8 wheat 0
476.1 660.0 549.7 667.4 547.4 691.2 473.7 683.9 wheat 0
464.1 647.5 512.0 680.3 497.3 701.7 449.5 669.0 wheat 0
781.6 538.6 834.5 549.3 827.9 581.7 775.0 570.9 wheat 0
854.4 502.1 936.7 510.4 933.7 539.6 851.4 531.4 wheat 0
834.6 477.1 892.9 495.2 885.8 518.1 827.6 500.1 wheat 0
568.9 446.4 643.7 469.5 634.7 498.6 559.9 475.5 wheat 0
442.0 431.2 508.8 444.8 502.7 474.6 435.9 461.1 wheat 0
480.5 470.3 525.4 516.5 504.7 536.6 459.8 490.3 wheat 0
370.3 466.8 431.0 500.0 413.6 531.9 352.8 498.7 wheat 0
295.7 465.4 344.9 506.8 330.7 523.6 281.5 482.2 wheat 0
274.2 513.6 350.1 545.6 332.7 586.6 256.9 554.6 wheat 0
167.7 844.9 237.7 859.1 229.7 898.6 159.7 884.4 wheat 0
152.7 912.4 237.0 929.5 230.8 959.8 146.5 942.8 wheat 0
295.0 948.1 237.7 965.8 228.5 936.2 285.8 918.4 wheat 0
241.2 950.7 309.0 971.7 301.3 996.5 233.5 975.5 wheat 0
167.8 956.8 214.6 971.3 208.7 990.4 161.9 975.9 wheat 0
81.4 728.7 125.3 773.9 103.1 795.5 59.2 750.3 wheat 0
90.4 425.9 183.8 465.4 172.7 491.6 79.3 452.1 wheat 0
73.6 460.0 148.9 491.8 133.7 527.6 58.5 495.8 wheat 0
283.3 330.2 353.8 378.3 333.7 407.6 263.3 359.4 wheat 0
375.2 235.1 436.3 276.9 414.3 309.1 353.2 267.3 wheat 0
72.9 349.5 136.6 362.4 129.6 396.7 65.9 383.8 wheat 0
102.8 328.8 136.0 342.8 124.7 369.5 91.5 355.5 wheat 0
75.5 268.8 170.7 288.1 163.7 322.6 68.5 303.3 wheat 0
70.5 200.3 146.5 252.3 128.9 277.9 53.0 225.9 wheat 0
189.5 157.5 246.7 196.6 225.9 227.1 168.7 188.0 wheat 0
110.7 133.6 206.7 133.6 206.7 172.6 110.7 172.6 wheat 0
207.7 154.6 244.0 165.9 235.8 192.6 199.4 181.4 wheat 0
290.8 175.8 388.3 185.6 384.7 221.4 287.2 211.6 wheat 0
291.6 93.0 344.1 121.7 333.7 140.6 281.3 111.9 wheat 0
317.4 126.7 359.5 155.5 343.1 179.5 301.0 150.7 wheat 0
482.8 154.9 579.3 164.5 575.6 201.4 479.1 191.7 wheat 0
380.2 57.6 428.7 107.6 407.0 128.7 358.5 78.7 wheat 0
112.7 84.6 86.5 106.7 17.4 24.6 43.6 2.5 wheat 0
14.0 56.7 62.7 71.8 54.5 98.5 5.7 83.5 wheat 0
566.8 120.1 626.6 145.4 615.7 171.2 555.8 145.9 wheat 0
744.6 236.1 793.7 286.6 772.8 306.9 723.7 256.4 wheat 0
799.3 355.6 860.7 397.6 845.0 420.6 783.6 378.5 wheat 0
816.6 307.9 880.8 335.0 865.7 370.6 801.5 343.5 wheat 0
891.8 294.3 966.5 335.1 948.7 367.6 874.0 326.8 wheat 0
1017.7 421.6 987.5 431.0 970.2 375.0 1000.4 365.6 wheat 0
943.7 194.6 909.2 205.3 886.9 133.3 921.5 122.6 wheat 0
810.7 117.6 774.6 128.8 756.4 70.1 792.6 58.9 wheat 0
735.6 22.0 782.7 61.6 758.5 90.4 711.4 50.8 wheat 0
468.1 -1.9 503.5 22.4 488.9 43.8 453.4 19.5 wheat 0
1011.3 173.3 973.5 189.3 937.7 104.6 975.4 88.6 wheat 0
875.9 45.5 914.9 78.4 893.0 104.4 854.0 71.5 wheat 0
897.8 26.6 942.2 63.9 924.1 85.3 879.8 48.0 wheat 0
967.0 40.6 1003.0 86.0 978.5 105.4 942.5 60.1 wheat 0
964.6 30.8 1023.1 42.7 1017.0 73.0 958.4 61.1 wheat 0
