806.0 188.9 870.1 219.9 700.7 570.6 636.6 539.6 wheat 0
877.7 485.6 646.4 680.5 618.7 647.6 850.1 452.8 wheat 0
879.5 457.9 1023.7 556.6 1000.3 590.9 856.0 492.3 wheat 0
1020.7 655.5 727.8 762.4 716.9 732.5 1009.7 625.6 wheat 0
1022.1 723.9 756.4 777.8 748.0 736.5 1013.7 682.6 wheat 0
638.1 808.2 759.3 891.2 735.7 925.6 614.5 842.7 wheat 0
679.3 884.2 710.7 923.7 584.7 1023.6 553.4 984.1 wheat 0
489.7 821.6 441.7 839.1 361.8 620.0 409.8 602.5 wheat 0
375.9 465.5 431.8 482.8 330.7 809.6 274.8 792.3 wheat 0
670.2 300.6 479.0 461.7 444.5 420.7 635.7 259.6 wheat 0
543.1 0.0 601.5 5.9 570.7 312.6 512.3 306.8 wheat 0
626.7 394.2 591.9 397.7 565.8 138.0 600.6 134.5 wheat 0
738.1 255.9 689.9 276.3 617.5 105.0 665.7 84.6 wheat 0
759.6 10.6 795.1 34.9 722.7 140.6 687.3 116.4 wheat 0
844.6 58.7 1023.7 156.6 1001.3 197.6 822.2 99.7 wheat 0
863.7 5.2 1021.8 72.1 998.7 126.6 840.6 59.8 wheat 0
673.7 738.6 643.3 759.4 482.2 523.9 512.6 503.0 wheat 0
228.7 783.6 186.7 806.6 98.8 645.8 140.9 622.8 wheat 0
169.1 445.7 202.9 464.2 114.7 625.6 80.9 607.1 wheat 0
109.7 723.9 72.7 727.6 34.5 346.1 71.4 342.4 wheat 0
281.8 296.7 81.2 358.8 69.7 321.5 270.3 259.5 wheat 0
462.7 470.6 412.0 505.3 178.1 163.5 228.9 128.8 wheat 0
110.2 207.8 413.5 238.2 409.7 275.6 106.4 245.2 wheat 0
514.7 175.6 297.8 242.7 283.7 197.0 500.6 129.9 wheat 0
404.0 75.0 443.5 83.0 393.7 328.6 354.2 320.6 wheat 0
498.7 82.6 138.6 129.7 132.3 81.8 492.5 34.7 wheat 0
81.7 7.6 128.7 7.6 128.7 159.6 81.7 159.6 wheat 0
134.3 2.0 320.5 39.8 315.2 66.2 128.9 28.5 wheat 0
124.2 777.7 396.7 926.6 379.6 958.0 107.0 809.1 wheat 0
40.2 797.3 321.1 825.5 317.7 858.6 36.9 830.4 wheat 0
374.9 912.1 78.9 950.8 73.1 906.4 369.1 867.7 wheat 0
167.7 951.6 55.6 1012.9 38.2 981.0 150.3 919.8 wheat 0
506.5 246.9 532.3 264.6 431.7 411.6 405.9 393.9 wheat 0
326.7 987.2 211.0 1023.0 200.5 988.8 316.2 953.1 wheat 0
