323.1 119.1 414.6 119.1 414.6 190.5 323.1 190.5 wheat 0
499.1 98.1 563.1 98.1 563.1 164.1 499.1 164.1 wheat 0
594.1 127.1 649.1 127.1 649.1 193.1 594.1 193.1 wheat 0
533.1 28.1 614.1 28.1 614.1 102.1 533.1 102.1 wheat 0
644.1 81.1 796.1 81.1 796.1 124.1 644.1 124.1 wheat 0
878.1 69.1 961.1 69.1 961.1 138.1 878.1 138.1 wheat 0
7.1 402.1 84.1 402.1 84.1 463.1 7.1 463.1 wheat 0
36.1 555.1 94.1 555.1 94.1 610.1 36.1 610.1 wheat 0
153.0 628.0 85.9 673.9 51.0 623.0 118.1 577.1 wheat 0
336.6 619.5 300.3 656.9 248.7 606.8 285.1 569.4 wheat 0
500.6 579.2 544.6 624.5 504.3 663.6 460.3 618.3 wheat 0
505.1 881.1 578.1 881.1 578.1 975.1 505.1 975.1 wheat 0
23.1 905.1 119.1 905.1 119.1 993.1 23.1 993.1 wheat 0
506.1 680.1 592.1 680.1 592.1 752.1 506.1 752.1 wheat 0
535.6 472.5 480.2 502.8 440.0 429.3 495.5 399.0 wheat 0
617.6 489.5 571.5 528.3 531.6 480.9 577.6 442.0 wheat 0
752.3 578.0 815.7 631.5 779.0 675.1 715.5 621.6 wheat 0
742.6 542.5 682.9 567.7 660.2 514.0 719.9 488.8 wheat 0
843.6 445.5 782.3 471.4 759.1 416.7 820.5 390.8 wheat 0
963.6 559.5 908.0 583.0 857.7 463.9 913.2 440.4 wheat 0
870.1 557.1 941.1 557.1 941.1 618.1 870.1 618.1 wheat 0
654.1 945.1 749.9 945.1 749.9 1024.0 654.1 1024.0 wheat 0
339.4 608.1 381.5 643.5 333.8 700.1 291.8 664.7 wheat 0
435.1 851.1 489.1 851.1 489.1 942.1 435.1 942.1 wheat 0
444.1 954.1 551.1 954.1 551.1 1019.1 444.1 1019.1 wheat 0
791.1 622.8 869.6 676.5 835.3 726.6 756.9 672.9 wheat 0
543.6 518.5 485.6 536.4 471.2 489.8 529.2 471.8 wheat 0
560.6 591.5 486.7 598.9 481.9 551.9 555.9 544.5 wheat 0
