679.1 658.5 603.2 682.0 560.4 543.6 636.3 520.1 wheat 0
847.1 577.5 809.1 609.5 699.8 479.6 737.7 447.7 wheat 0
816.8 321.7 953.1 436.5 908.0 490.0 771.7 375.2 wheat 0
627.8 368.9 747.1 450.5 704.5 512.8 585.2 431.2 wheat 0
842.9 212.1 907.2 218.5 899.1 299.5 834.8 293.1 wheat 0
889.1 127.5 760.7 153.5 747.8 90.0 876.2 64.0 wheat 0
903.5 3.7 968.0 23.6 955.1 65.5 890.5 45.5 wheat 0
567.1 452.5 490.3 476.3 450.4 347.3 527.2 323.5 wheat 0
475.1 399.5 391.2 407.9 386.1 357.2 470.0 348.8 wheat 0
329.1 347.5 234.4 376.8 209.7 296.8 304.3 267.5 wheat 0
340.1 488.3 466.9 527.5 448.1 588.5 321.3 549.3 wheat 0
478.1 645.5 416.2 658.0 399.0 573.2 460.9 560.7 wheat 0
768.1 716.6 834.1 744.5 813.7 792.6 747.7 764.7 wheat 0
837.8 783.8 971.9 825.3 951.1 892.5 817.0 851.0 wheat 0
733.1 896.5 661.6 911.0 647.8 843.1 719.3 828.6 wheat 0
575.3 875.2 697.8 942.1 668.1 996.5 545.6 929.6 wheat 0
394.1 946.5 336.0 964.5 316.9 902.7 374.9 884.7 wheat 0
160.1 881.5 94.6 909.2 63.8 836.1 129.2 808.4 wheat 0
207.1 746.5 163.1 815.0 25.6 726.7 69.6 658.2 wheat 0
104.7 289.5 188.0 306.4 176.1 365.5 92.7 348.6 wheat 0
191.2 195.3 269.1 248.6 226.1 311.5 148.2 258.2 wheat 0
33.8 153.5 100.7 181.8 69.1 256.5 2.2 228.3 wheat 0
50.6 79.4 83.0 101.6 33.1 174.5 0.7 152.4 wheat 0
44.1 1.5 100.1 1.5 100.1 93.5 44.1 93.5 wheat 0
968.9 522.0 1022.9 538.6 995.1 628.5 941.1 611.8 wheat 0
