315.1 178.1 390.1 178.1 390.1 257.1 315.1 257.1 wheat 0
108.1 336.1 179.1 336.1 179.1 425.1 108.1 425.1 wheat 0
42.1 307.1 88.1 307.1 88.1 436.1 42.1 436.1 wheat 0
385.1 656.1 438.1 656.1 438.1 729.1 385.1 729.1 wheat 0
565.1 12.1 648.1 12.1 648.1 218.1 565.1 218.1 wheat 0
717.1 261.1 789.1 261.1 789.1 364.1 717.1 364.1 wheat 0
11.1 515.1 103.1 515.1 103.1 586.1 11.1 586.1 wheat 0
303.1 711.1 383.1 711.1 383.1 795.1 303.1 795.1 wheat 0
71.1 660.1 161.1 660.1 161.1 710.1 71.1 710.1 wheat 0
559.9 859.8 507.1 914.1 396.0 806.1 448.7 751.9 wheat 0
536.1 680.1 610.1 680.1 610.1 756.1 536.1 756.1 wheat 0
665.1 471.1 773.1 471.1 773.1 547.1 665.1 547.1 wheat 0
682.1 634.1 794.1 634.1 794.1 699.1 682.1 699.1 wheat 0
794.1 563.1 874.1 563.1 874.1 619.1 794.1 619.1 wheat 0
679.1 788.1 753.2 788.1 753.2 1024.0 679.1 1024.0 wheat 0
857.1 754.1 957.1 754.1 957.1 810.1 857.1 810.1 wheat 0
793.1 100.1 871.1 100.1 871.1 183.1 793.1 183.1 wheat 0
671.1 19.1 733.1 19.1 733.1 74.1 671.1 74.1 wheat 0
609.1 202.1 698.1 202.1 698.1 287.1 609.1 287.1 wheat 0
627.1 154.1 682.1 154.1 682.1 218.1 627.1 218.1 wheat 0
23.1 712.1 80.1 712.1 80.1 819.1 23.1 819.1 wheat 0
