625.5 597.6 713.3 645.5 697.9 673.6 610.2 625.7 wheat 0
704.5 493.1 761.1 540.7 743.0 562.2 686.4 514.5 wheat 0
621.8 402.3 716.8 421.6 710.7 451.9 615.6 432.7 wheat 0
734.8 464.6 796.0 483.5 790.6 500.7 729.5 481.8 wheat 0
914.1 545.5 1010.2 575.2 1000.9 605.4 904.7 575.6 wheat 0
870.6 584.2 853.3 596.1 821.2 549.1 838.5 537.3 wheat 0
936.2 485.6 1023.0 512.5 1013.4 543.6 926.6 516.7 wheat 0
747.2 211.0 822.2 274.2 800.3 300.2 725.3 237.1 wheat 0
660.2 223.1 765.6 255.7 756.2 286.2 650.7 253.6 wheat 0
510.7 195.6 613.2 251.6 597.1 281.1 494.6 225.1 wheat 0
518.7 234.7 604.2 281.4 587.7 311.6 502.2 264.9 wheat 0
673.4 315.7 733.1 348.3 722.1 368.5 662.4 335.9 wheat 0
893.0 321.6 940.0 341.4 931.4 361.7 884.5 341.8 wheat 0
809.2 174.3 867.7 223.6 848.6 246.3 790.1 197.0 wheat 0
741.5 14.6 820.7 68.8 803.7 93.6 724.5 39.4 wheat 0
887.4 54.5 969.5 79.9 962.1 103.8 880.0 78.3 wheat 0
466.7 10.6 599.7 10.6 599.7 45.6 466.7 45.6 wheat 0
647.1 -1.6 681.3 41.5 659.4 58.9 625.2 15.8 wheat 0
351.0 170.9 448.6 212.1 432.7 249.6 335.2 208.4 wheat 0
311.7 290.6 430.3 327.2 421.3 356.3 302.7 319.6 wheat 0
323.6 228.8 414.7 278.6 398.4 308.6 307.2 258.8 wheat 0
183.0 183.5 328.7 228.6 318.0 263.2 172.3 218.1 wheat 0
276.9 428.1 354.7 470.6 341.1 495.5 263.3 453.0 wheat 0
487.7 459.6 574.9 519.2 557.7 544.4 470.5 484.7 wheat 0
486.3 519.2 467.9 534.6 431.2 491.0 449.6 475.6 wheat 0
383.5 579.0 495.3 613.5 487.0 640.3 375.2 605.7 wheat 0
367.7 623.6 493.7 623.6 493.7 649.6 367.7 649.6 wheat 0
817.7 655.6 849.7 655.6 849.7 686.6 817.7 686.6 wheat 0
859.7 678.6 885.7 678.6 885.7 703.6 859.7 703.6 wheat 0
893.7 692.6 921.7 692.6 921.7 712.6 893.7 712.6 wheat 0
635.5 800.5 731.3 841.0 720.0 867.7 624.2 827.2 wheat 0
423.7 718.6 552.7 718.6 552.7 748.6 423.7 748.6 wheat 0
572.7 849.6 644.2 871.7 636.8 895.7 565.3 873.6 wheat 0
755.3 962.3 667.1 980.2 660.2 945.9 748.4 928.0 wheat 0
504.7 895.6 628.7 895.6 628.7 926.6 504.7 926.6 wheat 0
471.2 912.8 564.2 963.6 547.7 993.6 454.8 942.8 wheat 0
603.1 973.0 566.2 988.6 558.4 970.2 595.3 954.6 wheat 0
374.7 855.3 479.7 876.6 473.0 910.1 367.9 888.8 wheat 0
244.5 817.4 373.7 843.6 366.9 877.6 237.7 851.4 wheat 0
437.8 924.0 347.0 952.0 338.7 925.3 429.5 897.2 wheat 0
335.7 924.9 420.0 971.0 401.8 1004.3 317.5 958.3 wheat 0
394.7 990.6 503.7 990.6 503.7 1019.6 394.7 1019.6 wheat 0
86.6 765.3 233.7 845.6 216.5 877.1 69.4 796.8 wheat 0
131.0 822.7 184.5 867.8 164.5 891.5 111.0 846.4 wheat 0
71.9 708.4 166.4 727.5 160.2 757.8 65.7 738.6 wheat 0
200.2 617.7 252.4 639.8 239.7 669.6 187.6 647.6 wheat 0
93.7 559.6 181.7 559.6 181.7 586.6 93.7 586.6 wheat 0
19.3 519.8 100.7 564.2 85.7 591.6 4.3 547.1 wheat 0
0.7 597.6 138.7 597.6 138.7 647.6 0.7 647.6 wheat 0
172.2 432.9 236.3 498.9 211.2 523.3 147.1 457.3 wheat 0
86.2 361.7 160.1 437.8 141.7 455.6 67.8 379.5 wheat 0
14.2 305.0 118.3 349.0 104.3 382.2 0.2 338.2 wheat 0
35.3 166.7 133.3 208.1 118.7 242.6 20.7 201.2 wheat 0
8.3 111.0 96.2 138.1 83.7 178.3 -4.2 151.1 wheat 0
62.1 948.8 168.1 981.6 160.4 1006.4 54.4 973.6 wheat 0
8.9 3.9 74.9 17.3 67.7 52.6 1.8 39.2 wheat 0
981.5 36.3 1027.4 50.5 1016.5 85.9 970.6 71.7 wheat 0
