396.7 366.6 530.7 366.6 530.7 404.6 396.7 404.6 wheat 0
358.6 376.6 516.0 398.8 511.0 433.9 353.7 411.7 wheat 0
535.8 425.0 621.7 433.6 617.7 473.8 531.8 465.2 wheat 0
704.5 372.7 795.6 411.3 782.0 443.5 690.8 405.0 wheat 0
855.2 292.4 931.9 389.1 904.7 410.6 828.0 314.0 wheat 0
855.1 385.3 1020.0 436.3 1009.7 469.6 844.8 418.6 wheat 0
923.6 324.2 1001.7 422.6 978.8 440.8 900.7 342.4 wheat 0
814.0 94.5 994.7 112.6 990.7 153.3 809.9 135.2 wheat 0
884.1 0.3 974.7 93.6 948.5 119.1 857.9 25.9 wheat 0
713.7 191.6 630.9 236.9 612.7 203.6 695.6 158.3 wheat 0
683.7 251.6 582.9 306.7 564.2 272.6 665.1 217.5 wheat 0
546.2 134.8 628.7 179.9 615.3 204.4 532.8 159.4 wheat 0
516.2 31.8 611.7 97.1 599.7 114.6 504.3 49.3 wheat 0
505.2 61.5 590.5 108.1 584.7 118.6 499.5 72.0 wheat 0
393.5 98.3 503.1 144.6 495.0 164.0 385.3 117.6 wheat 0
221.5 15.2 303.0 49.7 293.7 71.6 212.3 37.2 wheat 0
164.8 136.8 269.0 244.0 245.7 266.6 141.6 159.4 wheat 0
180.9 319.3 403.7 341.6 400.8 371.3 178.0 349.0 wheat 0
150.7 386.6 320.7 386.6 320.7 409.6 150.7 409.6 wheat 0
143.2 338.3 256.9 361.4 252.3 383.9 138.6 360.9 wheat 0
21.9 275.5 138.7 325.0 117.7 374.6 0.9 325.2 wheat 0
67.6 407.5 215.7 422.3 212.7 451.6 64.7 436.8 wheat 0
46.2 418.6 179.0 459.7 172.2 481.6 39.4 440.6 wheat 0
28.7 512.6 115.7 512.6 115.7 537.6 28.7 537.6 wheat 0
73.4 513.5 143.5 561.5 131.1 579.7 60.9 531.7 wheat 0
13.7 634.8 85.4 656.9 73.7 694.6 2.0 672.4 wheat 0
123.9 738.6 24.4 748.5 21.5 719.7 121.0 709.7 wheat 0
120.7 715.1 205.7 741.4 197.8 767.2 112.7 740.9 wheat 0
282.0 777.2 116.8 793.8 113.5 761.0 278.7 744.4 wheat 0
327.5 648.5 509.8 685.5 502.0 723.7 319.7 686.8 wheat 0
307.6 396.9 434.7 450.6 423.8 476.4 296.7 422.6 wheat 0
409.6 442.2 486.0 483.9 466.8 519.0 390.5 477.3 wheat 0
265.1 777.2 361.1 796.7 354.4 830.0 258.3 810.5 wheat 0
1.7 786.6 172.7 786.6 172.7 829.6 1.7 829.6 wheat 0
250.7 836.6 360.7 836.6 360.7 863.6 250.7 863.6 wheat 0
478.0 846.5 390.5 883.5 374.5 845.7 462.0 808.7 wheat 0
366.7 944.6 257.7 978.3 245.7 939.5 354.7 905.8 wheat 0
720.7 680.4 817.2 710.3 807.8 740.8 711.3 711.0 wheat 0
828.5 715.7 945.5 765.1 928.0 806.6 811.0 757.1 wheat 0
931.9 735.1 1020.1 783.2 1000.7 818.6 912.6 770.4 wheat 0
759.0 752.2 870.7 786.8 859.5 823.1 747.7 788.5 wheat 0
820.7 819.6 901.7 819.6 901.7 855.6 820.7 855.6 wheat 0
895.7 815.7 1016.1 827.7 1012.8 860.6 892.4 848.5 wheat 0
695.1 870.3 588.1 903.4 578.4 871.9 685.4 838.8 wheat 0
468.2 958.3 576.5 969.2 572.7 1006.6 464.4 995.7 wheat 0
930.9 25.5 1003.7 56.2 991.6 84.8 918.8 54.0 wheat 0
