782.4 767.7 662.6 779.7 659.0 743.6 778.7 731.6 wheat 0
751.7 806.6 660.4 825.1 652.5 786.3 743.9 767.7 wheat 0
779.7 915.6 707.2 930.3 693.8 864.3 766.4 849.6 wheat 0
773.8 810.6 823.4 820.7 816.7 853.6 767.1 843.5 wheat 0
941.8 933.6 980.5 945.6 960.7 1009.6 922.0 997.6 wheat 0
968.2 824.1 1017.2 834.1 1007.3 883.1 958.3 873.2 wheat 0
578.6 902.7 646.7 923.8 633.7 965.6 565.7 944.6 wheat 0
607.1 880.8 639.5 887.4 629.3 937.4 597.0 930.8 wheat 0
545.5 789.8 564.3 809.2 527.0 845.4 508.2 826.0 wheat 0
505.8 711.6 602.8 741.6 590.7 780.6 493.8 750.6 wheat 0
651.5 676.0 785.8 689.5 781.0 738.2 646.6 724.8 wheat 0
711.7 671.9 660.0 677.1 655.8 635.3 707.5 630.1 wheat 0
671.7 540.6 714.7 540.6 714.7 600.6 671.7 600.6 wheat 0
928.6 740.1 885.5 769.5 825.7 682.1 868.7 652.6 wheat 0
894.0 633.1 847.8 664.7 823.5 629.2 869.7 597.6 wheat 0
587.9 574.9 614.7 597.4 562.5 659.4 535.8 636.8 wheat 0
494.3 627.2 425.5 648.5 415.2 615.0 484.0 593.8 wheat 0
493.6 596.5 449.5 605.4 436.8 542.7 480.9 533.8 wheat 0
249.3 577.7 275.4 604.6 216.7 661.6 190.6 634.7 wheat 0
273.7 704.6 246.0 728.0 198.0 671.0 225.8 647.7 wheat 0
156.6 567.4 199.2 590.7 163.7 655.6 121.2 632.4 wheat 0
186.4 518.3 218.5 528.3 205.7 569.6 173.6 559.7 wheat 0
4.7 583.6 30.7 583.6 30.7 633.6 4.7 633.6 wheat 0
108.7 878.3 142.0 906.4 45.7 1020.6 12.5 992.6 wheat 0
240.7 949.8 104.6 991.9 90.5 946.4 226.7 904.3 wheat 0
363.4 842.5 234.4 897.0 216.1 853.7 345.1 799.2 wheat 0
339.1 827.6 417.7 908.6 371.4 953.6 292.7 872.6 wheat 0
421.5 797.2 355.8 803.8 352.0 766.0 417.7 759.4 wheat 0
149.0 384.3 23.5 452.9 0.0 409.9 125.5 341.3 wheat 0
2.7 327.6 83.7 327.6 83.7 373.6 2.7 373.6 wheat 0
147.7 198.6 18.5 211.6 13.7 164.1 143.0 151.1 wheat 0
304.7 209.6 365.7 209.6 365.7 270.6 304.7 270.6 wheat 0
296.1 290.0 385.3 308.1 376.4 352.2 287.2 334.1 wheat 0
421.6 137.9 484.7 150.7 471.7 214.6 408.7 201.8 wheat 0
171.2 53.0 285.4 101.3 270.2 137.2 156.0 88.9 wheat 0
551.7 94.6 597.7 94.6 597.7 209.6 551.7 209.6 wheat 0
698.7 334.6 661.8 342.1 651.5 291.5 688.5 284.0 wheat 0
498.3 225.3 527.2 228.2 520.2 297.9 491.3 295.0 wheat 0
560.7 0.5 622.3 96.4 582.8 121.8 521.2 25.8 wheat 0
679.3 47.9 706.9 59.6 676.2 132.3 648.5 120.7 wheat 0
858.7 249.6 1014.7 249.6 1014.7 296.6 858.7 296.6 wheat 0
1020.1 221.0 983.6 236.5 957.2 174.1 993.7 158.6 wheat 0
656.0 68.2 610.9 87.3 582.5 20.0 627.6 1.0 wheat 0
411.2 693.2 480.9 700.2 478.3 726.0 408.6 719.1 wheat 0
416.4 696.1 364.8 712.0 357.1 687.2 408.7 671.2 wheat 0
