631.2 411.5 590.7 433.6 537.5 336.1 578.0 314.0 wheat 0
577.7 275.6 537.3 283.8 509.3 145.6 549.7 137.4 wheat 0
752.7 275.6 717.3 282.8 694.1 168.3 729.5 161.1 wheat 0
782.4 211.5 824.0 229.1 774.7 345.6 733.2 328.0 wheat 0
865.5 253.9 824.4 266.7 807.0 210.3 848.1 197.6 wheat 0
880.1 72.9 903.8 85.9 866.4 154.3 842.7 141.4 wheat 0
735.7 0.0 774.3 26.4 718.7 107.6 680.2 81.2 wheat 0
1003.3 374.7 887.9 386.3 884.1 348.5 999.5 336.9 wheat 0
868.7 429.6 778.7 467.6 766.3 438.3 856.3 400.3 wheat 0
982.0 580.4 1020.4 601.4 943.7 741.6 905.4 720.7 wheat 0
872.9 713.8 908.1 728.7 874.7 807.6 839.6 792.7 wheat 0
619.1 494.0 704.7 552.6 676.8 593.4 591.2 534.8 wheat 0
97.4 91.1 189.5 130.1 170.1 176.1 77.9 137.2 wheat 0
335.3 227.0 303.7 253.6 217.2 150.9 248.8 124.2 wheat 0
433.7 358.6 472.7 358.6 472.7 438.6 433.7 438.6 wheat 0
492.9 230.3 438.7 298.6 414.8 279.6 469.0 211.4 wheat 0
289.3 372.5 225.8 425.9 207.2 403.8 270.6 350.3 wheat 0
118.7 210.6 47.4 270.7 28.4 248.2 99.8 188.1 wheat 0
188.9 191.5 148.3 225.6 131.6 205.7 172.1 171.6 wheat 0
525.5 453.8 495.9 462.9 479.0 408.5 508.6 399.3 wheat 0
579.7 446.5 536.7 459.8 530.8 440.7 573.8 427.4 wheat 0
684.1 282.0 710.9 290.2 691.4 353.3 664.6 345.0 wheat 0
630.7 278.6 672.7 278.6 672.7 316.6 630.7 316.6 wheat 0
390.9 92.4 500.6 114.6 495.7 138.6 386.0 116.4 wheat 0
301.6 677.6 167.4 704.8 158.8 662.7 293.1 635.4 wheat 0
80.0 432.8 122.0 445.8 113.5 473.5 71.4 460.5 wheat 0
211.7 459.6 259.7 459.6 259.7 488.6 211.7 488.6 wheat 0
190.5 558.7 251.2 564.7 248.0 596.6 187.3 590.5 wheat 0
100.2 579.8 133.7 586.6 126.4 623.0 92.9 616.2 wheat 0
81.9 836.8 57.7 861.6 11.7 816.9 35.8 792.0 wheat 0
450.5 861.2 422.7 884.6 342.8 789.8 370.6 766.4 wheat 0
297.7 889.6 429.7 889.6 429.7 920.6 297.7 920.6 wheat 0
373.4 888.8 409.7 900.0 386.1 976.4 349.8 965.2 wheat 0
566.0 852.3 596.8 855.4 586.5 957.9 555.7 954.8 wheat 0
573.9 902.0 666.5 911.3 664.6 930.2 572.0 920.9 wheat 0
702.0 950.9 543.6 1017.9 531.5 989.3 689.9 922.3 wheat 0
884.1 995.1 753.7 1021.6 748.4 995.1 878.7 968.7 wheat 0
91.7 927.6 139.7 927.6 139.7 960.6 91.7 960.6 wheat 0
204.7 939.6 241.7 939.6 241.7 973.6 204.7 973.6 wheat 0
301.3 772.5 256.8 803.0 238.1 775.7 282.7 745.3 wheat 0
663.7 481.6 689.7 481.6 689.7 518.6 663.7 518.6 wheat 0
713.3 502.8 742.9 511.9 733.2 543.5 703.6 534.3 wheat 0
921.7 235.6 953.7 235.6 953.7 263.6 921.7 263.6 wheat 0
595.7 422.2 663.7 479.5 641.7 505.6 573.7 448.3 wheat 0
