184.7 607.6 119.1 627.9 106.9 588.3 172.5 568.0 wheat 0
7.7 393.6 61.7 393.6 61.7 479.6 7.7 479.6 wheat 0
125.6 673.0 181.3 678.6 173.9 752.2 118.2 746.6 wheat 0
206.0 818.8 266.0 844.1 230.7 927.6 170.7 902.2 wheat 0
185.0 763.8 221.8 767.5 219.5 790.4 182.7 786.7 wheat 0
179.7 899.6 138.0 934.8 110.9 902.7 152.7 867.5 wheat 0
379.7 759.6 314.3 795.4 290.8 752.4 356.2 716.6 wheat 0
204.9 474.4 241.7 499.6 209.7 546.5 172.8 521.3 wheat 0
368.8 513.6 423.7 543.6 400.7 585.6 345.8 555.6 wheat 0
409.3 628.9 348.5 654.6 330.2 611.3 391.0 585.6 wheat 0
470.9 626.1 518.4 658.6 493.7 694.6 446.3 662.1 wheat 0
531.7 712.2 575.9 736.4 545.7 791.6 501.5 767.4 wheat 0
827.5 665.2 885.5 671.1 868.7 838.6 810.7 832.8 wheat 0
716.2 681.9 740.7 730.1 687.2 757.3 662.8 709.2 wheat 0
685.7 885.2 749.3 920.0 692.7 1023.6 629.1 988.8 wheat 0
380.2 463.3 326.8 485.9 307.3 439.9 360.7 417.3 wheat 0
303.7 289.6 234.9 303.6 227.4 266.5 296.2 252.5 wheat 0
41.0 138.9 116.4 154.2 105.7 206.6 30.4 191.3 wheat 0
213.8 3.5 258.9 28.2 229.7 81.6 184.6 57.0 wheat 0
203.7 86.6 236.7 86.6 236.7 132.6 203.7 132.6 wheat 0
595.1 160.7 646.3 195.7 616.4 239.5 565.2 204.5 wheat 0
554.8 295.5 507.8 305.0 500.6 269.7 547.7 260.2 wheat 0
656.3 412.3 562.7 441.2 551.2 404.0 644.8 375.0 wheat 0
434.1 418.6 470.7 443.6 436.5 493.7 399.9 468.6 wheat 0
726.8 445.5 646.9 470.2 635.8 434.3 715.7 409.6 wheat 0
744.8 559.0 779.4 577.9 739.7 650.6 705.1 631.7 wheat 0
568.0 597.2 598.8 600.3 594.5 643.1 563.7 640.0 wheat 0
803.7 211.6 766.9 236.8 729.4 182.0 766.2 156.8 wheat 0
667.7 51.6 706.7 51.6 706.7 86.6 667.7 86.6 wheat 0
802.5 19.9 889.0 67.2 858.7 122.6 772.2 75.4 wheat 0
949.7 309.6 903.6 323.9 892.0 286.4 938.1 272.1 wheat 0
970.3 838.1 922.6 842.9 919.2 809.1 966.9 804.3 wheat 0
815.7 837.6 871.7 837.6 871.7 886.6 815.7 886.6 wheat 0
864.7 955.6 919.4 955.6 919.4 1023.0 864.7 1023.0 wheat 0
