279.6 642.7 243.5 679.9 215.6 652.8 251.7 615.6 wheat 0
208.7 348.6 239.7 380.6 220.6 399.2 189.5 367.2 wheat 0
432.7 307.6 468.7 307.6 468.7 353.6 432.7 353.6 wheat 0
343.2 308.6 317.4 316.5 303.2 270.7 329.0 262.7 wheat 0
323.5 248.1 291.7 262.6 263.6 201.2 295.3 186.7 wheat 0
377.5 421.2 394.7 430.6 376.5 464.0 359.3 454.6 wheat 0
359.2 478.6 340.7 497.6 332.5 489.6 351.0 470.6 wheat 0
435.9 478.8 464.6 498.4 448.7 521.6 420.0 502.0 wheat 0
143.7 737.6 182.7 737.6 182.7 777.6 143.7 777.6 wheat 0
878.7 882.1 859.7 901.6 825.5 868.3 844.4 848.8 wheat 0
942.6 694.4 992.7 704.6 973.3 800.5 923.1 790.4 wheat 0
800.6 428.9 768.7 478.6 733.7 456.1 765.6 406.4 wheat 0
1023.0 555.3 999.1 562.7 977.5 492.9 1001.4 485.6 wheat 0
933.0 95.6 967.4 106.2 950.5 160.7 916.1 150.0 wheat 0
781.8 123.1 911.4 149.3 900.3 203.9 770.7 177.6 wheat 0
144.4 83.8 96.5 104.1 61.1 20.2 109.0 0.0 wheat 0
204.7 281.6 257.7 281.6 257.7 361.6 204.7 361.6 wheat 0
33.6 60.8 60.7 83.6 27.1 123.5 -0.0 100.7 wheat 0
220.7 391.6 258.7 391.6 258.7 451.6 220.7 451.6 wheat 0
474.7 115.6 514.7 115.6 514.7 163.6 474.7 163.6 wheat 0
328.7 1.6 395.7 1.6 395.7 56.6 328.7 56.6 wheat 0
876.7 466.6 921.7 466.6 921.7 506.6 876.7 506.6 wheat 0
894.7 338.6 937.7 338.6 937.7 407.6 894.7 407.6 wheat 0
952.7 904.6 1022.7 904.6 1022.7 945.6 952.7 945.6 wheat 0
885.9 250.1 856.5 256.0 845.6 202.1 875.0 196.2 wheat 0
926.7 160.6 959.7 160.6 959.7 186.6 926.7 186.6 wheat 0
403.4 369.9 382.8 384.0 359.1 349.3 379.7 335.2 wheat 0
415.0 290.5 388.6 295.8 379.4 250.8 405.9 245.4 wheat 0
925.4 883.9 893.8 901.2 862.1 843.3 893.7 826.0 wheat 0
213.0 500.7 254.8 535.9 235.7 558.6 193.9 523.3 wheat 0
