708.1 704.5 554.5 719.9 545.3 628.6 698.9 613.2 wheat 0
893.1 700.5 813.6 743.9 781.1 684.4 860.6 641.0 wheat 0
732.7 688.5 813.1 696.6 808.1 746.5 727.7 738.4 wheat 0
724.1 735.2 772.5 745.0 760.1 806.5 711.6 796.7 wheat 0
804.1 835.5 701.1 845.8 696.1 795.4 799.0 785.1 wheat 0
710.1 872.5 655.3 878.0 647.6 800.5 702.3 795.0 wheat 0
633.1 821.5 587.8 830.7 576.2 773.3 621.4 764.2 wheat 0
649.5 855.1 687.0 893.8 610.1 968.5 572.5 929.9 wheat 0
462.2 809.8 365.3 819.6 360.2 768.2 457.1 758.5 wheat 0
254.1 729.5 73.8 805.7 45.0 737.8 225.4 661.6 wheat 0
270.1 463.2 420.1 589.5 378.8 638.5 228.8 512.1 wheat 0
453.1 475.5 354.1 517.3 327.4 454.1 426.3 412.3 wheat 0
328.8 433.2 260.4 454.3 245.7 406.7 314.1 385.5 wheat 0
384.1 314.5 320.6 320.9 310.5 220.1 374.0 213.8 wheat 0
504.1 352.5 355.6 382.6 343.5 322.8 491.9 292.7 wheat 0
353.2 330.7 420.2 359.0 376.1 463.5 309.1 435.2 wheat 0
531.8 133.6 473.1 145.5 446.2 13.2 505.0 1.3 wheat 0
651.1 351.5 579.6 358.7 565.0 213.7 636.5 206.5 wheat 0
652.1 400.5 584.0 407.3 578.5 353.1 646.6 346.3 wheat 0
814.3 280.3 881.4 308.7 840.1 406.5 772.9 378.1 wheat 0
979.1 314.5 902.9 338.1 861.3 203.7 937.5 180.1 wheat 0
750.1 138.5 654.8 286.9 600.8 252.2 696.0 103.8 wheat 0
700.4 60.6 757.5 66.3 739.1 250.5 681.9 244.8 wheat 0
738.3 129.1 804.9 142.6 785.1 240.5 718.5 227.0 wheat 0
767.6 10.3 832.1 30.2 805.1 117.5 740.6 97.6 wheat 0
836.1 59.5 883.1 59.5 883.1 119.5 836.1 119.5 wheat 0
67.7 161.8 141.1 184.5 127.3 229.0 54.0 206.3 wheat 0
115.1 362.5 30.9 379.6 17.6 314.0 101.8 296.9 wheat 0
224.1 383.5 154.6 397.6 132.4 287.7 201.8 273.7 wheat 0
159.1 499.5 117.4 522.3 66.2 428.5 107.8 405.7 wheat 0
125.1 557.5 82.5 575.5 37.4 468.9 80.0 450.9 wheat 0
157.5 562.5 238.0 578.8 220.5 664.8 140.1 648.5 wheat 0
593.1 732.5 456.0 826.3 422.6 777.6 559.7 683.8 wheat 0
274.1 889.5 225.7 930.2 182.0 878.3 230.3 837.6 wheat 0
197.1 832.5 76.5 883.5 45.2 809.5 165.8 758.5 wheat 0
34.1 860.5 119.1 860.5 119.1 924.5 34.1 924.5 wheat 0
46.7 921.6 153.1 966.5 131.5 1017.5 25.2 972.5 wheat 0
