468.6 345.5 429.0 395.4 363.4 343.3 403.0 293.4 wheat 0
274.6 668.8 210.8 681.7 197.8 617.4 261.6 604.5 wheat 0
211.5 50.0 271.1 90.8 229.6 151.5 170.0 110.7 wheat 0
79.2 659.8 123.9 716.2 51.6 773.5 6.9 717.2 wheat 0
459.6 735.5 424.3 765.2 367.5 697.8 402.8 668.1 wheat 0
330.6 725.5 269.6 731.6 262.6 662.5 323.7 656.4 wheat 0
858.1 893.5 915.6 893.5 915.6 936.1 858.1 936.1 wheat 0
230.1 367.1 294.6 367.1 294.6 468.5 230.1 468.5 wheat 0
48.1 344.1 109.6 344.1 109.6 408.5 48.1 408.5 wheat 0
64.5 74.2 126.6 152.5 78.8 190.5 16.6 112.2 wheat 0
666.1 660.0 712.1 691.5 682.6 734.5 636.6 703.1 wheat 0
311.6 800.5 240.0 830.8 217.2 776.9 288.8 746.7 wheat 0
