828.7 628.6 873.7 628.6 873.7 696.6 828.7 696.6 wheat 0
883.7 587.6 854.5 607.6 803.8 533.5 833.0 513.5 wheat 0
775.5 504.4 742.2 511.2 725.9 430.8 759.3 424.1 wheat 0
758.0 443.8 797.8 447.8 789.5 530.4 749.7 526.4 wheat 0
677.7 498.6 710.7 498.6 710.7 559.6 677.7 559.6 wheat 0
585.7 465.6 544.9 507.7 517.4 481.0 558.3 439.0 wheat 0
327.7 541.6 391.7 541.6 391.7 575.6 327.7 575.6 wheat 0
283.0 463.7 263.8 483.6 221.5 442.5 240.7 422.6 wheat 0
300.7 437.6 335.5 461.4 324.7 477.2 289.9 453.4 wheat 0
170.9 419.9 143.5 425.4 124.6 332.3 152.0 326.8 wheat 0
474.0 252.1 452.1 256.6 437.8 186.1 459.7 181.6 wheat 0
492.9 110.4 519.7 121.8 503.7 159.6 476.9 148.3 wheat 0
706.3 124.9 730.8 138.4 699.2 196.3 674.6 182.9 wheat 0
893.2 135.9 938.2 140.4 922.7 294.6 877.8 290.1 wheat 0
604.9 580.8 656.1 615.8 638.6 641.4 587.4 606.4 wheat 0
752.7 767.6 727.1 770.2 716.6 665.9 742.3 663.3 wheat 0
722.3 717.3 761.3 757.5 743.7 774.6 704.7 734.4 wheat 0
748.7 663.2 762.6 664.6 752.8 762.1 738.9 760.7 wheat 0
1027.9 746.3 988.9 786.5 959.5 757.9 998.5 717.7 wheat 0
979.7 798.6 1024.0 798.6 1024.0 841.9 979.7 841.9 wheat 0
716.5 919.9 743.4 942.5 724.7 964.6 697.9 942.0 wheat 0
880.6 983.4 909.6 1007.9 892.9 1027.8 863.8 1003.3 wheat 0
403.7 894.6 327.9 902.2 324.7 870.3 400.5 862.7 wheat 0
501.5 797.4 475.7 823.9 457.0 805.8 482.8 779.3 wheat 0
262.9 839.0 280.2 846.3 248.7 920.6 231.5 913.3 wheat 0
337.3 617.4 381.4 626.3 377.2 646.9 333.1 637.9 wheat 0
70.8 392.0 41.7 428.6 1.7 396.8 30.7 360.2 wheat 0
630.8 292.9 576.9 303.8 571.7 278.3 625.6 267.4 wheat 0
995.1 13.6 1021.0 16.2 1010.3 122.6 984.5 120.1 wheat 0
261.1 56.7 238.1 63.8 220.4 6.5 243.3 -0.6 wheat 0
637.7 111.6 659.7 111.6 659.7 165.6 637.7 165.6 wheat 0
866.9 289.1 834.7 316.2 818.6 297.1 850.7 270.0 wheat 0
796.6 387.6 777.7 389.5 775.8 370.6 794.7 368.7 wheat 0
583.8 814.9 606.2 821.8 598.4 847.0 576.1 840.1 wheat 0
