239.1 251.1 326.1 251.1 326.1 326.1 239.1 326.1 wheat 0
67.1 78.1 139.1 78.1 139.1 219.1 67.1 219.1 wheat 0
489.1 252.1 574.1 252.1 574.1 328.1 489.1 328.1 wheat 0
619.1 120.1 687.1 120.1 687.1 205.1 619.1 205.1 wheat 0
636.1 2.1 714.1 2.1 714.1 114.1 636.1 114.1 wheat 0
912.1 264.1 1014.1 264.1 1014.1 372.1 912.1 372.1 wheat 0
153.1 490.1 238.1 490.1 238.1 609.1 153.1 609.1 wheat 0
266.1 580.1 348.1 580.1 348.1 684.1 266.1 684.1 wheat 0
118.1 699.1 202.1 699.1 202.1 765.1 118.1 765.1 wheat 0
430.1 605.1 530.1 605.1 530.1 668.1 430.1 668.1 wheat 0
407.1 444.1 485.1 444.1 485.1 507.1 407.1 507.1 wheat 0
656.1 300.1 721.1 300.1 721.1 372.1 656.1 372.1 wheat 0
563.1 626.1 708.1 626.1 708.1 684.1 563.1 684.1 wheat 0
796.1 639.1 874.1 639.1 874.1 764.1 796.1 764.1 wheat 0
939.1 578.1 1010.1 578.1 1010.1 666.1 939.1 666.1 wheat 0
917.1 677.1 992.1 677.1 992.1 754.1 917.1 754.1 wheat 0
955.1 780.1 1024.0 780.1 1024.0 882.9 955.1 882.9 wheat 0
392.1 680.1 464.1 680.1 464.1 770.1 392.1 770.1 wheat 0
335.1 817.1 414.1 817.1 414.1 871.1 335.1 871.1 wheat 0
91.1 793.1 210.1 793.1 210.1 864.1 91.1 864.1 wheat 0
415.1 796.1 494.1 796.1 494.1 868.1 415.1 868.1 wheat 0
314.1 752.1 398.1 752.1 398.1 806.1 314.1 806.1 wheat 0
314.1 901.1 385.1 901.1 385.1 956.1 314.1 956.1 wheat 0
533.1 906.1 607.1 906.1 607.1 991.1 533.1 991.1 wheat 0
471.1 899.1 535.1 899.1 535.1 965.1 471.1 965.1 wheat 0
551.1 844.1 618.1 844.1 618.1 907.1 551.1 907.1 wheat 0
757.5 688.1 673.6 723.6 651.8 672.0 735.7 636.6 wheat 0
884.1 91.1 979.1 91.1 979.1 201.1 884.1 201.1 wheat 0
48.1 482.1 106.1 482.1 106.1 557.1 48.1 557.1 wheat 0
