449.1 462.5 503.1 462.5 503.1 556.5 449.1 556.5 wheat 0
510.7 630.4 579.1 651.5 567.2 689.9 498.8 668.8 wheat 0
810.1 577.5 773.3 588.9 753.8 525.8 790.6 514.4 wheat 0
822.1 630.5 869.1 630.5 869.1 746.5 822.1 746.5 wheat 0
906.1 764.5 957.1 764.5 957.1 800.5 906.1 800.5 wheat 0
791.1 832.5 839.1 832.5 839.1 879.5 791.1 879.5 wheat 0
917.1 902.5 949.1 902.5 949.1 949.5 917.1 949.5 wheat 0
843.1 960.5 880.2 960.5 880.2 1024.0 843.1 1024.0 wheat 0
502.1 934.5 574.1 934.5 574.1 982.5 502.1 982.5 wheat 0
638.0 803.8 602.5 828.1 573.1 785.2 608.6 760.9 wheat 0
63.8 929.2 152.1 966.5 135.4 1005.9 47.2 968.5 wheat 0
370.9 659.4 422.1 669.8 412.1 719.5 360.8 709.1 wheat 0
197.7 763.3 254.1 769.0 249.1 819.5 192.7 813.9 wheat 0
332.1 842.5 202.0 882.7 183.1 821.5 313.1 781.3 wheat 0
85.3 657.1 119.1 723.5 87.6 739.5 53.8 673.1 wheat 0
224.6 654.7 287.2 667.4 278.1 712.5 215.4 699.8 wheat 0
264.0 551.1 342.1 631.5 309.3 663.3 231.2 582.9 wheat 0
208.0 586.8 297.1 624.5 276.8 672.5 187.7 634.9 wheat 0
252.1 629.5 196.0 676.7 167.8 643.2 223.9 596.0 wheat 0
176.7 646.6 228.0 662.5 205.1 736.5 153.8 720.6 wheat 0
149.1 629.5 119.4 654.5 68.1 593.6 97.8 568.6 wheat 0
120.6 557.4 167.3 566.9 155.1 627.5 108.3 618.0 wheat 0
161.6 561.5 223.1 580.5 211.1 619.2 149.6 600.2 wheat 0
574.4 421.9 622.1 454.5 605.1 479.3 557.4 446.7 wheat 0
735.8 301.7 778.4 314.9 755.1 390.5 712.4 377.3 wheat 0
966.1 397.5 1021.1 397.5 1021.1 440.5 966.1 440.5 wheat 0
929.1 394.5 966.1 394.5 966.1 439.5 929.1 439.5 wheat 0
887.6 199.8 937.1 241.5 909.6 274.1 860.1 232.5 wheat 0
875.1 193.5 843.4 215.2 807.0 161.8 838.6 140.2 wheat 0
958.3 71.4 1000.1 79.9 978.1 188.5 936.3 180.0 wheat 0
983.1 234.5 937.0 254.0 898.0 161.7 944.1 142.3 wheat 0
1017.1 232.5 980.9 252.3 944.7 186.1 980.9 166.3 wheat 0
894.1 134.5 848.5 143.7 831.9 61.7 877.4 52.5 wheat 0
801.9 39.2 864.0 91.5 830.5 131.2 768.5 78.9 wheat 0
775.1 73.8 819.4 87.5 785.1 198.5 740.8 184.8 wheat 0
722.3 196.3 767.4 205.5 759.8 242.7 714.7 233.6 wheat 0
631.1 141.5 591.5 149.5 567.1 28.9 606.6 20.9 wheat 0
598.1 7.5 644.1 7.5 644.1 76.5 598.1 76.5 wheat 0
621.1 227.5 578.8 250.6 525.8 153.8 568.1 130.7 wheat 0
492.1 144.5 545.1 144.5 545.1 208.5 492.1 208.5 wheat 0
473.1 196.5 441.1 218.4 400.8 159.5 432.8 137.6 wheat 0
431.9 280.4 385.8 289.8 377.3 247.6 423.3 238.3 wheat 0
381.1 128.5 343.3 149.1 297.1 64.4 334.8 43.8 wheat 0
301.1 148.5 252.6 163.5 223.7 70.2 272.2 55.2 wheat 0
300.1 284.5 256.3 303.0 212.5 199.3 256.2 180.8 wheat 0
170.8 268.0 250.1 292.5 236.2 337.4 156.9 312.9 wheat 0
144.1 169.5 111.8 196.7 83.9 163.6 116.2 136.4 wheat 0
527.9 327.4 560.1 360.5 530.5 389.2 498.3 356.0 wheat 0
580.5 318.5 626.7 332.8 611.1 383.5 564.8 369.2 wheat 0
674.1 329.5 642.6 351.0 614.0 309.3 645.5 287.8 wheat 0
589.1 394.5 634.1 394.5 634.1 427.5 589.1 427.5 wheat 0
