320.1 514.5 286.4 549.1 225.9 490.3 259.5 455.7 wheat 0
155.6 454.6 201.7 468.9 181.1 535.5 135.0 521.3 wheat 0
197.9 321.6 106.4 330.8 101.6 282.7 193.1 273.5 wheat 0
280.8 264.2 331.1 306.5 289.1 356.3 238.9 314.0 wheat 0
365.1 151.5 312.7 173.6 287.8 114.6 340.1 92.5 wheat 0
555.1 117.5 494.5 123.6 486.7 46.3 547.3 40.2 wheat 0
567.1 7.5 618.1 7.5 618.1 92.5 567.1 92.5 wheat 0
755.1 135.5 702.0 151.9 677.8 73.4 730.8 57.0 wheat 0
829.4 65.8 906.6 73.6 901.1 128.5 823.8 120.8 wheat 0
752.9 191.1 809.1 229.5 779.2 273.2 723.0 234.8 wheat 0
938.1 255.5 982.1 279.5 954.8 329.5 910.8 305.5 wheat 0
749.0 435.6 783.7 464.8 724.1 535.5 689.4 506.3 wheat 0
653.4 378.2 615.3 410.2 586.1 375.6 624.2 343.5 wheat 0
472.1 220.5 526.1 220.5 526.1 273.5 472.1 273.5 wheat 0
421.1 540.5 469.1 555.4 448.4 622.4 400.3 607.5 wheat 0
594.1 728.5 501.2 757.2 485.1 705.0 577.9 676.3 wheat 0
243.7 808.2 293.0 823.5 262.1 923.5 212.7 908.2 wheat 0
749.1 786.5 619.7 812.7 607.5 752.5 736.9 726.3 wheat 0
808.1 925.5 706.6 956.9 686.0 890.2 787.4 858.8 wheat 0
904.1 788.5 861.8 797.1 851.9 748.3 894.2 739.7 wheat 0
944.3 760.9 1015.1 799.5 990.4 844.6 919.7 805.9 wheat 0
691.1 517.8 785.1 557.5 768.4 596.9 674.4 557.2 wheat 0
794.3 496.9 845.9 512.9 827.8 571.1 776.3 555.2 wheat 0
892.1 611.5 851.5 639.3 806.7 573.9 847.3 546.1 wheat 0
754.1 652.5 702.8 674.2 665.8 586.7 717.1 565.1 wheat 0
585.5 762.9 650.3 782.9 621.1 877.5 556.3 857.5 wheat 0
145.9 537.4 245.1 557.5 232.1 621.6 132.9 601.5 wheat 0
160.1 593.5 115.4 612.4 89.0 549.9 133.6 531.0 wheat 0
3.1 558.4 69.1 558.4 69.1 624.5 3.1 624.5 wheat 0
1021.6 381.6 943.1 389.5 936.8 326.8 1015.3 318.9 wheat 0
