612.3 416.4 582.6 436.8 530.0 360.0 559.7 339.6 wheat 0
542.7 611.6 520.1 627.1 493.7 588.6 516.4 573.1 wheat 0
310.4 814.4 282.9 837.5 234.3 779.7 261.7 756.6 wheat 0
124.7 842.6 87.7 858.3 65.0 804.4 102.0 788.8 wheat 0
82.8 363.5 63.8 387.5 4.7 340.6 23.7 316.6 wheat 0
179.7 318.6 154.9 335.6 124.7 291.6 149.6 274.6 wheat 0
205.4 405.6 190.2 435.6 115.5 397.6 130.7 367.6 wheat 0
269.7 434.6 245.0 451.5 206.7 395.6 231.5 378.7 wheat 0
245.7 76.6 217.1 96.2 164.7 19.6 193.3 0.0 wheat 0
144.7 60.5 126.7 75.6 80.3 20.5 98.3 5.3 wheat 0
229.7 140.6 199.7 161.1 136.3 68.5 166.3 47.9 wheat 0
437.4 115.8 417.7 140.6 303.0 49.6 322.7 24.7 wheat 0
380.7 241.6 347.8 264.1 292.7 183.6 325.7 161.1 wheat 0
458.9 283.4 439.8 307.5 384.6 263.7 403.7 239.6 wheat 0
331.4 348.6 305.1 363.0 269.3 297.4 295.6 283.0 wheat 0
393.9 411.7 358.1 431.2 321.7 364.6 357.5 345.1 wheat 0
504.1 435.6 488.2 455.7 418.7 400.6 434.7 380.5 wheat 0
500.5 402.8 468.9 416.2 432.7 330.6 464.3 317.3 wheat 0
40.1 556.3 10.6 562.2 -0.0 510.0 29.5 504.0 wheat 0
159.7 630.6 120.0 647.4 86.0 566.8 125.7 550.0 wheat 0
186.4 569.8 166.7 594.6 96.0 538.5 115.7 513.7 wheat 0
280.7 653.6 261.2 691.9 201.4 661.5 220.9 623.2 wheat 0
332.9 741.6 302.9 772.5 226.7 698.5 256.7 667.6 wheat 0
404.3 663.8 371.9 685.9 324.7 616.8 357.0 594.7 wheat 0
355.4 539.7 321.6 562.8 265.2 480.4 299.0 457.3 wheat 0
438.7 600.6 415.1 620.5 359.4 554.3 383.0 534.4 wheat 0
506.9 708.1 542.5 711.7 538.7 749.6 503.1 746.0 wheat 0
736.7 796.6 717.2 807.3 684.3 747.1 703.9 736.5 wheat 0
1012.1 631.5 991.7 648.6 960.2 611.2 980.5 594.0 wheat 0
863.0 681.8 841.7 708.6 777.4 657.6 798.7 630.7 wheat 0
904.8 642.9 883.9 675.4 812.1 629.2 833.0 596.7 wheat 0
735.0 637.3 703.7 663.6 651.3 601.4 682.6 575.0 wheat 0
656.4 686.2 632.1 696.4 609.5 642.9 633.7 632.6 wheat 0
534.7 698.6 491.0 703.0 484.6 639.1 528.3 634.7 wheat 0
751.8 97.4 792.7 97.4 792.7 220.6 751.8 220.6 wheat 0
690.6 157.2 724.7 157.2 724.7 230.6 690.6 230.6 wheat 0
713.1 269.3 696.4 295.3 647.1 263.6 663.7 237.6 wheat 0
576.3 295.8 598.7 314.6 567.4 351.8 545.0 333.0 wheat 0
956.8 449.3 933.0 479.4 882.9 439.6 906.7 409.6 wheat 0
835.7 396.6 811.8 406.7 792.0 360.0 816.0 349.9 wheat 0
718.6 424.4 699.4 444.2 660.5 406.4 679.7 386.6 wheat 0
637.7 454.6 618.6 478.7 585.4 452.4 604.5 428.3 wheat 0
189.4 684.0 205.7 719.6 152.6 743.9 136.3 708.3 wheat 0
255.3 796.2 245.1 812.1 214.7 792.6 225.0 776.7 wheat 0
433.7 87.6 415.3 100.2 378.8 46.9 397.3 34.3 wheat 0
980.7 1010.8 957.2 1023.7 934.7 982.6 958.3 969.8 wheat 0
536.7 24.1 577.7 24.1 577.7 117.6 536.7 117.6 wheat 0
1022.7 121.6 984.0 129.5 969.0 55.8 1007.8 47.9 wheat 0
945.7 93.1 990.7 93.1 990.7 169.6 945.7 169.6 wheat 0
925.7 125.6 885.3 133.8 861.2 14.8 901.6 6.6 wheat 0
861.7 196.0 825.7 220.6 782.3 157.1 818.3 132.5 wheat 0
