680.9 408.2 532.4 471.0 509.0 415.7 657.6 352.9 wheat 0
775.9 300.2 661.9 323.3 608.9 61.8 722.9 38.6 wheat 0
994.9 435.2 837.5 467.1 824.1 401.4 981.6 369.5 wheat 0
535.8 633.1 610.9 640.7 595.9 789.2 520.9 781.7 wheat 0
311.0 684.5 383.4 706.9 349.9 815.2 277.6 792.8 wheat 0
641.9 910.2 514.6 997.3 465.7 925.8 593.0 838.7 wheat 0
434.4 891.4 502.9 998.2 466.5 1021.6 398.0 914.8 wheat 0
108.9 884.2 184.9 884.2 184.9 998.2 108.9 998.2 wheat 0
369.9 627.2 205.1 766.1 146.4 696.4 311.2 557.5 wheat 0
138.2 525.2 340.7 545.5 331.9 633.2 129.4 612.9 wheat 0
419.9 658.2 359.4 664.3 347.4 544.4 407.9 538.4 wheat 0
412.5 398.7 480.6 427.4 437.9 528.2 369.9 499.4 wheat 0
444.5 280.9 502.0 329.3 416.9 430.2 359.5 381.8 wheat 0
559.9 296.2 497.9 302.4 480.1 125.0 542.1 118.7 wheat 0
535.9 260.2 474.3 279.3 405.9 58.1 467.5 39.1 wheat 0
527.0 6.0 609.9 6.0 609.9 251.2 527.0 251.2 wheat 0
317.9 256.2 252.8 262.7 233.3 68.1 298.4 61.6 wheat 0
0.0 248.2 99.9 248.2 99.9 321.1 0.0 321.1 wheat 0
