690.7 614.6 653.4 630.4 584.8 468.2 622.2 452.4 wheat 0
592.7 606.6 557.6 617.5 514.6 478.4 549.7 467.5 wheat 0
478.7 701.6 448.3 718.2 402.1 633.7 432.6 617.1 wheat 0
404.7 684.9 482.6 750.5 458.1 779.5 380.3 713.9 wheat 0
393.7 775.6 362.0 785.4 336.5 703.0 368.2 693.2 wheat 0
436.7 770.6 412.5 783.9 359.7 687.4 384.0 674.1 wheat 0
236.9 631.4 300.6 666.2 281.7 700.6 218.0 665.8 wheat 0
94.6 567.7 171.9 609.9 150.7 648.6 73.5 606.4 wheat 0
151.7 723.6 117.4 734.2 80.7 615.4 115.0 604.8 wheat 0
166.4 666.2 192.1 680.3 165.7 728.6 140.0 714.5 wheat 0
52.1 640.4 130.7 706.6 111.6 729.3 32.9 663.1 wheat 0
603.7 786.6 519.0 795.1 515.2 757.0 599.9 748.5 wheat 0
567.7 932.6 608.7 932.6 608.7 987.6 567.7 987.6 wheat 0
658.7 715.3 689.6 718.4 681.8 796.0 650.9 792.9 wheat 0
787.7 800.6 755.6 810.6 735.1 744.3 767.2 734.4 wheat 0
827.8 802.2 784.0 806.6 775.7 724.0 819.5 719.6 wheat 0
847.4 685.5 876.7 705.6 829.5 774.7 800.2 754.6 wheat 0
624.7 656.6 652.7 656.6 652.7 709.6 624.7 709.6 wheat 0
86.6 945.1 168.9 990.0 152.7 1019.6 70.5 974.7 wheat 0
40.9 926.6 117.8 979.3 99.7 1005.6 22.8 953.0 wheat 0
671.4 588.6 751.9 643.7 730.7 674.6 650.2 619.5 wheat 0
814.3 632.1 787.4 634.8 782.2 582.1 809.0 579.4 wheat 0
930.6 684.1 1010.0 727.5 989.7 764.6 910.3 721.2 wheat 0
938.2 636.3 971.7 654.6 941.4 710.2 907.9 691.9 wheat 0
925.7 740.1 955.3 749.3 940.8 796.1 911.2 786.9 wheat 0
983.8 935.8 1019.1 943.0 1003.6 1019.4 968.3 1012.3 wheat 0
998.5 651.7 1022.2 668.0 991.7 712.6 968.0 696.3 wheat 0
268.9 484.9 350.1 553.4 334.7 571.6 253.5 503.2 wheat 0
210.7 455.6 159.5 471.5 150.5 442.5 201.8 426.7 wheat 0
136.7 465.6 105.6 482.6 57.5 394.7 88.7 377.7 wheat 0
62.7 339.6 109.7 339.6 109.7 396.6 62.7 396.6 wheat 0
144.7 271.6 100.7 280.5 69.3 125.5 113.3 116.6 wheat 0
288.9 301.6 361.8 341.4 344.7 372.6 271.9 332.8 wheat 0
296.1 346.4 328.3 368.5 316.4 385.8 284.2 363.8 wheat 0
210.2 476.0 192.6 490.9 164.3 457.2 181.9 442.4 wheat 0
834.7 418.6 805.8 430.8 764.7 333.6 793.6 321.3 wheat 0
788.9 386.5 756.5 404.2 707.6 314.7 740.0 297.0 wheat 0
622.7 220.6 601.0 225.0 588.5 163.2 610.2 158.7 wheat 0
604.7 205.6 575.7 221.5 551.8 177.6 580.7 161.8 wheat 0
685.7 177.6 660.3 188.4 638.4 136.8 663.9 126.0 wheat 0
969.7 240.6 928.4 258.1 873.7 128.7 915.0 111.2 wheat 0
136.7 131.6 173.7 131.6 173.7 201.6 136.7 201.6 wheat 0
193.3 118.6 245.7 184.6 224.4 201.5 172.0 135.5 wheat 0
233.2 82.5 206.4 105.0 163.3 53.8 190.0 31.2 wheat 0
387.0 109.6 354.7 131.6 281.5 24.6 313.8 2.5 wheat 0
392.5 80.7 413.8 82.8 407.7 143.6 386.4 141.5 wheat 0
824.6 83.3 801.7 102.6 748.9 39.9 771.8 20.6 wheat 0
810.5 3.5 836.4 6.1 830.9 60.8 805.1 58.2 wheat 0
133.5 96.8 114.2 104.9 86.9 40.5 106.3 32.3 wheat 0
713.7 488.6 743.7 488.6 743.7 523.6 713.7 523.6 wheat 0
3.7 753.6 24.7 753.6 24.7 812.6 3.7 812.6 wheat 0
