61.3 219.9 172.1 242.4 159.8 303.1 49.0 280.7 wheat 0
379.1 362.5 342.3 387.6 297.1 321.5 333.9 296.4 wheat 0
550.5 578.9 632.1 623.5 610.2 663.4 528.7 618.9 wheat 0
698.1 592.5 794.1 592.5 794.1 661.5 698.1 661.5 wheat 0
776.5 685.4 842.2 705.7 823.1 767.5 757.3 747.2 wheat 0
658.2 792.1 732.7 799.6 726.1 865.5 651.6 858.0 wheat 0
419.0 861.8 529.3 884.2 515.1 954.5 404.7 932.1 wheat 0
227.1 742.5 166.2 754.8 148.2 665.8 209.0 653.5 wheat 0
358.1 714.5 316.9 742.7 249.9 644.7 291.0 616.5 wheat 0
35.8 741.5 125.6 750.6 120.1 805.5 30.3 796.5 wheat 0
145.1 867.5 98.4 899.4 68.0 855.0 114.6 823.0 wheat 0
659.2 966.5 608.1 1009.5 579.2 975.2 630.3 932.2 wheat 0
954.1 766.5 1021.1 766.5 1021.1 833.5 954.1 833.5 wheat 0
671.1 449.5 712.1 449.5 712.1 500.5 671.1 500.5 wheat 0
831.1 361.4 875.7 407.3 825.1 456.5 780.4 410.6 wheat 0
721.8 222.8 823.0 278.1 791.1 336.5 689.8 281.2 wheat 0
825.1 185.5 755.7 214.9 712.7 113.2 782.1 83.8 wheat 0
864.5 104.2 921.1 115.7 904.1 199.5 847.5 188.0 wheat 0
943.1 146.5 1011.1 146.5 1011.1 264.5 943.1 264.5 wheat 0
599.1 205.5 577.9 247.2 504.1 209.6 525.3 168.0 wheat 0
