585.7 629.6 527.7 654.2 492.0 569.8 550.1 545.2 wheat 0
682.7 739.6 745.7 739.6 745.7 826.6 682.7 826.6 wheat 0
900.7 853.9 849.9 859.0 843.8 798.3 894.6 793.2 wheat 0
819.3 576.6 780.6 592.9 752.2 525.7 790.9 509.3 wheat 0
869.9 440.4 941.9 479.7 921.7 516.6 849.7 477.3 wheat 0
829.8 358.5 869.4 385.6 827.7 446.7 788.0 419.6 wheat 0
551.7 463.6 581.7 463.6 581.7 520.6 551.7 520.6 wheat 0
696.7 422.6 657.6 439.2 623.5 358.6 662.7 342.1 wheat 0
914.7 74.6 790.4 142.5 770.7 106.5 895.0 38.5 wheat 0
883.2 156.6 965.0 225.5 917.7 281.6 835.9 212.7 wheat 0
765.7 81.3 817.2 134.4 787.8 162.9 736.3 109.9 wheat 0
239.7 215.6 274.7 215.6 274.7 262.6 239.7 262.6 wheat 0
228.0 316.2 259.9 319.4 253.5 383.1 221.6 379.9 wheat 0
92.7 369.6 21.1 384.1 1.3 286.8 73.0 272.3 wheat 0
86.6 1.1 120.9 8.0 101.9 102.1 67.5 95.2 wheat 0
32.7 490.6 69.7 490.6 69.7 573.6 32.7 573.6 wheat 0
181.3 579.2 250.5 626.6 210.7 684.6 141.6 637.3 wheat 0
348.7 967.1 303.8 981.0 269.8 871.1 314.7 857.2 wheat 0
35.4 703.0 89.5 708.4 74.7 855.6 20.6 850.2 wheat 0
125.7 919.6 157.7 919.6 157.7 971.6 125.7 971.6 wheat 0
692.7 988.6 741.5 988.6 741.5 1024.0 692.7 1024.0 wheat 0
793.7 995.6 886.2 995.6 886.2 1024.0 793.7 1024.0 wheat 0
