655.8 502.8 772.0 574.0 752.3 606.1 636.1 534.9 wheat 0
730.7 437.6 769.7 437.6 769.7 567.6 730.7 567.6 wheat 0
874.8 441.8 849.1 455.8 802.1 369.6 827.7 355.6 wheat 0
802.1 441.3 883.8 510.1 859.7 538.6 778.0 469.8 wheat 0
896.7 539.0 867.8 541.9 861.8 482.2 890.7 479.3 wheat 0
830.9 533.6 952.3 545.8 948.5 583.6 827.1 571.4 wheat 0
987.6 592.3 970.7 618.6 900.5 573.5 917.4 547.2 wheat 0
917.7 585.6 951.7 585.6 951.7 673.6 917.7 673.6 wheat 0
955.8 661.8 997.9 697.2 976.6 722.5 934.6 687.0 wheat 0
868.6 616.7 834.6 631.1 817.8 591.5 851.9 577.1 wheat 0
814.4 593.8 883.3 651.9 866.7 671.6 797.8 613.5 wheat 0
876.6 693.9 920.5 717.8 910.9 735.4 867.0 711.4 wheat 0
950.3 749.4 1017.2 785.9 1001.4 814.8 934.5 778.3 wheat 0
979.8 880.5 892.9 907.4 884.6 880.7 971.6 853.8 wheat 0
908.7 902.6 948.7 902.6 948.7 1022.6 908.7 1022.6 wheat 0
913.7 1004.6 871.6 1022.4 841.9 952.1 884.0 934.3 wheat 0
889.8 899.7 789.7 930.6 775.7 885.2 875.7 854.3 wheat 0
833.5 860.0 809.6 870.1 794.0 833.3 817.9 823.1 wheat 0
629.1 853.0 666.8 860.6 634.4 1020.3 596.7 1012.6 wheat 0
559.2 744.7 649.2 820.4 623.7 850.6 533.8 774.8 wheat 0
605.4 709.8 579.7 720.6 551.3 653.4 576.9 642.5 wheat 0
468.8 566.5 560.4 629.2 543.7 653.6 452.1 590.9 wheat 0
498.7 459.6 573.6 522.7 551.7 548.6 476.8 485.5 wheat 0
516.7 400.6 671.7 400.6 671.7 448.6 516.7 448.6 wheat 0
442.5 380.6 544.5 436.4 530.7 461.6 428.7 405.9 wheat 0
429.6 422.2 544.5 457.7 532.6 496.1 417.7 460.6 wheat 0
435.5 488.4 404.8 505.2 366.9 435.8 397.7 419.1 wheat 0
411.8 479.8 516.7 551.6 495.7 582.4 390.7 510.6 wheat 0
351.7 368.6 383.7 368.6 383.7 460.6 351.7 460.6 wheat 0
807.2 237.9 772.7 248.6 739.1 139.8 773.6 129.1 wheat 0
851.0 332.1 829.8 341.0 809.5 293.1 830.7 284.2 wheat 0
635.8 172.0 807.3 302.3 782.7 334.6 611.2 204.2 wheat 0
913.9 176.6 882.7 193.6 826.9 91.5 858.1 74.4 wheat 0
865.9 155.3 921.7 202.4 898.6 229.9 842.7 182.9 wheat 0
973.4 256.8 948.7 273.6 914.4 223.4 939.1 206.6 wheat 0
968.6 319.2 941.7 321.9 937.9 284.1 964.8 281.4 wheat 0
1009.5 303.1 981.8 311.6 965.0 257.2 992.7 248.6 wheat 0
437.8 968.1 427.7 976.6 385.2 926.2 395.3 917.7 wheat 0
445.8 920.2 524.1 1000.8 500.7 1023.6 422.3 943.0 wheat 0
469.7 812.6 423.6 817.2 416.9 750.9 463.1 746.3 wheat 0
338.7 788.6 429.7 788.6 429.7 808.6 338.7 808.6 wheat 0
285.1 845.0 417.0 885.8 407.7 915.6 275.9 874.8 wheat 0
244.5 876.3 323.1 892.2 314.7 933.6 236.1 917.7 wheat 0
385.7 564.2 291.7 682.6 258.2 656.0 352.1 537.6 wheat 0
374.8 628.6 437.5 671.5 423.7 691.6 361.0 648.7 wheat 0
233.4 582.0 292.2 593.9 286.1 624.3 227.3 612.3 wheat 0
370.7 617.5 340.6 642.9 260.6 548.0 290.7 522.6 wheat 0
254.2 541.8 119.9 555.3 116.2 518.4 250.6 505.0 wheat 0
89.0 441.2 206.9 477.7 196.5 511.2 78.6 474.7 wheat 0
79.4 473.8 187.4 495.7 180.7 528.6 72.8 506.7 wheat 0
61.3 512.2 210.4 593.7 192.2 627.0 43.0 545.5 wheat 0
248.3 641.6 217.0 654.8 193.2 598.6 224.5 585.4 wheat 0
522.0 272.6 559.2 280.2 543.5 357.6 506.3 350.1 wheat 0
534.7 207.3 594.6 232.6 581.7 263.0 521.9 237.7 wheat 0
631.8 323.0 613.7 341.6 548.9 278.7 567.0 260.1 wheat 0
454.7 298.3 424.7 314.6 364.6 204.6 394.6 188.3 wheat 0
45.8 103.1 245.1 239.4 221.7 273.6 22.5 137.3 wheat 0
99.2 817.9 70.3 837.7 13.3 754.3 42.2 734.6 wheat 0
70.4 814.8 147.1 856.8 132.5 883.6 55.7 841.6 wheat 0
187.7 927.6 284.7 927.6 284.7 964.6 187.7 964.6 wheat 0
179.3 925.7 295.7 974.9 282.7 1005.6 166.3 956.4 wheat 0
217.1 959.5 135.1 994.2 127.4 975.7 209.3 941.1 wheat 0
4.7 653.6 57.7 653.6 57.7 694.6 4.7 694.6 wheat 0
290.2 170.9 252.5 186.9 186.3 30.3 224.0 14.3 wheat 0
157.7 174.6 115.7 178.8 100.7 29.2 142.7 25.0 wheat 0
428.7 59.4 397.4 80.9 356.7 21.5 388.1 0.0 wheat 0
411.7 219.6 479.7 219.6 479.7 244.6 411.7 244.6 wheat 0
705.8 8.1 733.3 31.3 721.7 45.1 694.2 21.9 wheat 0
507.7 64.6 487.9 70.7 471.0 16.1 490.8 10.0 wheat 0
