751.8 485.5 804.3 514.2 747.7 617.6 695.3 589.0 wheat 0
758.7 520.6 644.1 532.1 640.0 491.2 754.6 479.7 wheat 0
994.1 479.0 952.9 487.3 943.4 440.3 984.5 431.9 wheat 0
982.7 484.6 1024.0 484.6 1024.0 525.9 982.7 525.9 wheat 0
966.7 537.6 1024.0 537.6 1024.0 582.5 966.7 582.5 wheat 0
1023.7 618.6 964.4 643.7 947.9 604.7 1007.3 579.6 wheat 0
921.2 338.1 1001.4 346.1 996.7 392.6 916.5 384.6 wheat 0
810.7 25.6 869.7 25.6 869.7 115.6 810.7 115.6 wheat 0
814.4 79.4 767.4 89.0 759.0 47.8 806.1 38.3 wheat 0
815.7 122.6 748.1 129.4 744.1 89.5 811.7 82.7 wheat 0
741.9 131.0 652.4 140.0 647.6 92.2 737.1 83.2 wheat 0
570.7 97.6 602.7 97.6 602.7 171.6 570.7 171.6 wheat 0
493.5 85.7 568.7 180.5 517.0 221.5 441.8 126.7 wheat 0
646.2 276.4 694.8 281.3 689.7 331.6 641.2 326.7 wheat 0
698.6 378.1 728.3 390.7 695.7 467.6 666.1 455.1 wheat 0
546.7 388.6 611.7 388.6 611.7 427.6 546.7 427.6 wheat 0
492.3 337.7 542.7 353.3 510.7 456.6 460.4 441.0 wheat 0
351.4 439.9 415.0 483.4 389.0 521.3 325.5 477.9 wheat 0
466.7 462.6 405.2 504.7 380.1 467.9 441.6 425.9 wheat 0
307.0 288.0 355.7 308.6 331.6 365.7 282.9 345.1 wheat 0
395.3 46.7 338.7 77.6 313.9 32.2 370.6 1.3 wheat 0
393.8 22.2 430.3 42.1 385.7 123.6 349.3 103.7 wheat 0
195.3 33.5 252.7 92.6 217.1 127.3 159.6 68.1 wheat 0
223.7 417.6 279.7 417.6 279.7 452.6 223.7 452.6 wheat 0
220.7 512.6 162.2 518.5 152.3 420.2 210.9 414.3 wheat 0
105.7 362.3 143.7 388.2 87.8 470.0 49.8 444.0 wheat 0
25.1 477.5 63.0 503.5 44.4 530.7 6.4 504.7 wheat 0
111.0 618.4 161.7 670.6 122.1 709.1 71.3 656.9 wheat 0
179.1 705.3 203.5 730.5 145.4 786.9 121.0 761.8 wheat 0
64.5 830.7 107.7 839.4 98.9 882.5 55.8 873.8 wheat 0
209.0 895.1 140.5 932.5 118.5 892.1 186.9 854.7 wheat 0
345.8 809.4 273.0 849.1 246.6 800.9 319.5 761.1 wheat 0
233.2 946.1 265.5 959.7 243.3 1012.2 211.0 998.6 wheat 0
318.1 893.4 365.1 913.2 348.4 952.8 301.4 933.0 wheat 0
320.3 962.2 361.8 979.8 348.1 1012.0 306.7 994.5 wheat 0
413.4 961.5 364.6 982.2 347.1 940.7 395.9 920.1 wheat 0
404.0 831.6 449.7 856.6 414.2 921.7 368.4 896.6 wheat 0
407.4 771.3 373.5 794.5 317.1 711.9 350.9 688.8 wheat 0
383.7 647.6 433.7 647.6 433.7 746.6 383.7 746.6 wheat 0
382.7 584.9 429.7 610.6 400.7 663.8 353.6 638.2 wheat 0
313.7 558.6 366.7 558.6 366.7 634.6 313.7 634.6 wheat 0
548.1 542.2 608.4 583.4 559.7 654.6 499.4 613.4 wheat 0
471.6 641.6 524.7 708.6 485.5 739.8 432.3 672.8 wheat 0
596.7 755.6 542.2 778.7 512.6 708.8 567.2 685.7 wheat 0
760.5 904.2 688.5 943.5 667.0 904.0 738.9 864.7 wheat 0
523.0 941.8 682.2 957.7 676.4 1015.5 517.2 999.5 wheat 0
816.6 821.3 870.2 826.6 859.7 930.6 806.2 925.2 wheat 0
1010.7 932.6 953.3 944.3 923.8 799.0 981.3 787.4 wheat 0
932.7 761.6 892.8 783.4 850.6 706.2 890.5 684.4 wheat 0
