10.6 301.9 275.3 328.5 270.1 380.2 5.4 353.6 wheat 0
336.8 323.9 354.3 369.0 66.8 480.8 49.3 435.7 wheat 0
668.2 122.0 629.3 162.0 520.3 56.2 559.2 16.1 wheat 0
732.7 103.0 1019.1 161.0 1008.3 214.0 721.9 156.0 wheat 0
762.9 456.8 720.8 485.6 650.8 383.3 692.9 354.5 wheat 0
275.9 654.3 592.3 686.1 586.8 740.8 270.4 709.0 wheat 0
776.2 747.5 824.0 767.8 778.5 875.5 730.6 855.3 wheat 0
818.1 759.3 875.4 777.1 842.3 884.0 785.0 866.3 wheat 0
964.6 754.5 1006.3 758.7 984.1 980.6 942.3 976.4 wheat 0
994.3 788.0 1019.0 788.0 1019.0 946.2 994.3 946.2 wheat 0
346.9 31.8 125.0 54.0 120.7 11.2 342.6 -11.0 wheat 0
