274.7 558.6 312.7 558.6 312.7 649.6 274.7 649.6 wheat 0
252.0 682.3 145.2 704.0 136.5 660.9 243.3 639.2 wheat 0
188.2 520.1 142.0 551.7 79.3 460.1 125.5 428.5 wheat 0
118.7 580.4 92.7 594.6 36.0 490.8 62.0 476.7 wheat 0
229.7 352.6 265.7 352.6 265.7 393.6 229.7 393.6 wheat 0
309.3 261.8 342.9 272.2 325.7 327.6 292.1 317.2 wheat 0
503.2 333.7 413.7 382.6 395.8 349.7 485.2 300.9 wheat 0
575.6 484.0 607.1 493.7 590.9 546.3 559.3 536.5 wheat 0
600.7 470.6 634.7 470.6 634.7 505.6 600.7 505.6 wheat 0
692.7 343.6 725.7 343.6 725.7 378.6 692.7 378.6 wheat 0
719.3 380.5 755.4 395.7 742.7 425.6 706.6 410.3 wheat 0
658.7 377.6 688.7 377.6 688.7 408.6 658.7 408.6 wheat 0
698.1 259.6 721.6 262.0 716.3 315.0 692.7 312.6 wheat 0
903.3 301.1 877.7 322.6 805.4 236.8 830.9 215.3 wheat 0
792.2 242.7 818.9 254.0 782.3 340.6 755.6 329.3 wheat 0
868.2 308.9 844.7 328.6 795.4 270.0 818.9 250.3 wheat 0
987.4 534.5 954.0 557.4 922.0 510.7 955.5 487.8 wheat 0
742.3 574.6 760.7 584.6 729.6 641.6 711.2 631.6 wheat 0
907.8 824.7 875.0 828.0 864.6 724.5 897.5 721.2 wheat 0
895.2 780.7 877.6 795.6 831.2 740.5 848.8 725.7 wheat 0
626.1 1017.9 595.5 1020.9 585.1 917.7 615.7 914.6 wheat 0
655.0 957.3 691.0 1002.7 660.5 1027.0 624.4 981.5 wheat 0
475.4 935.4 450.9 940.4 437.0 871.8 461.5 866.8 wheat 0
432.0 865.3 460.0 880.7 420.7 952.6 392.7 937.3 wheat 0
119.9 759.4 45.4 782.4 35.6 750.9 110.1 727.8 wheat 0
202.3 809.8 155.5 824.3 148.1 800.4 194.9 785.9 wheat 0
420.7 550.6 445.7 550.6 445.7 609.6 420.7 609.6 wheat 0
410.7 564.6 429.7 564.6 429.7 629.6 410.7 629.6 wheat 0
227.7 76.6 279.7 76.6 279.7 112.6 227.7 112.6 wheat 0
49.0 -1.5 83.0 33.5 58.2 57.6 24.2 22.6 wheat 0
94.7 69.6 117.7 69.6 117.7 106.6 94.7 106.6 wheat 0
137.7 85.6 168.7 85.6 168.7 123.6 137.7 123.6 wheat 0
192.4 187.6 173.1 195.8 154.0 150.6 173.4 142.5 wheat 0
189.3 257.4 161.6 266.0 149.2 225.8 176.9 217.3 wheat 0
92.3 209.3 38.9 231.9 29.2 208.9 82.6 186.3 wheat 0
932.7 238.6 965.7 238.6 965.7 282.6 932.7 282.6 wheat 0
40.9 251.5 70.6 271.8 44.6 309.8 14.9 289.4 wheat 0
5.7 593.6 71.7 593.6 71.7 642.6 5.7 642.6 wheat 0
456.5 417.5 507.4 445.4 493.0 471.7 442.1 443.9 wheat 0
