337.1 437.8 451.3 486.1 438.4 516.5 324.2 468.2 wheat 0
439.7 369.6 508.6 476.9 475.9 497.8 407.1 390.6 wheat 0
283.9 316.6 254.7 336.6 82.5 84.8 111.7 64.8 wheat 0
589.6 878.1 474.7 889.6 471.9 861.0 586.8 849.5 wheat 0
410.7 571.6 460.5 649.2 429.4 669.2 379.5 591.6 wheat 0
334.7 556.6 416.3 625.3 391.5 654.7 310.0 586.0 wheat 0
240.7 947.6 318.8 990.3 303.2 1018.9 225.1 976.2 wheat 0
248.3 875.4 304.6 985.9 275.2 1000.9 218.9 890.3 wheat 0
23.3 958.8 86.7 985.6 76.6 1009.5 13.2 982.7 wheat 0
9.6 897.6 68.7 909.6 62.8 938.9 3.7 927.0 wheat 0
151.5 639.1 225.7 732.6 208.5 746.3 134.3 652.8 wheat 0
10.9 802.3 96.7 838.6 85.8 864.5 -0.0 828.2 wheat 0
81.3 831.0 154.7 906.6 138.1 922.7 64.7 847.1 wheat 0
39.4 792.0 110.7 806.4 104.7 836.0 33.5 821.5 wheat 0
34.1 650.3 90.7 708.6 65.2 733.5 8.5 675.1 wheat 0
161.4 678.1 294.2 814.9 266.7 841.6 133.9 704.8 wheat 0
333.1 625.3 401.0 710.8 379.7 727.6 311.9 642.1 wheat 0
138.1 521.8 236.8 563.5 225.7 589.6 127.0 547.9 wheat 0
60.2 508.9 187.6 578.5 171.7 607.6 44.3 538.0 wheat 0
132.1 480.8 299.0 551.3 285.7 582.6 118.8 512.0 wheat 0
124.1 429.3 201.2 526.4 175.4 546.9 98.3 449.8 wheat 0
80.7 416.6 165.7 416.6 165.7 447.6 80.7 447.6 wheat 0
39.3 304.4 123.4 391.0 87.7 425.6 3.6 339.0 wheat 0
770.1 668.2 846.6 718.3 831.3 741.8 754.7 691.6 wheat 0
618.2 435.6 668.7 565.6 633.4 579.3 582.9 449.3 wheat 0
677.4 508.8 776.8 611.1 746.1 640.9 646.7 538.6 wheat 0
786.0 466.5 855.7 603.6 820.7 621.5 750.9 484.3 wheat 0
789.7 561.6 848.1 609.8 832.1 629.3 773.6 581.1 wheat 0
862.6 598.3 957.7 670.6 933.8 702.1 838.6 629.8 wheat 0
891.1 651.3 968.2 748.4 942.4 768.9 865.3 671.8 wheat 0
899.7 948.8 1021.7 971.0 1015.8 1003.4 893.8 981.2 wheat 0
728.7 715.6 787.9 803.8 759.6 822.8 700.4 734.6 wheat 0
654.7 919.6 742.6 979.8 727.6 1001.7 639.7 941.6 wheat 0
483.1 827.3 427.4 832.9 424.7 806.6 480.4 801.0 wheat 0
459.9 686.6 554.8 766.4 533.5 791.7 438.7 711.8 wheat 0
529.1 692.6 644.7 811.6 616.3 839.2 500.7 720.1 wheat 0
499.5 761.7 703.6 833.9 689.6 873.5 485.5 801.3 wheat 0
462.7 531.6 580.5 596.0 561.2 631.3 443.4 567.0 wheat 0
444.5 568.9 527.7 654.6 506.9 674.8 423.7 589.1 wheat 0
135.9 39.6 191.9 86.7 171.7 110.6 115.8 63.5 wheat 0
732.1 117.8 848.8 167.1 836.7 195.6 720.0 146.3 wheat 0
980.7 531.6 1006.9 625.8 980.2 633.3 954.0 539.0 wheat 0
549.5 229.3 647.3 296.2 629.3 322.6 531.5 255.7 wheat 0
952.7 311.6 1022.4 448.4 988.2 465.9 918.5 329.0 wheat 0
820.7 207.6 873.7 262.1 852.1 283.1 799.2 228.6 wheat 0
779.7 271.6 821.6 353.9 798.2 365.9 756.3 283.6 wheat 0
569.2 92.9 665.8 145.6 647.7 178.6 551.2 125.9 wheat 0
500.7 167.5 617.1 179.2 613.7 212.6 497.3 200.9 wheat 0
337.1 207.3 414.4 304.6 396.7 318.6 319.5 221.3 wheat 0
13.4 71.0 131.8 107.7 122.1 139.2 3.6 102.6 wheat 0
313.1 113.0 432.8 299.5 407.7 315.6 288.0 129.2 wheat 0
380.1 138.1 543.7 306.6 515.4 334.1 351.7 165.6 wheat 0
500.8 311.0 609.8 344.7 599.7 377.3 490.7 343.6 wheat 0
585.1 293.4 641.7 381.6 616.0 398.1 559.4 309.9 wheat 0
634.3 574.6 750.8 610.7 741.3 641.7 624.7 605.6 wheat 0
971.1 619.8 1016.1 657.7 997.7 679.5 952.7 641.6 wheat 0
1000.1 481.8 1020.0 553.4 991.6 561.3 971.7 489.6 wheat 0
835.4 652.9 912.2 705.5 892.6 734.2 815.7 681.6 wheat 0
574.9 3.6 619.9 41.4 598.7 66.6 553.7 28.7 wheat 0
415.9 6.5 484.9 53.7 463.7 84.6 394.7 37.4 wheat 0
274.7 839.6 389.7 839.6 389.7 871.6 274.7 871.6 wheat 0
271.7 696.6 322.6 724.4 307.8 751.6 256.9 723.8 wheat 0
264.3 805.9 178.4 864.6 163.2 842.3 249.0 783.6 wheat 0
