12.9 489.0 103.1 507.3 92.6 559.2 2.4 540.9 wheat 0
199.0 585.3 151.7 617.6 131.0 587.3 178.2 555.0 wheat 0
213.7 531.6 247.7 531.6 247.7 578.6 213.7 578.6 wheat 0
386.8 543.8 422.1 547.3 411.7 650.6 376.5 647.1 wheat 0
197.1 584.7 232.0 591.8 222.7 637.6 187.9 630.5 wheat 0
189.6 654.2 246.2 712.5 198.7 758.6 142.1 700.3 wheat 0
300.7 787.6 248.0 792.9 243.7 750.7 296.5 745.4 wheat 0
184.3 792.6 226.7 821.6 208.7 848.0 166.2 818.9 wheat 0
223.0 829.1 258.5 832.7 252.2 895.2 216.7 891.6 wheat 0
423.2 865.4 456.5 883.6 426.3 938.9 393.0 920.7 wheat 0
144.0 886.7 189.5 917.8 167.7 949.6 122.3 918.5 wheat 0
4.2 816.5 68.9 823.0 64.2 869.7 -0.4 863.3 wheat 0
230.7 997.6 201.5 1022.2 165.9 979.9 195.1 955.3 wheat 0
163.7 1016.6 93.8 1023.6 90.7 992.3 160.6 985.3 wheat 0
263.3 630.7 292.0 650.4 272.7 678.6 244.0 659.0 wheat 0
270.7 539.6 320.7 539.6 320.7 589.6 270.7 589.6 wheat 0
242.1 340.9 261.7 344.9 255.4 376.3 235.8 372.3 wheat 0
229.8 359.2 242.1 367.6 229.7 385.6 217.5 377.2 wheat 0
282.0 119.5 326.8 124.0 322.5 166.8 277.7 162.3 wheat 0
236.6 157.6 286.1 191.5 266.9 219.6 217.4 185.7 wheat 0
305.5 199.4 283.6 201.6 280.0 165.8 301.9 163.6 wheat 0
309.7 248.6 350.7 248.6 350.7 278.6 309.7 278.6 wheat 0
126.7 144.6 26.1 199.6 1.3 154.3 102.0 99.3 wheat 0
346.7 59.6 284.3 123.9 252.8 93.4 315.3 29.1 wheat 0
506.8 891.6 528.7 893.8 524.7 933.6 502.8 931.4 wheat 0
548.7 976.6 598.7 976.6 598.7 1022.6 548.7 1022.6 wheat 0
657.4 1013.3 611.4 1022.7 599.0 961.9 645.1 952.6 wheat 0
701.7 936.0 750.6 977.2 717.8 1016.2 668.8 975.0 wheat 0
674.7 717.6 590.7 734.6 581.3 688.0 665.3 671.0 wheat 0
526.7 693.6 557.7 693.6 557.7 727.6 526.7 727.6 wheat 0
596.4 607.8 618.4 614.6 610.1 641.4 588.1 634.6 wheat 0
759.7 631.6 675.9 677.4 649.4 628.9 733.2 583.1 wheat 0
769.3 669.0 712.0 686.7 702.2 655.2 759.5 637.5 wheat 0
711.0 723.5 760.7 750.6 725.7 814.8 676.0 787.7 wheat 0
786.4 494.8 752.7 589.6 704.3 572.4 737.9 477.6 wheat 0
699.6 423.5 673.1 464.7 652.9 451.7 679.4 410.5 wheat 0
809.2 489.4 686.4 588.7 666.2 563.8 789.1 464.5 wheat 0
695.5 483.9 717.2 511.2 692.7 530.6 671.0 503.3 wheat 0
739.7 348.6 768.7 348.6 768.7 370.6 739.7 370.6 wheat 0
798.6 432.8 762.3 444.1 746.9 394.4 783.2 383.2 wheat 0
726.2 403.6 754.2 422.8 737.3 447.6 709.2 428.4 wheat 0
716.0 440.9 739.0 448.0 727.4 485.3 704.5 478.2 wheat 0
771.7 275.6 732.7 302.3 715.2 276.9 754.3 250.1 wheat 0
684.7 277.6 706.7 277.6 706.7 314.6 684.7 314.6 wheat 0
603.1 222.0 656.8 227.4 652.4 271.2 598.7 265.8 wheat 0
802.3 178.9 756.3 198.4 737.2 153.3 783.2 133.8 wheat 0
665.3 24.7 704.5 36.8 689.1 86.5 650.0 74.4 wheat 0
642.1 80.6 672.3 89.9 655.7 143.6 625.5 134.3 wheat 0
985.7 837.6 1009.7 837.6 1009.7 871.6 985.7 871.6 wheat 0
999.7 932.0 1023.7 936.8 1011.7 995.6 987.8 990.8 wheat 0
1013.3 689.4 979.7 717.6 953.4 686.3 986.9 658.1 wheat 0
1023.0 624.4 984.3 650.8 967.7 626.6 1006.4 600.1 wheat 0
996.7 476.6 1022.7 476.6 1022.7 523.6 996.7 523.6 wheat 0
974.0 372.6 1016.2 381.2 1010.4 409.6 968.3 401.1 wheat 0
846.0 121.8 879.3 128.6 847.5 285.4 814.2 278.6 wheat 0
1026.4 68.0 962.4 87.8 952.6 56.3 1016.6 36.5 wheat 0
936.6 265.5 961.5 268.0 957.9 303.8 933.0 301.3 wheat 0
941.7 302.6 958.7 302.6 958.7 336.6 941.7 336.6 wheat 0
828.4 344.2 876.7 370.6 869.1 384.6 820.8 358.2 wheat 0
1002.7 306.6 1024.0 306.6 1024.0 338.5 1002.7 338.5 wheat 0
