402.8 217.1 319.5 233.9 308.8 181.0 392.1 164.1 wheat 0
72.5 230.9 177.9 241.5 172.2 299.2 66.7 288.6 wheat 0
566.3 38.0 624.3 38.0 624.3 107.0 566.3 107.0 wheat 0
722.1 86.5 685.9 123.8 610.5 50.6 646.8 13.3 wheat 0
863.3 158.0 944.3 158.0 944.3 303.0 863.3 303.0 wheat 0
757.1 250.7 806.9 255.7 799.5 329.4 749.8 324.4 wheat 0
669.0 372.1 755.0 398.7 737.6 455.0 651.6 428.4 wheat 0
779.3 416.8 868.1 444.3 848.3 508.3 759.5 480.8 wheat 0
441.5 352.3 389.7 357.5 383.2 291.8 434.9 286.6 wheat 0
422.3 366.0 487.3 366.0 487.3 446.0 422.3 446.0 wheat 0
355.3 397.0 419.3 397.0 419.3 461.0 355.3 461.0 wheat 0
111.9 520.1 43.9 577.5 9.7 536.9 77.8 479.6 wheat 0
37.3 569.0 121.3 569.0 121.3 633.0 37.3 633.0 wheat 0
317.0 768.5 272.6 805.9 185.7 702.6 230.0 665.2 wheat 0
73.3 706.0 142.3 706.0 142.3 770.0 73.3 770.0 wheat 0
77.6 766.5 22.7 777.6 3.0 680.6 57.9 669.5 wheat 0
372.5 786.9 424.3 815.2 369.1 916.1 317.4 887.9 wheat 0
598.3 719.6 643.4 757.6 569.3 845.5 524.2 807.5 wheat 0
884.0 637.4 964.1 692.1 933.6 736.7 853.5 681.9 wheat 0
930.7 707.2 976.7 778.8 932.9 806.9 887.0 735.3 wheat 0
894.9 837.0 960.6 843.6 951.7 932.1 886.0 925.5 wheat 0
744.3 945.0 801.3 945.0 801.3 1008.0 744.3 1008.0 wheat 0
938.3 958.0 995.4 958.0 995.4 1024.0 938.3 1024.0 wheat 0
872.3 308.0 919.3 308.0 919.3 372.0 872.3 372.0 wheat 0
