829.7 797.6 786.9 810.9 750.2 692.3 793.1 679.1 wheat 0
712.4 732.4 781.9 746.4 774.7 781.6 705.2 767.5 wheat 0
787.7 887.6 673.0 899.1 668.1 850.7 782.9 839.2 wheat 0
778.7 991.6 748.9 1016.8 711.6 972.5 741.5 947.3 wheat 0
533.7 944.6 659.7 944.6 659.7 971.6 533.7 971.6 wheat 0
619.7 841.6 445.7 915.2 431.4 881.3 605.4 807.7 wheat 0
597.9 692.0 664.8 712.7 655.6 742.3 588.7 721.6 wheat 0
564.7 713.5 616.8 749.2 598.7 775.6 546.6 740.0 wheat 0
555.7 712.6 431.0 751.2 418.4 710.5 543.1 671.9 wheat 0
428.2 592.0 589.9 608.3 585.7 649.6 424.1 633.4 wheat 0
405.8 614.9 492.7 651.6 476.8 689.3 389.9 652.6 wheat 0
328.6 551.2 411.7 596.6 397.4 622.9 314.2 577.5 wheat 0
316.4 577.3 406.7 626.6 388.9 659.2 298.6 609.9 wheat 0
315.7 606.2 188.3 619.0 184.3 579.4 311.7 566.6 wheat 0
150.5 528.3 261.3 562.5 251.0 596.0 140.2 561.7 wheat 0
256.1 632.4 313.3 638.2 310.7 663.6 253.6 657.9 wheat 0
186.1 688.7 304.2 712.7 296.7 749.6 178.6 725.7 wheat 0
190.3 654.8 216.8 696.0 188.2 714.4 161.7 673.2 wheat 0
177.1 714.3 145.6 724.0 139.4 704.0 170.9 694.2 wheat 0
68.2 550.3 141.4 625.6 116.3 650.0 43.1 574.6 wheat 0
50.7 458.6 123.7 458.6 123.7 491.6 50.7 491.6 wheat 0
24.5 496.4 86.2 522.5 78.0 541.8 16.3 515.7 wheat 0
173.7 401.6 71.7 471.4 48.0 436.8 150.0 367.0 wheat 0
35.6 342.8 161.7 429.1 138.7 462.6 12.6 376.3 wheat 0
147.9 288.8 220.7 319.6 210.8 343.1 138.0 312.3 wheat 0
172.6 174.4 245.7 249.6 209.9 284.4 136.8 209.1 wheat 0
135.5 186.0 279.7 230.6 267.3 270.8 123.0 226.2 wheat 0
13.2 734.5 88.7 757.8 81.3 781.7 5.8 758.4 wheat 0
72.1 788.7 220.7 877.7 203.6 906.2 55.1 817.1 wheat 0
977.7 892.0 946.3 898.4 937.8 856.2 969.1 849.9 wheat 0
907.4 907.7 1023.4 943.5 1013.7 974.6 897.8 938.7 wheat 0
949.7 975.0 915.3 1004.0 892.8 977.2 927.2 948.2 wheat 0
556.0 530.4 660.8 551.7 652.5 592.8 547.6 571.6 wheat 0
738.7 672.6 708.4 689.2 651.5 585.0 681.8 568.5 wheat 0
655.7 539.4 626.6 563.9 593.8 524.9 622.8 500.4 wheat 0
760.2 501.8 850.0 563.2 825.7 598.6 736.0 537.2 wheat 0
1003.7 604.6 905.3 658.4 887.6 626.0 986.0 572.2 wheat 0
722.6 632.6 916.1 640.4 914.5 681.6 721.0 673.8 wheat 0
828.9 653.6 963.7 710.6 948.9 745.8 814.1 688.8 wheat 0
953.5 660.9 993.3 664.8 983.9 758.4 944.1 754.4 wheat 0
979.6 707.9 1022.0 725.8 1009.9 754.3 967.5 736.4 wheat 0
940.9 464.7 1010.7 536.6 981.8 564.7 912.0 492.7 wheat 0
975.5 514.7 941.7 518.1 932.0 421.6 965.8 418.2 wheat 0
906.7 427.6 934.7 427.6 934.7 493.6 906.7 493.6 wheat 0
958.3 551.7 932.5 559.7 920.1 519.5 945.9 511.6 wheat 0
832.7 467.6 799.7 490.2 725.0 381.1 758.1 358.5 wheat 0
634.8 378.5 523.7 389.6 519.1 343.1 630.2 332.0 wheat 0
717.1 261.2 689.9 279.8 663.3 241.0 690.6 222.4 wheat 0
535.1 148.6 595.7 211.0 571.3 234.7 510.7 172.3 wheat 0
582.1 202.6 655.3 242.6 636.7 276.6 563.5 236.6 wheat 0
752.3 208.7 924.9 254.7 914.3 294.5 741.7 248.6 wheat 0
934.1 263.8 972.8 280.2 949.4 335.4 910.7 319.1 wheat 0
913.2 196.9 1023.8 257.3 1001.7 297.6 891.2 237.2 wheat 0
959.1 215.3 919.3 219.3 906.4 90.9 946.2 86.9 wheat 0
986.6 176.2 1024.5 223.9 997.9 245.1 960.0 197.3 wheat 0
938.3 17.0 1004.2 37.4 996.2 63.2 930.3 42.8 wheat 0
877.7 7.6 918.7 7.6 918.7 55.6 877.7 55.6 wheat 0
808.4 38.9 756.8 54.9 747.1 23.3 798.7 7.4 wheat 0
190.3 47.1 161.6 56.0 147.2 9.1 175.8 0.3 wheat 0
345.7 944.6 398.9 999.4 373.9 1023.7 320.7 968.9 wheat 0
