632.6 637.0 718.3 673.2 703.9 707.3 618.2 671.0 wheat 0
832.6 526.1 944.7 641.6 912.3 673.1 800.2 557.6 wheat 0
723.6 630.1 770.6 639.6 765.9 663.1 718.8 653.6 wheat 0
401.7 552.4 510.1 598.2 494.7 634.6 386.4 588.8 wheat 0
446.7 565.6 540.7 565.6 540.7 597.6 446.7 597.6 wheat 0
519.0 589.0 550.6 598.8 533.4 654.2 501.9 644.4 wheat 0
390.2 675.7 480.3 703.5 469.7 737.6 379.7 709.8 wheat 0
693.1 916.4 656.4 932.0 629.0 867.1 665.7 851.6 wheat 0
849.1 871.9 797.4 877.1 794.4 847.3 846.1 842.1 wheat 0
765.5 890.7 817.5 901.2 810.9 933.6 759.0 923.0 wheat 0
751.0 909.5 779.3 928.9 739.7 986.6 711.5 967.3 wheat 0
884.7 960.6 854.0 981.6 808.2 914.7 838.9 893.7 wheat 0
973.7 894.6 874.7 962.4 854.6 933.0 953.6 865.2 wheat 0
858.6 964.3 949.4 992.4 939.7 1023.6 848.9 995.5 wheat 0
604.9 906.0 660.7 929.6 642.6 972.5 586.8 948.9 wheat 0
605.7 997.6 531.9 1020.4 520.5 983.4 594.3 960.6 wheat 0
378.7 961.3 446.3 968.1 442.8 1002.9 375.2 996.1 wheat 0
391.7 920.6 417.7 920.6 417.7 957.6 391.7 957.6 wheat 0
477.1 844.5 442.8 851.4 429.3 784.8 463.6 777.8 wheat 0
282.0 724.2 374.7 819.6 345.1 848.4 252.4 752.9 wheat 0
252.7 825.6 216.8 850.2 138.0 735.1 174.0 710.5 wheat 0
197.8 867.2 233.7 882.3 196.7 969.6 160.9 954.5 wheat 0
256.7 987.6 129.6 1000.4 126.0 965.0 253.2 952.2 wheat 0
46.9 694.1 153.7 715.8 147.6 746.1 40.7 724.5 wheat 0
49.1 723.2 109.7 799.6 84.9 819.4 24.2 742.9 wheat 0
151.9 612.2 249.4 653.4 235.7 685.6 138.3 644.4 wheat 0
219.6 594.0 316.2 613.6 309.7 645.6 213.1 626.0 wheat 0
110.7 673.6 15.4 683.2 12.7 656.4 108.1 646.9 wheat 0
110.9 437.9 188.5 445.7 184.7 483.6 107.1 475.8 wheat 0
15.8 439.5 135.7 476.6 126.0 508.1 6.1 471.0 wheat 0
107.4 508.6 171.9 535.8 166.1 549.7 101.6 522.4 wheat 0
224.9 394.7 347.6 419.6 340.7 453.6 218.0 428.7 wheat 0
329.7 442.6 419.5 470.4 407.7 508.6 317.9 480.8 wheat 0
420.7 458.6 487.7 458.6 487.7 492.6 420.7 492.6 wheat 0
686.3 471.1 618.7 477.9 615.2 443.1 682.8 436.3 wheat 0
775.6 484.6 728.2 510.5 711.9 480.6 759.3 454.8 wheat 0
827.2 486.8 773.5 492.2 770.2 459.4 824.0 454.0 wheat 0
824.7 428.6 749.9 436.1 745.9 396.2 820.7 388.7 wheat 0
832.8 363.8 866.2 370.6 854.6 427.4 821.3 420.7 wheat 0
852.7 360.6 763.2 378.8 756.0 343.2 845.5 325.1 wheat 0
710.7 372.6 747.7 372.6 747.7 414.6 710.7 414.6 wheat 0
642.0 390.8 615.6 405.2 571.5 324.4 597.8 310.1 wheat 0
501.7 284.6 474.2 307.8 406.0 226.8 433.5 203.6 wheat 0
643.7 215.6 614.7 224.6 575.5 97.6 604.5 88.6 wheat 0
591.6 200.3 636.7 209.4 631.9 232.9 586.8 223.8 wheat 0
688.4 128.5 722.6 163.7 706.1 179.7 671.9 144.6 wheat 0
726.4 140.3 779.2 176.5 761.1 202.9 708.3 166.8 wheat 0
758.7 173.6 796.7 173.6 796.7 256.6 758.7 256.6 wheat 0
758.0 150.8 823.8 186.8 806.5 218.4 740.7 182.4 wheat 0
833.7 130.6 807.0 148.9 783.7 115.0 810.5 96.7 wheat 0
737.7 51.6 824.7 51.6 824.7 78.6 737.7 78.6 wheat 0
925.7 165.6 891.9 169.0 875.3 3.7 909.1 0.3 wheat 0
925.3 92.3 974.2 133.5 956.2 154.9 907.2 113.7 wheat 0
616.9 70.8 697.3 87.1 690.5 120.4 610.2 104.1 wheat 0
574.1 6.6 603.7 15.8 582.4 84.6 552.8 75.4 wheat 0
444.0 112.6 522.3 128.5 514.7 165.6 436.5 149.8 wheat 0
355.8 238.9 326.6 269.0 285.7 229.3 314.9 199.2 wheat 0
339.2 253.9 420.7 322.6 395.6 352.4 314.1 283.7 wheat 0
240.1 197.2 299.7 258.6 277.6 280.1 218.0 218.7 wheat 0
109.7 319.6 26.6 354.8 11.3 318.5 94.4 283.3 wheat 0
23.3 142.5 85.7 176.6 64.2 216.0 1.8 181.9 wheat 0
49.0 10.0 160.1 86.0 137.7 118.6 26.7 42.7 wheat 0
278.7 13.6 367.7 13.6 367.7 46.6 278.7 46.6 wheat 0
1023.7 911.7 988.9 915.2 982.8 854.5 1017.6 851.0 wheat 0
966.2 909.9 1002.0 913.5 999.3 940.3 963.5 936.8 wheat 0
