471.1 468.1 657.1 468.1 657.1 546.1 471.1 546.1 wheat 0
543.1 326.1 621.1 326.1 621.1 398.1 543.1 398.1 wheat 0
891.7 715.8 671.2 760.5 653.5 673.3 874.1 628.6 wheat 0
237.3 599.6 182.1 646.1 99.5 547.9 154.7 501.5 wheat 0
294.7 902.4 233.6 944.1 163.6 841.8 224.7 800.0 wheat 0
66.5 728.2 156.1 803.7 109.1 859.5 19.4 784.0 wheat 0
182.1 242.1 273.1 242.1 273.1 345.1 182.1 345.1 wheat 0
637.1 169.1 734.1 169.1 734.1 296.1 637.1 296.1 wheat 0
545.6 210.1 486.8 259.7 403.6 161.0 462.5 111.4 wheat 0
132.5 681.3 85.1 721.2 25.8 650.9 73.2 610.9 wheat 0
768.9 961.4 727.1 1014.1 625.9 933.7 667.7 881.1 wheat 0
941.4 826.6 897.3 882.2 815.8 817.6 860.0 761.9 wheat 0
979.9 951.0 938.8 1014.9 850.4 958.2 891.5 894.2 wheat 0
646.1 442.1 818.1 442.1 818.1 532.1 646.1 532.1 wheat 0
