400.7 400.7 440.4 427.9 403.1 482.5 363.3 455.3 wheat 0
182.1 296.5 136.7 310.5 107.7 216.8 153.1 202.8 wheat 0
63.5 424.5 137.0 439.4 127.6 485.5 54.1 470.6 wheat 0
86.7 483.5 133.2 488.2 128.1 539.5 81.6 534.8 wheat 0
151.1 641.5 192.1 641.5 192.1 695.5 151.1 695.5 wheat 0
247.1 663.5 298.1 663.5 298.1 741.5 247.1 741.5 wheat 0
282.1 661.5 234.4 666.3 228.0 602.4 275.6 597.6 wheat 0
343.1 589.5 296.3 594.2 292.0 551.4 338.8 546.7 wheat 0
409.8 566.4 370.0 570.4 366.4 534.6 406.2 530.6 wheat 0
417.2 660.4 454.1 685.6 411.1 748.5 374.2 723.3 wheat 0
448.6 609.9 492.2 614.3 485.1 685.5 441.5 681.1 wheat 0
535.1 746.5 496.9 772.6 450.7 705.1 488.9 679.0 wheat 0
537.0 835.8 600.1 862.5 582.4 904.2 519.4 877.5 wheat 0
601.2 598.8 639.1 619.5 618.2 657.7 580.3 637.0 wheat 0
737.1 622.5 688.4 632.4 680.5 593.3 729.2 583.5 wheat 0
741.4 523.7 798.1 571.5 767.2 608.1 710.5 560.4 wheat 0
939.0 458.8 992.7 481.5 952.1 577.5 898.4 554.8 wheat 0
936.5 615.1 997.1 656.5 964.8 703.7 904.2 662.3 wheat 0
978.1 738.5 899.1 754.5 888.9 704.1 967.9 688.1 wheat 0
818.1 795.5 776.0 808.5 763.8 769.0 805.8 756.0 wheat 0
685.1 677.5 787.1 677.5 787.1 719.5 685.1 719.5 wheat 0
806.1 752.5 762.0 776.6 713.9 688.5 757.9 664.4 wheat 0
55.1 543.5 16.0 555.6 3.6 515.5 42.6 503.4 wheat 0
837.1 662.5 774.1 668.8 768.8 616.2 831.8 609.9 wheat 0
916.1 580.5 847.8 609.4 832.5 573.2 900.8 544.4 wheat 0
839.7 612.0 888.1 612.0 888.1 659.5 839.7 659.5 wheat 0
629.4 521.5 669.4 529.6 659.1 580.5 619.1 572.4 wheat 0
570.3 536.6 613.9 545.5 608.1 574.5 564.4 565.7 wheat 0
