638.5 733.7 736.1 775.0 719.0 815.5 621.4 774.2 wheat 0
499.6 685.8 581.7 711.2 569.9 749.4 487.7 724.0 wheat 0
461.7 609.6 485.7 609.6 485.7 665.6 461.7 665.6 wheat 0
662.7 574.6 741.7 574.6 741.7 612.6 662.7 612.6 wheat 0
620.0 512.1 687.5 549.0 664.5 591.1 596.9 554.2 wheat 0
720.8 474.5 794.3 524.9 763.7 569.6 690.2 519.3 wheat 0
693.7 459.6 741.7 459.6 741.7 504.6 693.7 504.6 wheat 0
484.7 472.6 545.7 472.6 545.7 504.6 484.7 504.6 wheat 0
516.5 426.1 466.0 468.6 437.0 434.2 487.5 391.6 wheat 0
186.3 834.0 148.1 841.8 134.2 773.2 172.4 765.4 wheat 0
276.2 448.3 335.7 509.6 304.8 539.7 245.2 478.4 wheat 0
160.5 295.8 239.9 320.4 227.7 359.6 148.3 335.1 wheat 0
101.1 365.8 159.8 371.7 155.3 416.4 96.6 410.6 wheat 0
34.5 404.2 69.7 448.6 40.1 472.1 4.8 427.7 wheat 0
125.4 421.3 83.6 464.3 42.0 423.9 83.8 380.9 wheat 0
257.4 216.4 313.4 247.0 297.0 277.0 241.0 246.4 wheat 0
352.5 205.2 275.0 285.0 247.3 258.1 324.8 178.3 wheat 0
292.0 117.0 315.3 146.4 291.3 165.4 268.0 136.0 wheat 0
368.1 47.8 404.9 78.8 366.0 125.0 329.2 94.0 wheat 0
502.8 163.9 536.0 191.8 503.0 231.0 469.8 203.1 wheat 0
502.0 285.0 543.0 285.0 543.0 329.0 502.0 329.0 wheat 0
525.3 114.0 562.9 152.7 532.7 182.0 495.1 143.3 wheat 0
735.0 179.0 656.2 186.9 652.8 154.0 731.7 146.0 wheat 0
726.0 46.0 665.7 78.9 647.0 44.8 707.3 11.8 wheat 0
742.0 212.0 772.0 212.0 772.0 231.0 742.0 231.0 wheat 0
812.5 371.6 841.0 401.0 789.2 451.3 760.7 421.9 wheat 0
880.4 439.9 909.5 442.8 905.0 488.0 875.8 485.1 wheat 0
134.5 138.3 174.0 179.0 141.9 210.2 102.3 169.5 wheat 0
104.5 284.5 175.2 291.6 172.5 318.5 101.8 311.4 wheat 0
67.6 2.4 102.5 5.9 97.4 56.6 62.5 53.1 wheat 0
569.0 583.3 540.0 599.1 518.0 558.7 547.0 542.9 wheat 0
263.0 741.0 317.0 741.0 317.0 791.0 263.0 791.0 wheat 0
186.2 881.7 213.1 904.3 183.0 940.0 156.1 917.4 wheat 0
55.6 474.2 101.9 505.8 79.8 538.0 33.6 506.4 wheat 0
219.9 376.1 251.3 397.6 228.7 430.6 197.3 409.1 wheat 0
