927.9 369.2 684.2 475.1 659.4 418.0 903.0 312.1 wheat 0
618.0 440.0 708.3 478.2 690.7 519.6 600.5 481.5 wheat 0
358.6 360.7 454.2 380.1 443.7 431.6 348.1 412.2 wheat 0
620.9 230.4 667.7 278.6 580.5 363.4 533.7 315.2 wheat 0
1014.7 367.6 884.1 477.6 838.2 423.1 968.8 313.1 wheat 0
802.5 686.0 752.4 737.6 600.6 590.2 650.7 538.6 wheat 0
713.3 698.9 753.7 720.9 710.7 799.6 670.3 777.5 wheat 0
729.7 703.6 693.7 734.0 651.2 683.5 687.2 653.2 wheat 0
679.3 719.5 700.4 731.0 672.1 782.8 651.1 771.3 wheat 0
632.3 773.7 690.7 805.6 574.2 1019.0 515.7 987.0 wheat 0
573.6 883.5 665.6 978.2 621.8 1020.7 529.9 926.0 wheat 0
500.7 854.6 430.2 884.4 381.0 768.0 451.5 738.2 wheat 0
524.4 650.6 423.1 693.4 407.1 655.7 508.4 612.8 wheat 0
503.5 621.8 418.8 657.6 406.1 627.4 490.7 591.6 wheat 0
538.2 503.4 583.7 522.6 541.5 622.5 495.9 603.3 wheat 0
201.7 612.6 269.7 612.6 269.7 720.6 201.7 720.6 wheat 0
272.7 406.6 320.7 406.6 320.7 498.6 272.7 498.6 wheat 0
56.3 222.9 113.7 240.6 70.0 382.0 12.6 364.2 wheat 0
531.0 29.7 583.2 40.3 565.7 126.6 513.5 116.0 wheat 0
658.0 2.4 711.6 39.1 679.7 85.6 626.2 49.0 wheat 0
400.4 69.5 344.7 107.6 304.5 48.8 360.2 10.7 wheat 0
512.4 97.5 456.2 121.2 434.0 68.7 490.2 45.0 wheat 0
