104.5 484.6 248.8 513.9 231.1 601.5 86.7 572.3 wheat 0
537.1 869.5 443.3 888.5 424.0 793.3 517.8 774.3 wheat 0
677.1 906.5 596.2 931.5 556.4 802.6 637.2 777.6 wheat 0
895.1 460.5 821.5 500.7 749.9 369.6 823.5 329.4 wheat 0
354.6 231.1 468.1 308.7 423.1 374.5 309.6 296.9 wheat 0
122.1 101.5 295.1 101.5 295.1 167.5 122.1 167.5 wheat 0
450.1 3.5 574.1 3.5 574.1 119.5 450.1 119.5 wheat 0
595.1 246.5 518.8 288.2 466.5 192.6 542.8 150.9 wheat 0
826.5 782.1 961.3 823.7 922.1 950.5 787.3 908.8 wheat 0
948.1 446.5 1022.1 446.5 1022.1 588.5 948.1 588.5 wheat 0
208.9 360.7 398.8 441.0 355.1 544.5 165.1 464.2 wheat 0
