440.9 290.7 460.9 315.9 390.7 371.6 370.7 346.4 wheat 0
282.8 773.6 317.7 809.5 218.7 905.6 183.8 869.8 wheat 0
618.9 394.9 647.3 403.7 626.1 472.1 597.8 463.3 wheat 0
702.4 255.8 729.1 264.1 711.1 322.4 684.3 314.1 wheat 0
40.9 84.5 128.5 93.3 123.7 140.6 36.1 131.8 wheat 0
118.8 507.4 52.1 543.9 36.7 515.8 103.4 479.4 wheat 0
836.3 191.9 859.3 211.2 843.2 230.3 820.2 211.0 wheat 0
820.4 475.4 802.9 482.8 788.1 447.8 805.6 440.4 wheat 0
811.7 484.6 832.7 484.6 832.7 529.6 811.7 529.6 wheat 0
879.3 743.7 900.5 752.7 875.2 812.5 854.0 803.6 wheat 0
920.1 895.0 899.7 903.6 881.1 859.6 901.5 851.0 wheat 0
528.8 941.3 564.7 978.3 541.7 1000.6 505.8 963.6 wheat 0
920.8 71.1 964.0 115.6 936.7 142.1 893.5 97.6 wheat 0
464.1 196.6 497.5 231.1 477.4 250.6 444.0 216.2 wheat 0
