554.9 242.9 468.6 260.4 448.6 161.4 534.8 143.9 wheat 0
648.5 316.0 601.7 330.5 584.0 273.2 630.8 258.7 wheat 0
929.7 271.6 813.4 351.2 757.2 269.0 873.5 189.4 wheat 0
961.0 244.8 1022.1 263.7 1000.5 333.4 939.4 314.5 wheat 0
929.4 568.2 851.5 601.2 809.8 502.5 887.7 469.6 wheat 0
964.7 669.5 1009.3 678.5 1000.7 720.6 956.1 711.6 wheat 0
998.7 871.6 963.7 890.7 928.1 825.6 963.1 806.4 wheat 0
942.0 953.4 1018.0 961.0 1011.7 1023.6 935.7 1016.0 wheat 0
594.7 987.6 536.6 1019.4 474.5 905.6 532.6 873.9 wheat 0
433.0 428.9 551.3 509.8 520.0 555.5 401.8 474.6 wheat 0
486.2 494.5 557.7 533.6 528.1 587.9 456.5 548.9 wheat 0
561.8 509.2 630.7 616.6 582.7 647.5 513.7 540.0 wheat 0
629.5 607.9 678.2 623.0 667.0 659.3 618.3 644.2 wheat 0
465.7 782.6 387.6 806.8 359.0 714.3 437.1 690.2 wheat 0
281.7 678.6 205.2 731.0 172.9 683.6 249.4 631.3 wheat 0
310.5 682.1 260.7 759.6 226.2 737.4 275.9 659.9 wheat 0
157.7 703.6 248.7 703.6 248.7 734.6 157.7 734.6 wheat 0
147.6 451.5 240.1 460.7 231.3 548.9 138.7 539.6 wheat 0
484.7 396.6 425.1 429.2 400.9 384.8 460.5 352.2 wheat 0
476.7 318.6 416.9 369.0 373.9 317.9 433.7 267.5 wheat 0
297.7 219.6 381.7 219.6 381.7 293.6 297.7 293.6 wheat 0
222.7 320.6 128.6 372.0 95.9 312.1 190.0 260.7 wheat 0
195.8 235.1 270.7 242.6 266.8 282.2 191.8 274.7 wheat 0
892.0 54.3 841.7 117.6 777.9 67.0 828.1 3.7 wheat 0
911.9 0.0 1020.8 46.0 994.7 107.6 885.9 61.6 wheat 0
254.8 52.8 162.6 71.5 152.7 22.5 244.8 3.8 wheat 0
256.3 405.0 113.2 525.6 64.5 467.8 207.6 347.2 wheat 0
80.7 482.6 14.4 496.1 1.9 434.6 68.3 421.2 wheat 0
114.7 559.6 41.6 621.2 7.5 580.7 80.6 519.1 wheat 0
136.5 649.5 56.7 716.6 0.5 649.8 80.2 582.7 wheat 0
257.5 806.3 165.9 856.3 143.6 815.4 235.1 765.4 wheat 0
279.7 860.6 177.4 870.9 172.8 825.8 275.2 815.5 wheat 0
236.7 873.0 171.0 928.4 138.7 890.2 204.5 834.8 wheat 0
446.7 967.6 336.4 978.7 328.8 903.4 439.2 892.3 wheat 0
435.9 929.1 510.5 936.6 502.6 1016.2 427.9 1008.7 wheat 0
154.5 922.4 223.2 929.3 214.0 1020.8 145.3 1013.9 wheat 0
