293.4 108.0 346.6 118.8 331.1 195.5 277.9 184.7 wheat 0
172.1 0.0 223.5 0.0 223.5 43.5 172.1 43.5 wheat 0
26.1 30.5 83.1 30.5 83.1 104.5 26.1 104.5 wheat 0
224.4 213.4 157.1 259.5 126.8 215.3 194.2 169.3 wheat 0
108.0 154.8 159.9 165.3 149.2 218.2 97.2 207.7 wheat 0
243.2 310.4 287.0 323.9 271.1 375.5 227.2 362.0 wheat 0
370.1 110.5 421.1 110.5 421.1 160.5 370.1 160.5 wheat 0
540.1 180.5 477.8 199.8 462.9 151.7 525.2 132.5 wheat 0
582.1 39.4 626.8 70.0 601.8 106.7 557.0 76.1 wheat 0
699.1 172.5 615.9 189.4 605.1 135.7 688.2 118.9 wheat 0
793.1 71.5 730.3 84.2 719.5 31.1 782.3 18.4 wheat 0
814.1 173.5 743.6 187.8 733.9 139.7 804.3 125.5 wheat 0
699.8 184.4 775.1 225.5 751.7 268.2 676.5 227.1 wheat 0
774.2 314.5 868.0 343.6 854.1 388.5 760.3 359.5 wheat 0
896.3 371.2 978.3 416.0 955.1 458.5 873.1 413.7 wheat 0
950.1 116.5 1024.0 116.5 1024.0 192.3 950.1 192.3 wheat 0
955.1 211.5 1024.0 211.5 1024.0 276.5 955.1 276.5 wheat 0
756.9 367.0 808.0 372.1 802.1 431.5 751.0 426.4 wheat 0
674.7 311.9 737.1 324.5 723.1 393.5 660.8 380.9 wheat 0
586.5 242.7 647.4 276.1 622.1 322.5 561.1 289.2 wheat 0
487.3 279.7 523.1 316.5 477.8 360.5 442.1 323.7 wheat 0
604.6 490.3 686.2 506.9 674.1 566.5 592.5 550.0 wheat 0
655.4 579.8 707.0 585.0 700.1 654.5 648.4 649.3 wheat 0
782.1 682.5 724.1 707.0 684.6 613.4 742.5 588.9 wheat 0
817.2 625.9 886.1 663.5 867.0 698.3 798.2 660.7 wheat 0
1023.1 507.5 942.1 523.9 929.3 460.6 1010.2 444.2 wheat 0
955.1 807.5 918.6 838.2 874.6 786.0 911.0 755.2 wheat 0
780.6 842.5 837.5 914.1 789.1 952.5 732.2 880.9 wheat 0
784.1 812.5 732.2 840.8 686.1 756.3 737.9 728.0 wheat 0
670.1 802.5 613.9 826.3 587.8 764.7 644.0 740.9 wheat 0
631.1 788.0 667.9 813.2 627.7 872.0 590.9 846.8 wheat 0
617.1 946.5 565.6 981.7 530.1 929.8 581.5 894.6 wheat 0
690.1 918.5 744.1 918.5 744.1 999.5 690.1 999.5 wheat 0
879.8 913.2 937.0 961.4 888.1 1019.5 830.8 971.3 wheat 0
595.1 720.5 553.8 738.0 519.8 657.6 561.1 640.2 wheat 0
306.9 723.6 369.8 736.3 348.1 843.5 285.1 830.8 wheat 0
246.1 744.1 289.2 748.4 278.1 859.5 235.0 855.2 wheat 0
83.1 622.5 33.1 627.5 26.3 560.2 76.3 555.2 wheat 0
181.3 397.1 228.1 436.5 185.9 486.6 139.1 447.2 wheat 0
274.1 414.5 329.1 414.5 329.1 531.5 274.1 531.5 wheat 0
425.2 475.3 368.1 506.5 337.0 449.6 394.1 418.4 wheat 0
449.5 483.8 504.0 540.0 456.1 586.5 401.5 530.3 wheat 0
523.3 315.5 555.2 355.7 516.5 386.3 484.6 346.2 wheat 0
