603.3 623.1 700.2 704.6 659.7 752.6 562.9 671.1 wheat 0
643.4 590.4 671.4 596.1 663.6 634.7 635.5 629.0 wheat 0
909.7 749.6 770.1 763.6 765.8 720.3 905.4 706.3 wheat 0
892.3 720.8 937.2 734.7 922.2 783.4 877.3 769.5 wheat 0
1025.1 641.2 946.1 684.4 916.4 630.0 995.4 586.8 wheat 0
889.5 829.7 1023.2 886.2 1002.7 934.6 869.0 878.1 wheat 0
767.6 831.7 816.1 858.2 725.7 1023.6 677.3 997.1 wheat 0
524.7 790.6 591.7 790.6 591.7 1023.6 524.7 1023.6 wheat 0
443.7 909.6 372.9 916.7 350.9 697.4 421.7 690.3 wheat 0
398.6 893.3 437.7 933.6 374.5 995.0 335.4 954.7 wheat 0
231.2 824.1 297.6 852.2 276.7 901.6 210.3 873.5 wheat 0
177.9 929.6 223.9 939.0 210.6 1004.6 164.5 995.3 wheat 0
193.7 978.6 281.8 978.6 281.8 1024.0 193.7 1024.0 wheat 0
301.7 563.6 156.4 608.6 140.0 555.6 285.4 510.6 wheat 0
171.7 394.6 405.7 394.6 405.7 463.6 171.7 463.6 wheat 0
438.6 347.5 550.7 358.7 545.7 408.6 433.6 397.4 wheat 0
588.8 356.4 738.3 438.1 705.7 497.6 556.3 416.0 wheat 0
883.6 405.4 938.1 422.2 908.8 516.8 854.4 500.0 wheat 0
769.0 307.6 796.2 335.6 739.5 390.6 712.3 362.6 wheat 0
706.5 200.4 769.7 243.6 748.3 275.0 685.1 231.8 wheat 0
583.7 203.6 647.7 203.6 647.7 249.6 583.7 249.6 wheat 0
572.3 138.6 606.9 167.6 543.7 242.6 509.2 213.5 wheat 0
516.0 249.0 575.7 299.3 545.4 335.2 485.8 285.0 wheat 0
758.7 101.6 637.6 167.8 612.8 122.4 733.9 56.2 wheat 0
729.7 115.6 1023.7 115.6 1023.7 176.6 729.7 176.6 wheat 0
76.9 558.7 16.3 591.8 -2.4 557.5 58.2 524.5 wheat 0
66.7 448.6 14.2 464.9 1.7 424.4 54.2 408.2 wheat 0
187.0 246.4 282.3 311.6 248.7 360.6 153.5 295.4 wheat 0
274.7 273.6 384.7 273.6 384.7 313.6 274.7 313.6 wheat 0
57.6 213.1 166.1 246.6 149.7 299.6 41.3 266.1 wheat 0
138.1 130.3 72.3 185.7 41.4 149.0 107.2 93.6 wheat 0
169.4 0.2 213.0 24.0 154.7 130.6 111.2 106.8 wheat 0
388.7 58.6 334.4 104.4 294.8 57.3 349.1 11.6 wheat 0
452.3 47.8 534.9 64.5 521.7 129.6 439.1 112.9 wheat 0
279.7 119.6 419.7 119.6 419.7 166.6 279.7 166.6 wheat 0
917.7 993.6 864.2 1022.8 825.1 951.2 878.6 922.0 wheat 0
