661.1 210.7 732.9 225.2 707.1 352.5 635.3 338.0 wheat 0
881.6 358.0 955.2 365.4 948.5 432.0 874.9 424.6 wheat 0
969.9 530.3 1020.0 545.8 1003.1 600.5 953.0 585.0 wheat 0
862.1 544.5 833.7 563.9 803.3 519.5 831.7 500.1 wheat 0
764.1 649.5 710.6 660.3 698.2 599.1 751.7 588.3 wheat 0
802.1 488.5 764.4 520.2 706.8 451.8 744.4 420.1 wheat 0
682.5 367.2 747.1 394.5 728.2 439.1 663.7 411.8 wheat 0
962.7 221.4 902.1 254.5 877.3 209.1 937.9 176.0 wheat 0
924.1 158.5 858.6 178.8 844.3 132.4 909.7 112.2 wheat 0
833.1 145.5 765.1 166.5 750.0 117.7 818.0 96.7 wheat 0
548.3 34.8 644.1 115.5 614.8 150.2 519.0 69.5 wheat 0
495.1 111.5 436.1 117.4 428.4 40.3 487.3 34.4 wheat 0
394.3 86.3 344.1 96.5 328.3 18.7 378.5 8.5 wheat 0
245.1 124.5 179.4 131.1 174.1 77.9 239.7 71.3 wheat 0
262.9 271.5 199.1 298.5 180.7 255.0 244.5 228.0 wheat 0
292.5 388.2 354.9 400.9 335.1 498.5 272.7 485.9 wheat 0
324.1 436.5 280.7 473.1 192.7 368.6 236.1 332.0 wheat 0
95.7 367.3 197.1 377.5 193.3 415.2 91.9 405.0 wheat 0
45.0 425.8 101.7 443.4 79.1 516.5 22.3 499.0 wheat 0
126.1 479.1 218.2 497.8 207.1 552.5 115.0 533.9 wheat 0
625.1 533.5 572.3 569.6 508.2 476.0 561.0 439.9 wheat 0
576.5 336.5 635.0 348.4 614.1 451.5 555.6 439.7 wheat 0
640.1 453.9 715.7 477.3 701.1 524.5 625.5 501.1 wheat 0
452.1 646.5 403.8 672.9 370.5 612.0 418.8 585.6 wheat 0
441.1 711.6 364.1 776.5 327.2 732.7 404.2 667.8 wheat 0
480.0 653.3 526.4 662.7 515.1 718.5 468.7 709.1 wheat 0
338.1 627.5 287.2 649.0 264.1 594.4 315.0 572.9 wheat 0
249.1 600.4 288.1 649.5 223.3 700.9 184.3 651.8 wheat 0
402.1 894.5 360.6 937.2 254.1 833.9 295.6 791.1 wheat 0
242.1 836.5 180.9 842.6 172.0 754.1 233.2 748.0 wheat 0
109.1 607.5 36.7 657.0 10.3 618.5 82.7 569.0 wheat 0
264.7 2.4 302.5 14.0 284.1 73.5 246.3 61.8 wheat 0
747.1 586.5 688.1 592.4 683.4 545.3 742.3 539.4 wheat 0
