499.7 728.6 452.2 761.2 292.9 528.4 340.5 495.8 wheat 0
635.7 736.6 592.5 754.9 506.1 550.6 549.3 532.3 wheat 0
668.7 577.6 703.7 577.6 703.7 725.6 668.7 725.6 wheat 0
785.7 846.9 747.7 858.6 691.2 675.9 729.2 664.1 wheat 0
943.2 735.1 888.8 764.8 868.2 727.1 922.6 697.4 wheat 0
526.7 726.6 557.7 726.6 557.7 784.6 526.7 784.6 wheat 0
606.7 691.6 658.7 691.6 658.7 719.6 606.7 719.6 wheat 0
503.1 859.6 477.3 867.6 463.4 822.7 489.2 814.7 wheat 0
458.9 841.1 433.7 843.6 427.3 779.9 452.5 777.3 wheat 0
423.6 868.0 483.3 900.6 469.9 925.2 410.2 892.6 wheat 0
544.6 984.9 516.0 993.8 498.8 938.3 527.5 929.5 wheat 0
563.7 965.6 592.7 965.6 592.7 1023.6 563.7 1023.6 wheat 0
980.6 906.5 919.5 925.4 910.9 897.7 972.0 878.8 wheat 0
1022.0 1007.5 984.2 1011.3 975.5 924.7 1013.3 920.9 wheat 0
742.1 486.2 769.5 501.2 721.7 588.6 694.3 573.6 wheat 0
589.1 373.3 549.3 385.6 511.9 264.9 551.7 252.6 wheat 0
737.8 450.3 709.7 465.6 651.0 358.1 679.1 342.7 wheat 0
682.2 320.7 655.8 338.7 585.2 235.6 611.7 217.5 wheat 0
914.4 350.3 891.7 352.6 878.2 217.7 900.9 215.4 wheat 0
698.2 609.1 780.1 653.8 762.7 685.6 680.8 640.9 wheat 0
595.1 495.5 558.3 499.2 549.3 409.7 586.2 406.0 wheat 0
341.7 779.6 316.5 796.9 258.1 711.4 283.3 694.2 wheat 0
246.7 738.6 212.4 753.1 173.8 661.8 208.1 647.2 wheat 0
290.7 860.6 259.3 877.8 212.5 792.2 244.0 775.0 wheat 0
32.7 803.6 74.7 803.6 74.7 928.6 32.7 928.6 wheat 0
124.4 697.3 152.0 709.0 97.1 838.9 69.5 827.2 wheat 0
221.6 903.7 149.2 926.1 140.0 896.1 212.3 873.7 wheat 0
218.7 935.6 157.6 954.6 150.8 932.6 211.9 913.7 wheat 0
54.9 966.2 177.8 978.5 173.7 1018.6 50.9 1006.3 wheat 0
137.2 953.3 204.9 960.1 202.3 985.9 134.6 979.2 wheat 0
770.0 885.9 834.5 913.2 825.5 934.3 761.0 907.1 wheat 0
848.7 150.6 894.7 150.6 894.7 258.6 848.7 258.6 wheat 0
944.5 159.7 1025.8 176.2 1018.5 212.5 937.2 196.0 wheat 0
984.7 154.6 954.3 160.8 935.8 69.6 966.2 63.5 wheat 0
503.9 10.5 553.4 15.4 535.7 191.6 486.2 186.6 wheat 0
436.0 218.6 410.7 244.6 272.4 110.2 297.6 84.3 wheat 0
300.4 168.1 271.7 197.6 119.6 49.8 148.2 20.3 wheat 0
203.7 205.6 166.7 213.1 137.8 70.6 174.8 63.1 wheat 0
302.4 251.7 280.4 263.7 242.1 193.5 264.0 181.5 wheat 0
243.6 296.8 312.7 383.8 287.7 403.6 218.7 316.6 wheat 0
480.2 354.4 459.7 371.6 402.5 303.7 422.9 286.4 wheat 0
482.1 364.3 544.5 390.7 529.7 425.6 467.3 399.2 wheat 0
29.0 235.5 137.5 294.8 115.7 334.6 7.2 275.3 wheat 0
228.2 446.6 78.7 461.6 75.3 427.5 224.8 412.5 wheat 0
114.3 354.4 201.1 413.7 184.7 437.6 98.0 378.3 wheat 0
83.4 544.7 62.5 566.2 0.1 505.6 21.0 484.0 wheat 0
13.0 604.9 92.7 629.6 83.7 658.6 4.0 634.0 wheat 0
351.7 462.6 416.7 462.6 416.7 497.6 351.7 497.6 wheat 0
705.7 286.6 799.7 286.6 799.7 311.6 705.7 311.6 wheat 0
371.6 861.2 349.4 870.5 331.9 829.1 354.0 819.7 wheat 0
295.7 5.6 324.7 5.6 324.7 44.6 295.7 44.6 wheat 0
91.0 68.3 68.0 78.0 43.5 20.0 66.5 10.2 wheat 0
108.5 674.1 44.5 693.9 35.9 666.2 100.0 646.4 wheat 0
