423.7 608.6 372.5 634.7 260.3 413.9 311.6 387.8 wheat 0
272.7 481.6 143.7 507.8 136.7 473.3 265.7 447.1 wheat 0
68.8 390.0 113.0 414.2 76.7 480.6 32.5 456.4 wheat 0
88.7 588.6 15.7 619.5 4.0 591.8 77.0 560.9 wheat 0
88.1 594.5 138.3 621.9 117.7 659.6 67.5 632.2 wheat 0
117.9 660.3 244.1 744.8 222.7 776.6 96.6 692.2 wheat 0
278.2 661.7 360.6 746.5 335.7 770.6 253.4 685.8 wheat 0
418.5 674.6 343.7 737.6 314.1 702.4 388.9 639.5 wheat 0
515.7 842.6 479.0 858.1 444.9 777.5 481.6 762.0 wheat 0
568.6 566.2 644.5 573.8 640.7 611.6 564.8 604.0 wheat 0
652.3 542.8 618.2 577.9 598.1 558.4 632.3 523.3 wheat 0
669.8 591.8 701.4 605.1 681.7 651.6 650.2 638.3 wheat 0
623.4 662.1 655.1 675.5 637.7 716.6 606.0 703.2 wheat 0
618.1 724.8 699.9 733.8 695.7 771.6 613.9 762.6 wheat 0
726.7 870.6 681.1 889.9 634.9 780.6 680.5 761.3 wheat 0
695.1 324.0 782.4 341.7 777.7 364.6 690.5 346.9 wheat 0
934.0 294.2 982.8 328.3 859.5 504.7 810.7 470.6 wheat 0
980.7 639.6 1014.7 639.6 1014.7 730.6 980.7 730.6 wheat 0
727.4 514.1 765.1 530.0 751.1 563.2 713.3 547.2 wheat 0
1021.7 618.6 946.7 659.6 930.0 629.1 1005.1 588.1 wheat 0
884.0 922.0 920.7 953.0 899.5 978.2 862.8 947.3 wheat 0
1022.7 987.6 992.7 1008.2 943.6 936.5 973.7 915.9 wheat 0
458.7 1003.6 408.6 1013.8 400.8 975.5 451.0 965.4 wheat 0
246.7 876.8 313.9 913.5 294.7 948.6 227.6 911.9 wheat 0
240.7 759.9 284.8 768.8 269.7 843.3 225.6 834.4 wheat 0
547.6 151.2 628.6 185.4 611.9 225.1 530.8 190.8 wheat 0
730.7 164.6 685.4 169.2 673.9 54.3 719.2 49.7 wheat 0
828.7 169.5 874.7 194.6 836.4 264.8 790.4 239.7 wheat 0
930.4 209.7 871.1 228.0 861.1 195.5 920.3 177.2 wheat 0
974.9 0.0 1022.7 0.0 1022.7 91.6 974.9 91.6 wheat 0
417.3 323.5 448.8 336.8 424.7 393.6 393.3 380.3 wheat 0
283.7 364.6 238.6 383.7 162.1 202.8 207.2 183.7 wheat 0
311.1 138.4 347.1 142.0 332.7 285.6 296.7 282.0 wheat 0
216.9 936.0 250.8 959.2 221.7 1001.6 187.9 978.5 wheat 0
146.7 953.6 106.0 970.8 66.1 876.3 106.8 859.1 wheat 0
16.4 172.2 127.7 206.6 115.0 247.9 3.7 213.5 wheat 0
99.4 711.0 124.3 728.1 76.7 797.6 51.8 780.5 wheat 0
131.7 32.4 201.7 70.6 181.4 107.8 111.4 69.6 wheat 0
236.7 4.6 248.7 4.6 248.7 108.6 236.7 108.6 wheat 0
509.8 906.5 464.6 953.1 446.6 935.7 491.9 889.1 wheat 0
351.2 3.3 401.0 8.3 387.7 140.6 337.9 135.6 wheat 0
437.0 123.2 407.6 135.7 376.4 62.0 405.9 49.5 wheat 0
410.7 6.6 459.7 6.6 459.7 96.6 410.7 96.6 wheat 0
9.9 88.9 89.3 105.0 82.6 138.3 3.2 122.2 wheat 0
