431.9 430.1 481.1 440.1 462.6 531.5 413.4 521.5 wheat 0
405.6 566.5 306.7 576.4 302.5 533.9 401.3 524.0 wheat 0
456.2 625.1 503.6 657.5 449.6 736.5 402.2 704.1 wheat 0
467.0 530.0 500.6 548.3 447.6 645.5 413.9 627.2 wheat 0
577.2 449.6 609.0 459.4 580.6 551.5 548.7 541.7 wheat 0
668.7 293.5 705.4 318.6 631.6 426.5 594.9 401.4 wheat 0
627.6 96.7 666.8 123.6 613.6 201.5 574.3 174.6 wheat 0
521.8 320.7 585.1 355.3 561.6 398.5 498.2 363.9 wheat 0
126.6 598.5 28.3 640.1 9.8 596.2 108.0 554.7 wheat 0
432.9 909.4 480.7 942.1 425.4 1023.0 377.6 990.3 wheat 0
594.6 995.5 561.4 1005.8 534.9 919.9 568.0 909.7 wheat 0
598.6 741.5 562.1 748.9 548.4 681.1 584.8 673.7 wheat 0
476.6 152.0 452.6 168.5 403.4 96.6 427.4 80.1 wheat 0
480.6 101.5 509.6 101.5 509.6 168.5 480.6 168.5 wheat 0
534.6 52.5 566.6 52.5 566.6 131.5 534.6 131.5 wheat 0
592.0 79.2 614.5 94.6 573.6 154.5 551.0 139.1 wheat 0
616.5 2.1 648.8 15.8 620.6 82.5 588.2 68.8 wheat 0
