408.1 568.5 462.1 568.5 462.1 673.5 408.1 673.5 wheat 0
404.0 723.8 471.1 744.5 456.5 791.7 389.4 770.9 wheat 0
558.1 789.5 498.0 795.5 492.7 743.1 552.8 737.1 wheat 0
557.9 853.4 458.4 863.3 452.3 802.7 551.8 792.7 wheat 0
350.4 775.4 431.1 783.5 425.5 838.5 344.9 830.4 wheat 0
416.1 993.5 318.1 1003.3 312.2 945.1 410.2 935.2 wheat 0
505.1 965.5 558.0 965.5 558.0 1024.0 505.1 1024.0 wheat 0
729.1 830.5 774.1 830.5 774.1 879.5 729.1 879.5 wheat 0
830.9 770.7 900.1 808.5 875.9 852.8 806.7 815.0 wheat 0
807.5 720.4 881.1 751.5 861.6 797.6 788.0 766.5 wheat 0
796.3 677.1 839.3 700.6 800.1 772.5 757.0 749.0 wheat 0
725.1 678.5 769.1 678.5 769.1 730.5 725.1 730.5 wheat 0
917.1 654.5 873.9 672.8 841.7 596.5 884.8 578.3 wheat 0
994.1 709.5 958.2 746.4 904.7 694.4 940.5 657.5 wheat 0
950.1 615.5 1024.0 615.5 1024.0 672.5 950.1 672.5 wheat 0
953.5 283.3 910.5 306.8 883.6 257.7 926.6 234.2 wheat 0
162.1 730.5 213.1 730.5 213.1 777.5 162.1 777.5 wheat 0
7.1 669.5 70.1 669.5 70.1 721.5 7.1 721.5 wheat 0
915.1 693.5 883.0 726.5 842.1 686.8 874.2 653.8 wheat 0
245.1 319.5 314.1 319.5 314.1 376.5 245.1 376.5 wheat 0
282.1 414.5 337.1 414.5 337.1 472.5 282.1 472.5 wheat 0
311.1 180.7 362.2 202.2 329.1 280.5 278.0 258.9 wheat 0
1.1 231.5 95.1 231.5 95.1 299.5 1.1 299.5 wheat 0
491.4 119.2 543.1 124.4 534.1 214.5 482.3 209.3 wheat 0
779.1 198.5 745.1 217.1 716.9 165.3 750.8 146.8 wheat 0
947.1 212.5 895.1 240.9 851.3 160.9 903.3 132.4 wheat 0
668.1 7.5 732.1 7.5 732.1 50.5 668.1 50.5 wheat 0
567.1 371.5 622.1 371.5 622.1 424.5 567.1 424.5 wheat 0
465.1 348.5 550.1 348.5 550.1 404.5 465.1 404.5 wheat 0
410.1 362.5 468.1 362.5 468.1 428.5 410.1 428.5 wheat 0
589.1 290.5 542.4 300.0 527.6 227.3 574.3 217.8 wheat 0
664.1 286.5 600.3 299.4 580.7 203.0 644.5 190.1 wheat 0
500.1 194.5 446.0 231.5 389.4 148.9 443.5 111.8 wheat 0
469.1 255.5 549.1 255.5 549.1 308.5 469.1 308.5 wheat 0
