760.1 757.1 823.7 822.6 797.4 848.2 733.8 782.6 wheat 0
731.8 785.5 770.6 801.9 759.7 827.6 721.0 811.2 wheat 0
728.7 833.6 866.7 833.6 866.7 866.6 728.7 866.6 wheat 0
922.7 876.6 820.6 886.9 818.4 864.1 920.5 853.9 wheat 0
753.2 868.7 825.8 899.4 817.7 918.6 745.1 887.9 wheat 0
817.6 879.9 862.7 898.9 854.9 917.4 809.8 898.3 wheat 0
881.6 876.2 933.2 892.2 925.8 916.0 874.2 900.1 wheat 0
882.1 684.2 914.0 687.4 907.4 753.0 875.5 749.9 wheat 0
865.2 716.0 903.1 763.8 877.3 784.3 839.4 736.5 wheat 0
868.2 594.6 948.5 649.5 921.7 688.6 841.4 633.7 wheat 0
936.8 661.2 996.1 679.5 986.6 710.1 927.4 691.7 wheat 0
866.7 651.6 828.5 672.5 787.3 597.0 825.5 576.1 wheat 0
778.6 639.9 751.7 667.6 684.6 602.4 711.5 574.8 wheat 0
604.7 484.6 711.7 484.6 711.7 528.6 604.7 528.6 wheat 0
598.7 523.6 712.7 523.6 712.7 553.6 598.7 553.6 wheat 0
483.1 456.1 581.7 476.1 574.7 510.6 476.1 490.6 wheat 0
395.1 488.5 480.7 560.6 457.4 588.4 371.7 516.2 wheat 0
407.7 687.6 377.1 693.8 351.3 566.7 382.0 560.5 wheat 0
523.7 736.6 491.2 758.9 429.4 668.6 462.0 646.3 wheat 0
603.9 761.1 642.1 768.9 634.6 806.1 596.4 798.4 wheat 0
516.4 783.8 601.9 819.9 589.7 848.6 504.3 812.5 wheat 0
477.6 805.7 549.6 836.1 536.7 866.6 464.7 836.2 wheat 0
522.7 908.6 481.0 912.8 475.0 852.5 516.7 848.3 wheat 0
422.6 903.6 534.3 914.8 530.7 950.6 419.0 939.4 wheat 0
552.0 885.9 583.7 912.6 560.5 940.2 528.8 913.5 wheat 0
696.2 986.1 762.8 999.6 757.3 1027.1 690.6 1013.6 wheat 0
310.1 651.3 355.2 689.3 340.4 706.9 295.3 668.9 wheat 0
182.3 623.4 265.7 693.6 237.9 726.6 154.5 656.4 wheat 0
184.7 784.0 94.1 793.1 91.8 770.2 182.4 761.1 wheat 0
189.6 799.8 111.3 824.0 101.8 793.4 180.2 769.2 wheat 0
192.1 821.3 244.7 837.5 234.3 871.0 181.8 854.7 wheat 0
136.7 872.2 228.8 900.7 220.7 926.6 128.7 898.1 wheat 0
18.8 771.9 81.5 798.4 66.7 833.4 4.0 806.9 wheat 0
62.0 408.7 123.7 434.8 112.4 461.5 50.7 435.4 wheat 0
124.8 165.8 202.2 198.5 186.6 235.4 109.3 202.7 wheat 0
399.9 439.8 371.0 459.6 332.6 403.4 361.5 383.7 wheat 0
480.0 310.1 588.7 401.6 561.4 434.1 452.7 342.5 wheat 0
494.9 379.6 545.9 432.1 521.7 455.6 470.7 403.1 wheat 0
569.0 167.4 634.0 222.1 611.5 248.9 546.5 194.1 wheat 0
727.9 232.5 696.6 258.9 658.6 213.8 689.9 187.3 wheat 0
703.7 226.6 787.7 226.6 787.7 272.6 703.7 272.6 wheat 0
852.7 350.6 829.1 366.8 776.8 290.2 800.4 274.1 wheat 0
942.9 394.7 1022.3 428.3 1010.7 455.6 931.3 422.0 wheat 0
800.7 189.6 698.2 210.4 689.7 168.7 792.3 148.0 wheat 0
776.1 70.8 814.9 74.7 808.3 140.4 769.5 136.5 wheat 0
734.7 99.6 696.1 120.7 652.9 41.7 691.6 20.6 wheat 0
838.9 115.5 939.9 158.2 925.7 191.6 824.7 148.9 wheat 0
923.5 83.0 894.6 85.9 887.0 10.3 915.9 7.4 wheat 0
953.9 160.3 1017.9 180.1 1010.5 204.0 946.5 184.2 wheat 0
1022.4 237.5 996.6 245.5 982.1 198.7 1007.9 190.7 wheat 0
996.7 142.6 974.7 151.9 953.4 101.4 975.4 92.1 wheat 0
427.0 162.1 503.5 177.6 493.7 225.6 417.3 210.1 wheat 0
416.5 65.8 493.9 118.8 470.7 152.6 393.3 99.7 wheat 0
413.6 0.6 469.4 47.6 444.9 76.7 389.1 29.6 wheat 0
121.6 44.9 220.4 112.5 195.7 148.6 96.9 81.0 wheat 0
70.8 50.0 161.7 126.6 141.7 150.4 50.8 73.8 wheat 0
105.7 183.6 60.8 192.7 50.6 142.7 95.6 133.6 wheat 0
346.7 774.2 457.2 785.2 453.8 819.1 343.3 808.0 wheat 0
844.7 459.8 872.2 483.0 856.8 501.4 829.2 478.2 wheat 0
