603.1 505.5 558.0 514.6 538.6 418.8 583.6 409.7 wheat 0
506.1 493.5 467.6 505.4 445.1 432.6 483.5 420.7 wheat 0
523.1 418.5 468.7 424.0 464.1 378.2 518.5 372.8 wheat 0
781.6 705.2 839.1 711.0 835.1 751.5 777.5 745.7 wheat 0
832.2 650.5 878.5 682.1 859.1 710.5 812.8 678.9 wheat 0
825.1 612.2 868.1 616.5 864.9 648.4 821.9 644.1 wheat 0
862.1 581.5 818.3 585.9 811.7 520.0 855.4 515.6 wheat 0
693.9 518.3 744.1 539.5 730.1 572.5 680.0 551.3 wheat 0
517.1 742.5 453.7 755.3 446.0 717.3 509.4 704.5 wheat 0
417.1 740.5 339.9 748.3 335.9 708.5 413.1 700.7 wheat 0
471.1 826.5 452.7 855.2 400.6 821.8 419.0 793.1 wheat 0
551.1 941.5 517.6 948.3 506.6 893.9 540.0 887.1 wheat 0
410.1 854.5 388.8 881.3 347.8 848.8 369.1 822.0 wheat 0
329.1 878.5 309.3 903.4 253.4 859.1 273.2 834.2 wheat 0
417.1 960.5 379.3 968.2 371.4 929.4 409.2 921.8 wheat 0
815.1 909.5 781.5 923.7 757.5 867.1 791.1 852.9 wheat 0
987.3 882.9 929.5 922.4 910.9 895.2 968.6 855.6 wheat 0
973.6 823.6 1022.7 874.1 1000.1 896.0 951.1 845.5 wheat 0
962.1 909.9 1003.7 918.3 991.1 980.5 949.5 972.1 wheat 0
862.1 954.5 889.1 954.5 889.1 996.5 862.1 996.5 wheat 0
561.1 957.5 641.1 957.5 641.1 999.5 561.1 999.5 wheat 0
341.1 962.5 417.1 962.5 417.1 1000.5 341.1 1000.5 wheat 0
275.1 904.5 371.1 904.5 371.1 946.5 275.1 946.5 wheat 0
148.1 923.5 207.1 923.5 207.1 962.5 148.1 962.5 wheat 0
156.1 864.5 126.6 880.6 90.4 814.3 119.9 798.3 wheat 0
222.1 706.8 302.1 761.5 276.0 799.7 196.0 745.0 wheat 0
155.8 600.5 230.9 632.3 218.1 662.5 143.0 630.8 wheat 0
307.1 676.5 283.6 706.0 237.8 669.6 261.2 640.1 wheat 0
251.1 535.5 317.1 535.5 317.1 582.5 251.1 582.5 wheat 0
498.9 620.3 532.3 627.0 522.1 677.5 488.7 670.7 wheat 0
637.1 668.5 583.1 685.2 574.1 656.0 628.0 639.3 wheat 0
648.1 702.5 610.9 710.0 604.4 677.8 641.5 670.3 wheat 0
0.0 646.5 120.1 646.5 120.1 683.5 0.0 683.5 wheat 0
445.1 376.5 414.4 393.3 386.7 342.6 417.4 325.9 wheat 0
552.1 292.5 527.6 302.9 500.0 237.5 524.4 227.2 wheat 0
473.1 246.5 442.1 263.4 408.6 202.2 439.6 185.3 wheat 0
358.1 246.5 319.6 262.8 286.3 184.1 324.8 167.8 wheat 0
197.1 214.5 158.4 230.9 128.5 160.2 167.2 143.9 wheat 0
139.9 269.5 193.1 298.5 178.4 325.4 125.2 296.4 wheat 0
275.5 256.5 347.1 305.5 327.0 334.9 255.3 285.9 wheat 0
472.1 312.5 432.0 324.9 420.1 286.2 460.1 273.9 wheat 0
709.1 222.5 683.2 255.1 626.8 210.3 652.7 177.8 wheat 0
786.1 222.5 757.3 252.1 694.9 191.5 723.6 161.9 wheat 0
754.4 45.1 826.1 59.7 818.1 99.5 746.3 85.0 wheat 0
404.1 0.5 489.1 0.5 489.1 49.5 404.1 49.5 wheat 0
284.1 34.5 334.1 34.5 334.1 76.5 284.1 76.5 wheat 0
254.8 56.4 229.1 96.5 161.9 53.4 187.7 13.2 wheat 0
