436.7 685.6 490.7 685.6 490.7 767.6 436.7 767.6 wheat 0
481.7 616.6 536.7 616.6 536.7 717.6 481.7 717.6 wheat 0
542.2 590.0 577.7 614.3 548.3 657.2 512.8 632.9 wheat 0
476.7 479.6 529.7 479.6 529.7 583.6 476.7 583.6 wheat 0
544.7 374.8 578.1 381.6 566.7 437.4 533.4 430.7 wheat 0
477.3 332.1 535.6 364.0 516.7 398.6 458.4 366.7 wheat 0
506.7 319.6 546.7 319.6 546.7 381.6 506.7 381.6 wheat 0
563.7 280.6 607.7 280.6 607.7 329.6 563.7 329.6 wheat 0
649.8 288.8 610.7 349.6 590.1 336.4 629.2 275.5 wheat 0
611.1 92.8 670.3 117.8 635.7 199.6 576.6 174.6 wheat 0
607.6 -0.0 645.5 16.0 603.7 114.7 565.9 98.7 wheat 0
551.7 22.6 602.7 22.6 602.7 81.6 551.7 81.6 wheat 0
550.7 110.8 503.6 120.3 482.8 17.4 529.8 7.9 wheat 0
434.7 4.6 481.7 4.6 481.7 71.6 434.7 71.6 wheat 0
528.2 175.4 493.1 194.6 441.3 99.8 476.4 80.6 wheat 0
728.3 203.7 692.5 207.3 689.2 174.5 725.0 170.9 wheat 0
849.0 415.6 804.9 424.5 793.4 367.7 837.5 358.7 wheat 0
587.7 393.6 613.7 393.6 613.7 445.6 587.7 445.6 wheat 0
454.7 274.6 423.6 295.9 405.4 269.4 436.6 248.0 wheat 0
479.5 557.8 443.2 582.7 428.0 560.4 464.3 535.6 wheat 0
455.7 635.4 419.4 660.2 374.4 594.4 410.7 569.6 wheat 0
339.8 551.4 370.7 572.6 343.5 612.5 312.5 591.3 wheat 0
427.7 837.6 488.5 888.8 461.1 921.5 400.3 870.2 wheat 0
523.2 926.0 567.8 944.9 541.7 1006.6 497.1 987.8 wheat 0
663.9 747.8 631.7 769.8 600.6 724.4 632.8 702.4 wheat 0
757.7 638.6 723.1 645.6 706.1 561.9 740.8 554.9 wheat 0
847.7 571.6 806.7 584.3 763.7 445.0 804.6 432.3 wheat 0
782.7 530.6 737.8 535.1 730.9 465.7 775.8 461.2 wheat 0
747.7 542.6 802.7 542.6 802.7 650.6 747.7 650.6 wheat 0
828.2 674.8 868.0 678.8 861.2 746.4 821.4 742.4 wheat 0
881.7 566.6 917.7 566.6 917.7 603.6 881.7 603.6 wheat 0
878.0 474.1 898.1 480.3 890.4 505.1 870.4 498.9 wheat 0
878.8 358.5 914.0 377.7 886.6 427.7 851.5 408.5 wheat 0
882.7 134.6 922.7 134.6 922.7 220.6 882.7 220.6 wheat 0
1012.9 53.8 960.7 119.6 929.7 95.0 981.9 29.2 wheat 0
948.5 337.5 992.6 351.2 949.7 489.6 905.7 476.0 wheat 0
908.3 613.2 953.7 644.3 914.2 702.0 868.8 671.0 wheat 0
996.7 685.2 928.3 722.6 906.7 683.1 975.2 645.7 wheat 0
997.5 506.9 1023.9 515.0 993.7 612.6 967.3 604.4 wheat 0
960.4 755.7 933.2 770.6 914.0 735.5 941.3 720.6 wheat 0
895.1 767.6 854.0 780.3 845.4 752.6 886.5 739.9 wheat 0
730.7 738.6 751.7 738.6 751.7 791.6 730.7 791.6 wheat 0
785.9 747.3 823.2 758.8 804.6 819.0 767.3 807.4 wheat 0
745.7 849.6 780.7 849.6 780.7 897.6 745.7 897.6 wheat 0
691.9 796.7 738.2 828.3 719.5 855.5 673.3 823.9 wheat 0
755.7 964.6 794.0 964.6 794.0 1024.0 755.7 1024.0 wheat 0
939.0 995.3 910.7 1014.6 879.4 968.8 907.6 949.5 wheat 0
978.7 809.6 1024.0 809.6 1024.0 856.6 978.7 856.6 wheat 0
371.5 909.0 422.0 951.5 402.0 975.2 351.5 932.7 wheat 0
251.0 915.1 338.5 952.0 319.4 997.2 231.9 960.2 wheat 0
328.5 771.5 269.7 803.7 253.9 774.7 312.7 742.6 wheat 0
281.1 753.3 223.7 792.6 168.1 711.2 225.5 672.0 wheat 0
102.1 537.7 166.5 565.0 149.4 605.5 84.9 578.2 wheat 0
130.0 473.3 181.6 516.7 154.7 548.6 103.2 505.2 wheat 0
204.2 482.4 159.2 520.4 50.7 391.6 95.7 353.6 wheat 0
95.5 805.4 43.7 810.6 26.6 640.0 78.4 634.8 wheat 0
1.7 597.6 36.7 597.6 36.7 742.6 1.7 742.6 wheat 0
30.1 880.8 120.7 942.8 90.7 986.6 0.1 924.6 wheat 0
107.9 842.8 55.4 859.1 46.5 830.4 99.1 814.2 wheat 0
203.7 387.6 150.1 393.0 144.3 334.5 197.9 329.1 wheat 0
200.7 269.6 245.7 269.6 245.7 348.6 200.7 348.6 wheat 0
356.7 329.6 304.6 365.3 285.1 336.7 337.2 301.0 wheat 0
346.3 168.9 390.1 173.3 383.5 239.0 339.7 234.6 wheat 0
324.7 150.6 354.7 150.6 354.7 201.6 324.7 201.6 wheat 0
315.7 17.6 361.7 17.6 361.7 126.6 315.7 126.6 wheat 0
267.5 -2.1 311.6 6.8 296.9 79.3 252.8 70.4 wheat 0
243.7 137.5 275.0 143.9 253.8 248.7 222.4 242.4 wheat 0
279.7 274.6 245.2 285.3 223.4 214.9 257.9 204.2 wheat 0
212.7 114.6 69.8 129.0 65.1 82.2 208.0 67.8 wheat 0
196.1 217.9 152.7 241.6 102.4 149.4 145.8 125.7 wheat 0
213.5 191.1 187.6 193.7 180.0 118.1 205.9 115.5 wheat 0
180.8 307.9 138.7 331.0 82.6 228.3 124.8 205.3 wheat 0
39.3 84.1 105.9 140.2 77.7 173.6 11.1 117.5 wheat 0
195.7 571.6 228.7 571.6 228.7 619.6 195.7 619.6 wheat 0
552.3 133.7 622.7 172.2 595.7 221.6 525.3 183.1 wheat 0
