656.5 390.9 718.1 468.5 679.9 498.8 618.3 421.1 wheat 0
899.2 429.8 996.1 496.1 971.0 532.8 874.1 466.5 wheat 0
560.7 242.4 678.1 306.5 659.7 340.2 542.3 276.0 wheat 0
396.2 249.2 501.1 293.5 487.0 326.7 382.1 282.3 wheat 0
349.4 286.1 490.1 345.5 468.5 396.4 327.9 337.0 wheat 0
515.5 392.7 578.1 471.5 540.4 501.4 477.9 422.6 wheat 0
435.2 358.5 516.8 414.3 494.1 447.5 412.5 391.7 wheat 0
381.4 391.4 497.2 427.2 481.1 479.5 365.2 443.7 wheat 0
224.2 417.8 406.2 454.7 395.1 509.5 213.1 472.6 wheat 0
295.5 508.4 372.5 524.0 364.1 565.5 287.1 549.9 wheat 0
568.5 606.7 675.2 628.3 667.1 668.5 560.3 646.9 wheat 0
747.5 670.2 849.9 713.4 827.1 767.5 724.7 724.2 wheat 0
843.6 728.1 958.1 776.5 938.7 822.3 824.3 773.9 wheat 0
870.1 704.7 976.1 749.5 959.0 789.9 853.1 745.2 wheat 0
718.1 721.9 822.1 809.5 786.8 851.3 682.9 763.7 wheat 0
599.5 782.6 732.1 809.5 723.6 851.0 591.1 824.2 wheat 0
507.0 764.9 615.1 810.6 599.1 848.5 490.9 802.8 wheat 0
623.2 825.3 688.9 831.9 684.9 871.7 619.2 865.1 wheat 0
726.0 843.3 808.5 878.2 788.1 926.5 705.6 891.6 wheat 0
749.7 816.4 843.4 825.8 837.1 888.5 743.4 879.1 wheat 0
940.1 999.5 874.0 1006.1 864.7 914.1 930.8 907.4 wheat 0
797.1 959.5 702.8 978.6 694.4 937.1 788.7 918.0 wheat 0
779.1 974.0 876.1 974.0 876.1 1023.0 779.1 1023.0 wheat 0
535.1 1007.5 476.1 1019.5 458.6 933.3 517.6 921.3 wheat 0
445.3 850.1 566.1 862.2 561.1 912.5 440.3 900.4 wheat 0
395.5 810.3 486.7 819.5 482.1 865.5 390.9 856.4 wheat 0
261.1 739.5 469.1 739.5 469.1 784.5 261.1 784.5 wheat 0
349.0 643.7 442.1 694.5 421.5 732.1 328.5 681.2 wheat 0
234.9 694.3 352.1 730.5 337.9 776.3 220.7 740.0 wheat 0
378.4 749.1 431.2 793.6 404.7 824.9 352.0 780.5 wheat 0
237.9 839.5 328.7 848.7 325.1 884.5 234.3 875.4 wheat 0
210.1 828.5 290.1 828.5 290.1 867.5 210.1 867.5 wheat 0
359.1 1009.5 303.9 1020.7 294.1 972.3 349.2 961.1 wheat 0
167.7 927.9 299.1 968.5 285.3 1013.0 154.0 972.4 wheat 0
121.1 905.5 24.7 925.1 14.9 876.9 111.3 857.3 wheat 0
44.4 632.1 166.1 698.5 144.4 738.1 22.8 671.6 wheat 0
65.1 757.5 29.2 761.1 21.7 685.9 57.5 682.3 wheat 0
0.0 754.5 132.1 754.5 132.1 801.5 0.0 801.5 wheat 0
296.0 385.1 395.3 405.2 385.1 455.5 285.8 435.4 wheat 0
241.9 274.0 400.2 306.1 393.1 341.5 234.7 309.4 wheat 0
358.1 352.5 333.2 383.8 264.6 329.3 289.4 298.0 wheat 0
306.7 137.6 400.1 201.5 376.0 236.7 282.6 172.8 wheat 0
218.0 118.8 292.5 141.8 282.2 175.3 207.6 152.2 wheat 0
70.1 106.7 145.7 138.7 134.0 166.3 58.5 134.4 wheat 0
15.1 -0.0 146.2 40.5 131.0 89.5 0.0 49.0 wheat 0
216.2 25.4 315.5 67.3 301.1 101.5 201.8 59.5 wheat 0
382.6 25.6 496.7 73.8 476.1 122.5 362.0 74.3 wheat 0
584.1 184.5 537.7 204.1 510.3 139.3 556.7 119.7 wheat 0
514.2 90.7 599.2 126.7 584.1 162.5 499.1 126.6 wheat 0
506.1 57.6 652.4 87.2 644.1 128.5 497.7 98.8 wheat 0
982.6 167.2 943.1 200.5 843.9 82.8 883.5 49.5 wheat 0
867.1 188.5 832.4 203.2 802.7 133.0 837.4 118.4 wheat 0
689.0 -0.0 810.8 51.5 793.1 93.5 671.2 42.0 wheat 0
787.1 0.0 907.1 0.0 907.1 60.5 787.1 60.5 wheat 0
591.1 17.5 700.1 17.5 700.1 66.5 591.1 66.5 wheat 0
171.1 727.5 273.1 727.5 273.1 763.5 171.1 763.5 wheat 0
