789.3 431.0 715.4 453.9 651.8 248.5 725.8 225.6 wheat 0
828.4 556.6 978.3 620.0 947.3 693.4 797.3 630.0 wheat 0
894.3 708.0 1001.3 708.0 1001.3 849.0 894.3 849.0 wheat 0
495.3 768.0 571.3 768.0 571.3 933.0 495.3 933.0 wheat 0
469.3 576.0 566.3 576.0 566.3 648.0 469.3 648.0 wheat 0
368.3 716.0 463.3 716.0 463.3 817.0 368.3 817.0 wheat 0
347.3 794.8 396.3 836.0 341.3 901.3 292.3 860.0 wheat 0
232.3 889.0 320.3 889.0 320.3 1009.0 232.3 1009.0 wheat 0
555.4 102.2 416.9 145.1 398.2 84.9 536.8 42.0 wheat 0
815.4 131.1 727.0 168.5 705.2 116.9 793.6 79.6 wheat 0
752.3 201.0 872.3 201.0 872.3 302.0 752.3 302.0 wheat 0
