512.7 589.6 556.7 589.6 556.7 661.6 512.7 661.6 wheat 0
590.9 716.4 551.3 733.2 523.6 667.8 563.2 651.0 wheat 0
689.2 725.3 653.9 732.4 638.2 655.0 673.5 647.8 wheat 0
659.1 719.5 698.8 731.8 678.7 796.6 639.1 784.3 wheat 0
727.7 832.6 694.0 851.0 658.7 786.4 692.4 768.0 wheat 0
825.5 667.2 789.0 697.9 747.3 648.3 783.7 617.6 wheat 0
791.2 692.6 834.0 696.9 829.3 743.6 786.5 739.4 wheat 0
233.5 576.2 273.7 588.6 252.5 657.2 212.2 644.8 wheat 0
314.2 770.5 348.0 793.7 306.3 854.7 272.4 831.6 wheat 0
458.2 899.3 484.0 910.2 463.3 959.0 437.5 948.1 wheat 0
745.7 950.6 680.2 963.9 672.6 926.5 738.1 913.2 wheat 0
663.4 938.6 695.7 956.2 680.7 983.6 648.5 966.0 wheat 0
620.7 967.6 659.7 967.6 659.7 1016.6 620.7 1016.6 wheat 0
56.5 904.2 115.1 944.2 92.0 978.1 33.4 938.0 wheat 0
111.7 703.6 78.7 731.4 26.3 669.2 59.3 641.4 wheat 0
104.7 614.6 57.4 624.2 38.7 532.3 86.1 522.7 wheat 0
222.7 281.6 256.7 281.6 256.7 372.6 222.7 372.6 wheat 0
315.9 368.4 348.4 386.1 296.6 480.9 264.1 463.1 wheat 0
84.7 291.6 51.9 298.3 28.7 183.9 61.6 177.3 wheat 0
0.7 386.6 39.7 386.6 39.7 454.6 0.7 454.6 wheat 0
514.8 291.1 477.6 294.8 469.2 210.7 506.4 207.0 wheat 0
588.7 466.6 544.1 471.1 530.8 338.6 575.4 334.1 wheat 0
668.0 399.2 719.3 404.4 710.7 489.6 659.5 484.5 wheat 0
640.5 7.2 680.3 15.2 656.7 131.6 616.9 123.5 wheat 0
609.7 0.6 640.7 0.6 640.7 84.6 609.7 84.6 wheat 0
736.7 260.6 812.7 260.6 812.7 312.6 736.7 312.6 wheat 0
938.2 110.0 965.4 124.9 896.3 251.2 869.1 236.4 wheat 0
860.7 232.2 892.0 245.4 860.8 319.1 829.5 305.8 wheat 0
892.4 314.9 931.5 336.3 882.7 425.6 843.6 404.2 wheat 0
879.7 612.6 918.7 612.6 918.7 688.6 879.7 688.6 wheat 0
625.7 545.6 657.7 545.6 657.7 608.6 625.7 608.6 wheat 0
906.7 870.6 847.7 902.9 825.0 861.4 884.1 829.2 wheat 0
902.7 917.6 843.9 967.2 816.6 934.9 875.5 885.3 wheat 0
992.9 517.2 891.5 572.6 875.4 543.0 976.7 487.6 wheat 0
822.1 448.9 856.1 472.1 816.7 529.6 782.8 506.4 wheat 0
698.4 109.4 727.0 118.3 711.1 169.8 682.4 161.0 wheat 0
150.1 174.0 202.9 196.3 180.7 248.6 127.9 226.3 wheat 0
