511.6 438.5 480.0 441.7 474.5 386.6 506.0 383.4 wheat 0
516.6 340.5 543.6 340.5 543.6 395.5 516.6 395.5 wheat 0
501.6 261.5 473.3 280.8 441.5 234.4 469.8 215.0 wheat 0
385.5 217.5 458.1 278.7 440.6 299.5 367.9 238.4 wheat 0
465.6 322.5 446.0 328.6 423.0 254.4 442.6 248.3 wheat 0
441.5 307.5 455.7 325.3 407.6 363.5 393.4 345.7 wheat 0
351.7 494.1 291.6 519.5 282.1 497.1 342.2 471.7 wheat 0
355.6 666.5 418.6 666.5 418.6 688.5 355.6 688.5 wheat 0
961.1 555.3 938.6 557.5 933.2 504.4 955.7 502.1 wheat 0
900.1 589.7 920.8 611.1 891.6 639.5 870.8 618.1 wheat 0
944.1 665.1 980.5 685.0 969.9 704.4 933.6 684.5 wheat 0
971.4 710.7 1015.9 735.0 1005.1 754.8 960.6 730.5 wheat 0
392.6 950.5 348.4 964.2 341.7 942.5 385.8 928.8 wheat 0
522.6 200.5 496.2 205.9 483.9 145.4 510.3 140.1 wheat 0
452.5 79.5 426.6 90.5 401.6 31.5 427.6 20.6 wheat 0
