506.1 418.5 564.1 418.5 564.1 541.5 506.1 541.5 wheat 0
710.6 358.5 774.6 402.2 684.1 534.5 620.1 490.8 wheat 0
953.1 354.5 900.1 370.9 865.0 257.6 918.0 241.2 wheat 0
976.1 539.5 927.8 544.4 919.2 459.2 967.5 454.3 wheat 0
768.9 490.4 810.1 518.5 779.9 562.5 738.8 534.4 wheat 0
777.9 605.6 838.2 646.8 811.7 685.6 751.4 644.4 wheat 0
754.1 660.5 712.2 689.1 653.8 603.7 695.6 575.1 wheat 0
813.1 721.1 855.8 757.1 756.1 875.5 713.3 839.5 wheat 0
1008.1 792.5 976.7 824.8 911.9 761.9 943.3 729.6 wheat 0
562.1 877.5 510.2 899.4 459.4 779.2 511.2 757.3 wheat 0
552.0 671.0 598.1 690.5 573.0 749.8 526.9 730.3 wheat 0
354.8 592.5 428.1 623.5 406.6 674.2 333.4 643.2 wheat 0
236.7 526.4 285.0 536.1 266.1 629.5 217.8 619.7 wheat 0
258.3 785.7 325.7 792.5 317.1 878.5 249.6 871.7 wheat 0
157.1 802.3 219.2 814.9 200.1 909.5 137.9 896.9 wheat 0
185.1 580.5 138.4 612.5 75.4 520.4 122.1 488.4 wheat 0
101.1 494.5 52.6 509.5 26.0 423.6 74.5 408.6 wheat 0
159.1 467.5 112.7 472.2 104.7 392.4 151.1 387.8 wheat 0
135.1 332.5 111.3 369.5 58.0 335.2 81.7 298.3 wheat 0
111.1 151.5 161.1 151.5 161.1 256.5 111.1 256.5 wheat 0
187.1 53.5 233.1 53.5 233.1 123.5 187.1 123.5 wheat 0
432.4 83.6 388.9 128.4 316.4 58.0 359.9 13.2 wheat 0
456.1 47.5 524.1 47.5 524.1 166.5 456.1 166.5 wheat 0
545.8 33.4 669.1 85.5 648.9 133.3 525.6 81.2 wheat 0
834.1 95.5 778.6 125.8 744.0 62.7 799.6 32.3 wheat 0
669.5 160.8 725.7 208.2 642.1 307.5 585.9 260.2 wheat 0
754.8 318.4 798.1 336.7 778.3 383.6 735.0 365.3 wheat 0
786.4 413.1 853.1 449.5 825.8 499.3 759.2 462.9 wheat 0
527.4 323.3 579.2 376.6 539.1 415.5 487.3 362.2 wheat 0
438.1 373.5 354.6 381.9 342.7 262.8 426.1 254.5 wheat 0
369.1 386.5 438.1 400.5 423.9 470.4 354.9 456.4 wheat 0
262.9 383.1 312.6 388.1 308.1 433.5 258.3 428.5 wheat 0
264.1 498.5 224.9 510.6 201.7 435.5 240.8 423.4 wheat 0
327.6 606.4 298.8 609.3 292.3 544.4 321.1 541.5 wheat 0
357.1 490.5 321.1 505.7 303.0 462.9 339.0 447.7 wheat 0
