680.9 436.8 727.1 446.2 717.1 495.5 670.9 486.1 wheat 0
898.1 436.5 823.5 468.0 808.6 432.6 883.1 401.1 wheat 0
949.1 544.5 856.3 622.7 820.3 580.0 913.1 501.8 wheat 0
683.7 605.7 727.7 619.3 714.4 662.3 670.4 648.7 wheat 0
766.7 527.4 817.6 532.5 810.1 607.5 759.1 602.4 wheat 0
830.3 676.8 907.1 700.5 890.1 755.5 813.3 731.8 wheat 0
654.0 736.4 694.6 778.2 581.1 888.5 540.5 846.7 wheat 0
735.9 827.4 787.2 843.2 766.1 911.5 714.8 895.7 wheat 0
862.3 844.4 896.6 867.8 844.1 944.5 809.8 921.1 wheat 0
886.2 774.2 952.3 802.1 928.1 859.5 861.9 831.5 wheat 0
286.1 963.5 214.4 985.7 183.7 886.4 255.3 864.2 wheat 0
141.1 851.5 98.6 874.7 63.7 810.8 106.1 787.6 wheat 0
312.1 719.5 252.7 769.5 204.9 712.8 264.3 662.8 wheat 0
140.1 638.5 93.9 652.8 75.7 594.0 121.9 579.8 wheat 0
50.4 547.1 125.0 554.6 121.1 593.5 46.5 586.0 wheat 0
447.7 459.1 516.9 473.1 503.1 541.5 433.8 527.5 wheat 0
952.1 234.5 894.4 246.2 879.7 173.7 937.4 162.0 wheat 0
729.1 548.5 676.1 559.2 665.1 505.0 718.1 494.3 wheat 0
571.2 402.8 629.8 427.6 601.1 495.5 542.5 470.8 wheat 0
555.1 503.5 617.1 503.5 617.1 572.5 555.1 572.5 wheat 0
682.3 822.6 750.1 843.5 738.5 881.0 670.7 860.1 wheat 0
751.1 793.5 695.5 804.8 687.6 765.8 743.2 754.5 wheat 0
386.1 700.5 425.1 700.5 425.1 769.5 386.1 769.5 wheat 0
504.1 764.5 432.5 794.8 413.9 750.7 485.5 720.5 wheat 0
88.1 727.5 129.1 727.5 129.1 771.5 88.1 771.5 wheat 0
175.9 269.6 215.5 296.7 169.1 364.5 129.5 337.4 wheat 0
476.1 245.5 425.5 250.6 420.4 200.1 471.0 195.1 wheat 0
712.1 267.5 659.4 283.8 642.4 228.9 695.1 212.6 wheat 0
567.1 169.5 524.7 187.4 494.4 115.9 536.8 98.0 wheat 0
584.6 166.5 621.1 177.7 605.1 229.5 568.6 218.2 wheat 0
320.1 168.5 266.5 179.4 254.9 122.4 308.5 111.5 wheat 0
158.1 115.5 119.9 123.3 110.7 78.0 148.9 70.2 wheat 0
452.0 517.8 486.7 536.8 466.1 574.5 431.4 555.6 wheat 0
527.6 396.1 564.0 426.8 506.1 495.5 469.7 464.9 wheat 0
356.1 535.5 395.1 535.5 395.1 568.5 356.1 568.5 wheat 0
973.1 481.5 1016.1 481.5 1016.1 540.5 973.1 540.5 wheat 0
315.1 724.5 351.1 724.5 351.1 773.5 315.1 773.5 wheat 0
523.1 742.5 569.1 742.5 569.1 781.5 523.1 781.5 wheat 0
76.1 955.5 135.1 955.5 135.1 1001.5 76.1 1001.5 wheat 0
