590.3 257.8 695.3 268.4 691.7 303.6 586.7 293.1 wheat 0
758.0 309.5 831.6 324.5 825.7 353.6 752.0 338.7 wheat 0
1009.7 195.6 881.7 221.6 873.1 179.1 1001.1 153.1 wheat 0
957.7 285.6 846.6 346.3 826.3 309.1 937.4 248.5 wheat 0
950.7 247.6 1022.7 247.6 1022.7 283.6 950.7 283.6 wheat 0
848.7 53.6 900.7 53.6 900.7 84.6 848.7 84.6 wheat 0
590.0 53.2 495.4 82.4 484.5 47.1 579.1 17.8 wheat 0
514.2 87.2 458.1 125.6 437.2 95.0 493.4 56.6 wheat 0
551.7 86.6 623.7 86.6 623.7 116.6 551.7 116.6 wheat 0
583.8 419.9 567.0 446.0 520.7 416.3 537.5 390.2 wheat 0
368.8 319.0 457.3 346.4 446.7 380.6 358.2 353.2 wheat 0
307.2 263.3 287.7 293.6 235.3 260.0 254.8 229.7 wheat 0
229.7 151.6 197.8 173.5 157.9 115.3 189.9 93.4 wheat 0
204.7 271.6 195.6 289.5 123.2 252.7 132.3 234.8 wheat 0
51.2 189.7 100.7 223.6 77.2 258.0 27.6 224.1 wheat 0
94.6 391.6 19.2 406.9 11.8 370.6 87.3 355.3 wheat 0
288.4 433.1 321.5 447.1 307.1 481.2 274.0 467.1 wheat 0
319.7 468.3 384.2 495.5 372.7 522.6 308.3 495.4 wheat 0
338.8 412.1 370.1 418.4 362.7 454.6 331.5 448.3 wheat 0
529.7 606.6 446.5 641.8 433.3 610.8 516.6 575.5 wheat 0
147.4 428.1 189.4 441.1 176.1 484.1 134.1 471.1 wheat 0
144.4 484.3 177.9 494.7 166.0 532.9 132.6 522.6 wheat 0
223.6 504.0 254.3 520.8 216.9 589.2 186.2 572.5 wheat 0
225.7 560.6 252.7 560.6 252.7 595.6 225.7 595.6 wheat 0
294.6 664.8 246.3 691.2 233.9 668.4 282.1 642.0 wheat 0
248.5 699.5 283.7 706.6 274.7 751.3 239.5 744.2 wheat 0
394.7 643.6 432.7 643.6 432.7 692.6 394.7 692.6 wheat 0
495.7 743.8 455.3 765.9 433.8 726.4 474.1 704.3 wheat 0
392.9 750.9 422.4 760.0 406.7 810.6 377.2 801.5 wheat 0
316.9 777.1 330.7 798.6 263.4 841.9 249.5 820.3 wheat 0
144.6 856.4 194.7 877.6 166.2 945.1 116.1 923.9 wheat 0
323.8 814.7 369.0 823.9 358.7 874.6 313.6 865.5 wheat 0
385.2 858.6 440.1 864.1 434.7 917.6 379.8 912.1 wheat 0
281.1 926.1 364.5 934.4 360.7 971.6 277.4 963.2 wheat 0
407.3 938.8 504.4 968.8 491.3 1011.0 394.3 981.0 wheat 0
492.7 809.6 533.7 809.6 533.7 851.6 492.7 851.6 wheat 0
518.9 888.5 588.0 917.7 573.6 951.8 504.5 922.6 wheat 0
581.1 891.6 665.6 908.7 657.7 947.6 573.2 930.5 wheat 0
587.7 766.6 695.7 766.6 695.7 810.6 587.7 810.6 wheat 0
699.4 799.5 764.3 827.0 751.7 856.6 686.8 829.2 wheat 0
670.1 830.7 720.9 846.4 712.7 872.6 662.0 856.9 wheat 0
723.7 919.6 700.4 943.6 629.5 874.7 652.8 850.7 wheat 0
721.7 919.6 759.7 919.6 759.7 1011.6 721.7 1011.6 wheat 0
776.7 818.6 822.7 818.6 822.7 930.6 776.7 930.6 wheat 0
836.6 801.4 922.8 818.9 912.9 867.9 826.6 850.4 wheat 0
918.7 800.6 1021.7 800.6 1021.7 837.6 918.7 837.6 wheat 0
750.6 725.7 858.7 736.5 855.7 765.6 747.7 754.8 wheat 0
656.3 691.0 701.9 722.1 683.7 748.6 638.2 717.5 wheat 0
752.2 653.1 681.6 667.4 675.3 636.1 745.8 621.8 wheat 0
805.6 585.7 885.2 593.7 881.9 626.5 802.3 618.5 wheat 0
962.2 687.9 884.9 720.6 871.2 688.4 948.6 655.6 wheat 0
973.4 627.1 1025.2 632.3 1020.6 678.1 968.8 672.9 wheat 0
889.9 534.5 970.2 550.8 962.7 587.6 882.4 571.3 wheat 0
880.7 559.6 858.9 582.1 809.9 534.4 831.7 512.0 wheat 0
817.1 530.6 760.3 542.1 754.3 512.7 811.2 501.2 wheat 0
736.7 476.6 616.6 513.8 608.0 486.2 728.2 449.0 wheat 0
835.7 377.6 805.6 398.2 780.1 360.8 810.2 340.2 wheat 0
743.2 360.1 836.8 389.0 826.7 421.6 733.1 392.7 wheat 0
835.5 873.3 890.8 903.5 876.9 928.9 821.6 898.7 wheat 0
621.6 188.3 571.9 203.7 563.9 177.9 613.6 162.5 wheat 0
643.0 214.6 591.4 236.4 580.5 210.6 632.1 188.8 wheat 0
765.4 146.5 817.2 174.8 809.0 189.7 757.3 161.4 wheat 0
704.4 91.2 637.7 97.9 636.1 82.0 702.8 75.3 wheat 0
751.3 40.4 709.3 53.4 700.1 23.8 742.2 10.8 wheat 0
154.8 400.6 116.2 421.7 104.7 400.6 143.3 379.5 wheat 0
144.1 314.8 111.7 324.9 101.3 291.4 133.8 281.4 wheat 0
450.4 65.6 411.6 69.5 408.1 34.6 446.9 30.8 wheat 0
