78.1 508.5 25.4 524.8 -0.0 442.6 52.6 426.3 wheat 0
248.1 430.5 193.8 447.3 177.3 393.7 231.5 376.9 wheat 0
336.1 356.5 279.0 374.2 254.8 295.8 311.8 278.2 wheat 0
289.1 258.5 244.4 267.6 225.4 173.9 270.1 164.8 wheat 0
124.1 195.5 49.4 218.6 30.7 158.1 105.3 135.0 wheat 0
136.6 20.1 192.0 50.3 147.1 132.5 91.7 102.3 wheat 0
408.1 208.5 333.6 259.4 301.0 211.8 375.5 160.9 wheat 0
491.1 272.5 441.5 287.8 421.5 223.1 471.1 207.8 wheat 0
570.7 170.5 619.8 197.3 593.5 245.6 544.3 218.7 wheat 0
486.8 186.9 554.4 200.6 547.1 236.5 479.6 222.8 wheat 0
386.1 113.6 439.8 150.3 411.0 192.4 357.3 155.7 wheat 0
537.7 320.2 590.7 336.6 573.1 393.5 520.1 377.1 wheat 0
727.3 265.4 794.2 272.1 787.1 343.5 720.1 336.8 wheat 0
660.1 219.3 701.1 261.5 668.6 293.0 627.6 250.8 wheat 0
920.1 289.5 872.6 315.4 830.2 237.8 877.7 211.9 wheat 0
940.2 11.3 998.3 43.0 945.1 140.5 887.0 108.8 wheat 0
806.1 497.5 720.3 544.4 689.6 488.2 775.4 441.4 wheat 0
880.9 527.5 1009.7 581.9 987.1 635.5 858.2 581.0 wheat 0
820.1 606.6 881.8 612.8 876.0 670.5 814.3 664.3 wheat 0
975.1 719.5 884.3 747.6 871.3 705.8 962.1 677.7 wheat 0
765.7 743.0 845.1 767.5 826.4 827.8 747.1 803.2 wheat 0
500.7 649.1 602.1 680.5 586.6 730.7 485.1 699.3 wheat 0
491.0 519.0 572.5 553.5 550.1 606.5 468.5 572.0 wheat 0
599.1 491.5 552.3 550.4 505.4 513.2 552.1 454.3 wheat 0
84.0 243.8 159.1 275.5 139.7 321.3 64.6 289.6 wheat 0
16.1 257.5 71.1 274.5 55.8 323.8 0.9 306.8 wheat 0
211.1 760.5 175.9 815.2 94.1 762.7 129.2 708.0 wheat 0
23.4 817.3 73.0 827.4 62.1 881.5 12.4 871.4 wheat 0
149.1 807.5 215.1 807.5 215.1 883.5 149.1 883.5 wheat 0
341.1 986.5 257.5 1003.4 246.3 948.3 329.9 931.4 wheat 0
505.9 894.4 631.0 947.3 603.1 1013.5 477.9 960.6 wheat 0
643.0 840.5 714.8 879.8 687.1 930.5 615.3 891.3 wheat 0
764.1 979.5 721.9 1008.4 674.8 939.7 717.0 910.8 wheat 0
901.0 814.2 1020.1 864.6 990.1 935.5 871.0 885.2 wheat 0
737.4 663.1 791.0 668.5 785.1 727.5 731.5 722.1 wheat 0
647.1 706.5 588.3 724.7 564.6 647.8 623.3 629.7 wheat 0
779.4 893.8 750.1 939.5 678.1 893.3 707.5 847.6 wheat 0
259.0 361.3 327.1 398.5 305.5 438.0 237.4 400.8 wheat 0
431.1 385.5 369.2 398.0 359.5 350.0 421.3 337.5 wheat 0
304.8 747.7 376.8 747.7 376.8 799.7 304.8 799.7 wheat 0
586.8 742.7 645.8 742.7 645.8 794.7 586.8 794.7 wheat 0
