334.7 471.6 466.7 471.6 466.7 515.6 334.7 515.6 wheat 0
564.2 644.7 475.4 653.6 472.0 619.5 560.7 610.6 wheat 0
186.4 875.4 237.5 939.8 198.7 970.6 147.6 906.2 wheat 0
136.3 938.9 79.7 977.6 50.5 934.9 107.1 896.2 wheat 0
154.7 832.6 66.2 841.5 61.0 789.5 149.5 780.6 wheat 0
200.7 723.6 167.1 776.1 122.7 747.6 156.4 695.2 wheat 0
1.5 319.0 90.7 319.0 90.7 353.2 1.5 353.2 wheat 0
101.7 310.6 156.3 356.6 139.2 376.9 84.6 331.0 wheat 0
203.5 324.4 173.7 411.6 132.5 397.5 162.3 310.4 wheat 0
243.5 253.4 211.7 256.6 208.9 228.8 240.7 225.6 wheat 0
209.9 190.1 211.7 252.6 180.5 253.5 178.7 191.0 wheat 0
170.5 430.2 209.7 470.6 178.7 500.8 139.4 460.3 wheat 0
263.2 457.9 215.7 472.6 205.1 438.3 252.6 423.6 wheat 0
197.4 298.6 289.6 307.9 284.7 356.6 192.5 347.4 wheat 0
463.7 323.1 445.9 368.9 418.9 358.4 436.7 312.6 wheat 0
457.9 294.7 516.7 300.6 512.8 339.6 454.0 333.7 wheat 0
481.7 399.6 468.7 455.3 420.5 444.1 433.5 388.4 wheat 0
413.7 419.6 408.7 458.2 369.4 453.1 374.4 414.5 wheat 0
342.6 394.8 346.7 453.6 303.9 456.7 299.7 397.8 wheat 0
290.7 465.6 298.5 510.5 266.8 516.0 259.0 471.1 wheat 0
288.7 508.6 344.5 532.2 326.4 575.0 270.6 551.5 wheat 0
1017.6 482.7 968.7 487.6 963.7 438.6 1012.7 433.7 wheat 0
917.6 287.6 940.9 355.8 891.7 372.6 868.4 304.4 wheat 0
751.7 410.6 685.5 431.1 679.2 410.7 745.4 390.2 wheat 0
648.9 362.4 678.8 387.6 657.7 412.6 627.8 387.4 wheat 0
674.3 331.2 717.9 349.7 702.7 385.6 659.1 367.2 wheat 0
931.7 676.6 1023.2 695.2 1011.7 751.6 920.2 733.1 wheat 0
985.7 550.6 1013.8 632.8 961.7 650.6 933.7 568.4 wheat 0
726.3 672.8 782.7 696.6 769.2 728.6 712.8 704.7 wheat 0
881.6 462.6 946.7 462.6 946.7 498.9 881.6 498.9 wheat 0
737.5 486.0 862.6 524.7 847.7 572.6 722.7 533.9 wheat 0
559.5 522.9 587.7 584.6 539.0 606.9 510.8 545.2 wheat 0
584.9 664.3 581.7 708.6 530.5 705.0 533.7 660.7 wheat 0
671.2 735.8 643.7 778.6 606.9 755.0 634.4 712.2 wheat 0
566.7 952.6 576.5 994.4 531.2 1005.0 521.4 963.2 wheat 0
404.7 944.6 481.9 977.2 463.0 1021.9 385.9 989.2 wheat 0
580.7 865.6 532.7 870.4 528.1 824.5 576.1 819.7 wheat 0
599.7 893.6 581.2 922.4 510.0 876.7 528.5 847.9 wheat 0
374.5 839.1 408.1 869.9 393.7 885.6 360.2 854.9 wheat 0
404.9 827.4 354.7 837.6 344.8 788.8 395.1 778.6 wheat 0
518.7 19.6 559.0 36.6 545.0 69.7 504.8 52.7 wheat 0
993.7 53.6 972.7 80.2 943.7 57.1 964.7 30.6 wheat 0
976.5 236.0 974.7 296.6 939.9 295.6 941.7 235.0 wheat 0
988.7 130.6 916.1 145.3 908.5 107.8 981.1 93.1 wheat 0
850.1 116.5 796.7 145.6 781.6 117.9 834.9 88.8 wheat 0
621.7 72.6 519.2 142.8 489.8 99.7 592.3 29.6 wheat 0
811.5 189.0 803.7 248.6 752.0 241.9 759.8 182.3 wheat 0
682.8 240.6 634.0 274.0 611.9 241.7 660.7 208.3 wheat 0
565.9 238.5 610.0 351.8 584.7 361.6 540.7 248.3 wheat 0
536.8 155.9 559.1 236.4 506.1 251.1 483.7 170.6 wheat 0
471.7 196.6 608.9 196.6 608.9 237.6 471.7 237.6 wheat 0
732.7 952.0 776.7 982.1 748.7 1023.0 704.7 992.9 wheat 0
609.9 186.4 654.7 190.9 652.5 212.8 607.8 208.3 wheat 0
2.7 834.6 51.7 834.6 51.7 897.6 2.7 897.6 wheat 0
