435.0 334.5 292.7 378.5 272.6 313.6 414.9 269.5 wheat 0
607.5 60.5 647.4 110.8 498.3 229.0 458.4 178.8 wheat 0
849.1 319.7 793.9 343.0 747.5 233.4 802.8 210.1 wheat 0
1016.9 153.1 975.2 205.6 864.8 118.0 906.4 65.5 wheat 0
905.6 0.5 1014.5 34.2 997.1 90.6 888.1 56.9 wheat 0
992.8 269.3 932.3 288.0 908.3 210.5 968.8 191.8 wheat 0
886.2 521.5 833.3 566.0 773.7 495.3 826.6 450.7 wheat 0
713.8 592.0 637.2 599.7 627.9 507.1 704.5 499.4 wheat 0
627.5 721.0 705.9 736.9 667.2 928.0 588.7 912.2 wheat 0
584.0 716.5 626.9 752.5 558.6 833.6 515.8 797.5 wheat 0
329.7 579.3 379.3 641.8 230.3 760.0 180.7 697.5 wheat 0
142.9 394.6 198.0 441.0 111.7 543.5 56.6 497.1 wheat 0
289.3 352.0 101.8 410.1 81.8 345.5 269.3 287.4 wheat 0
114.8 93.9 280.6 164.0 251.8 232.2 86.0 162.1 wheat 0
164.1 36.7 309.8 116.3 282.5 166.3 136.8 86.8 wheat 0
298.6 169.2 437.9 183.2 432.0 241.9 292.7 227.9 wheat 0
412.3 18.0 473.3 18.0 473.3 83.0 412.3 83.0 wheat 0
417.2 768.1 456.3 829.0 282.0 941.0 242.8 880.0 wheat 0
216.5 716.7 286.9 738.5 227.3 931.0 157.0 909.3 wheat 0
36.0 694.8 149.9 772.8 112.6 827.2 -1.3 749.3 wheat 0
139.3 886.3 8.0 899.5 1.3 832.8 132.6 819.6 wheat 0
295.3 926.0 400.2 947.3 388.3 1006.1 283.4 984.8 wheat 0
413.7 720.2 302.0 742.8 290.9 687.9 402.6 665.3 wheat 0
49.3 389.0 108.3 389.0 108.3 475.0 49.3 475.0 wheat 0
