207.1 554.5 114.1 593.8 97.0 553.4 190.0 514.1 wheat 0
149.1 530.5 77.7 545.0 69.6 505.1 141.0 490.6 wheat 0
191.1 463.5 142.8 473.3 131.8 419.4 180.1 409.6 wheat 0
225.4 362.6 314.1 371.5 309.8 414.0 221.2 405.1 wheat 0
384.8 305.7 332.1 334.5 297.8 271.8 350.5 243.0 wheat 0
663.4 251.1 717.2 287.9 664.1 365.5 610.3 328.7 wheat 0
734.8 214.4 631.9 235.3 618.4 168.6 721.3 147.8 wheat 0
531.1 181.5 481.6 208.5 444.9 141.3 494.3 114.3 wheat 0
231.5 89.7 309.1 97.5 304.7 140.9 227.2 133.1 wheat 0
122.4 29.8 181.7 54.9 148.1 134.5 88.8 109.4 wheat 0
630.8 66.6 737.1 99.5 722.9 145.2 616.7 112.4 wheat 0
817.4 217.4 861.5 262.8 801.1 321.5 757.0 276.1 wheat 0
948.1 461.5 890.2 467.3 882.6 391.4 940.4 385.6 wheat 0
807.0 339.8 845.1 355.9 819.1 417.5 780.9 401.4 wheat 0
642.3 377.5 695.8 394.1 674.1 464.5 620.6 448.0 wheat 0
423.5 579.5 486.2 592.2 468.1 681.5 405.4 668.8 wheat 0
607.0 676.6 657.5 704.2 619.1 774.5 568.5 746.9 wheat 0
713.3 691.3 651.4 710.5 626.5 630.1 688.5 611.0 wheat 0
810.2 794.0 868.8 818.8 841.1 884.5 782.5 859.7 wheat 0
1023.4 881.7 973.5 915.9 947.7 878.2 997.6 844.1 wheat 0
738.8 858.7 784.2 883.4 736.1 971.5 690.7 946.7 wheat 0
723.1 850.5 645.6 883.3 624.2 832.6 701.6 799.8 wheat 0
477.2 887.9 533.5 926.3 471.1 1017.5 414.9 979.1 wheat 0
561.7 897.4 632.1 945.5 606.8 982.5 536.4 934.4 wheat 0
513.0 644.7 574.0 678.1 524.1 769.5 463.1 736.2 wheat 0
432.7 774.4 324.7 807.8 306.4 748.6 414.4 715.2 wheat 0
333.1 805.5 211.3 843.2 195.4 791.8 317.2 754.1 wheat 0
88.4 825.9 192.1 882.5 163.1 935.5 59.5 878.9 wheat 0
437.1 343.5 498.1 343.5 498.1 422.5 437.1 422.5 wheat 0
391.1 438.5 321.0 452.7 304.7 372.5 374.8 358.3 wheat 0
