896.7 997.6 931.0 997.6 931.0 1024.0 896.7 1024.0 wheat 0
972.7 981.6 1012.7 981.6 1012.7 1009.6 972.7 1009.6 wheat 0
833.6 911.5 806.2 946.0 781.9 926.7 809.3 892.2 wheat 0
942.4 880.1 974.1 912.7 957.7 928.6 926.1 896.0 wheat 0
1014.9 906.1 993.3 910.5 986.6 877.1 1008.1 872.8 wheat 0
933.6 825.1 961.3 853.6 940.7 873.6 913.0 845.1 wheat 0
990.9 802.4 941.9 829.2 920.7 790.4 969.7 763.6 wheat 0
990.7 753.6 1020.7 753.6 1020.7 783.6 990.7 783.6 wheat 0
976.2 683.2 1020.5 701.9 1008.1 731.4 963.7 712.6 wheat 0
962.4 632.1 989.8 637.6 985.1 661.2 957.6 655.6 wheat 0
974.7 600.1 1005.5 603.2 1003.8 620.1 973.0 617.0 wheat 0
988.7 543.6 1011.2 571.9 984.4 593.1 962.0 564.8 wheat 0
919.6 534.3 904.6 542.4 886.9 510.0 901.8 501.8 wheat 0
758.7 520.6 802.7 520.6 802.7 544.6 758.7 544.6 wheat 0
801.5 429.1 847.4 443.3 840.0 467.1 794.1 453.0 wheat 0
931.3 436.8 957.1 444.8 941.2 496.4 915.4 488.4 wheat 0
948.0 376.4 986.2 384.2 972.5 451.8 934.3 444.1 wheat 0
1023.7 510.6 959.8 530.4 948.1 492.9 1012.1 473.1 wheat 0
947.9 332.4 966.7 351.8 926.6 390.8 907.7 371.4 wheat 0
894.7 348.6 859.0 373.1 838.2 342.7 874.0 318.3 wheat 0
990.6 286.7 951.9 307.8 940.9 287.6 979.5 266.5 wheat 0
922.7 94.6 953.7 94.6 953.7 158.6 922.7 158.6 wheat 0
982.6 166.3 1001.4 185.6 961.9 224.0 943.1 204.6 wheat 0
993.7 185.6 1020.7 185.6 1020.7 234.6 993.7 234.6 wheat 0
989.7 142.6 1024.0 142.6 1024.0 178.6 989.7 178.6 wheat 0
1004.7 80.6 1020.7 80.6 1020.7 133.6 1004.7 133.6 wheat 0
914.9 2.1 935.3 8.4 924.7 42.6 904.3 36.3 wheat 0
616.7 472.6 644.7 472.6 644.7 516.6 616.7 516.6 wheat 0
668.5 761.6 687.6 767.5 674.9 808.6 655.8 802.7 wheat 0
589.4 743.7 610.6 755.3 590.7 791.6 569.5 780.0 wheat 0
565.7 844.3 597.4 850.7 588.7 893.6 557.0 887.2 wheat 0
500.7 775.6 541.7 775.6 541.7 803.6 500.7 803.6 wheat 0
447.4 763.9 479.6 781.5 457.7 821.6 425.5 804.0 wheat 0
479.8 878.3 460.8 891.3 442.7 864.9 461.7 851.9 wheat 0
424.5 806.5 457.5 840.4 437.7 859.6 404.7 825.6 wheat 0
485.7 680.6 516.7 680.6 516.7 719.6 485.7 719.6 wheat 0
538.7 717.6 532.0 722.2 523.2 709.3 529.9 704.7 wheat 0
605.4 547.4 578.0 553.0 570.0 513.8 597.5 508.2 wheat 0
555.7 499.6 580.7 499.6 580.7 529.6 555.7 529.6 wheat 0
443.7 461.6 473.7 461.6 473.7 493.6 443.7 493.6 wheat 0
480.3 486.1 505.2 496.6 498.2 513.2 473.3 502.6 wheat 0
589.7 436.4 554.5 466.0 535.8 443.8 571.0 414.2 wheat 0
597.0 352.3 641.1 361.3 617.5 477.9 573.4 469.0 wheat 0
563.7 380.6 596.7 380.6 596.7 417.6 563.7 417.6 wheat 0
573.7 432.6 547.9 454.4 520.1 421.4 545.9 399.6 wheat 0
582.9 341.6 557.5 346.7 548.5 302.6 574.0 297.5 wheat 0
506.7 322.6 475.1 332.4 451.1 254.8 482.7 245.0 wheat 0
606.9 195.6 576.7 221.1 560.0 201.3 590.3 175.8 wheat 0
563.3 120.1 588.4 133.9 572.7 162.6 547.6 148.9 wheat 0
488.7 218.6 466.4 230.8 440.8 183.8 463.1 171.6 wheat 0
478.7 141.6 439.5 163.1 395.3 82.2 434.6 60.8 wheat 0
561.5 59.5 530.2 72.8 506.0 15.7 537.3 2.4 wheat 0
565.7 22.6 602.7 22.6 602.7 60.6 565.7 60.6 wheat 0
412.5 0.7 447.6 4.2 444.7 32.6 409.7 29.1 wheat 0
521.7 377.6 543.7 377.6 543.7 414.6 521.7 414.6 wheat 0
493.7 433.6 509.7 433.6 509.7 464.6 493.7 464.6 wheat 0
227.7 671.6 261.7 671.6 261.7 703.6 227.7 703.6 wheat 0
280.7 529.6 250.5 546.1 232.0 512.2 262.2 495.7 wheat 0
287.7 548.6 309.7 548.6 309.7 567.6 287.7 567.6 wheat 0
288.6 487.6 312.1 492.4 304.9 527.6 281.4 522.9 wheat 0
340.8 448.2 271.2 462.3 263.7 425.0 333.3 410.9 wheat 0
207.3 368.0 181.6 378.9 160.1 328.2 185.9 317.3 wheat 0
240.5 367.8 214.7 375.8 204.0 341.4 229.8 333.4 wheat 0
225.7 365.6 246.7 365.6 246.7 396.6 225.7 396.6 wheat 0
202.0 402.9 183.6 413.0 162.5 374.3 180.9 364.3 wheat 0
30.3 464.2 74.7 501.6 55.6 524.4 11.1 487.0 wheat 0
16.1 145.9 50.7 169.6 38.6 187.4 3.9 163.7 wheat 0
122.7 131.6 165.7 160.9 148.7 185.7 105.8 156.3 wheat 0
182.7 113.2 228.7 160.6 198.9 189.6 152.8 142.2 wheat 0
214.7 159.6 254.7 159.6 254.7 253.6 214.7 253.6 wheat 0
258.1 245.3 290.9 248.6 283.7 319.6 250.9 316.3 wheat 0
316.4 153.9 338.0 158.2 329.0 202.4 307.5 198.0 wheat 0
246.2 83.7 210.6 98.7 184.7 37.4 220.3 22.4 wheat 0
235.7 9.6 261.7 9.6 261.7 66.6 235.7 66.6 wheat 0
297.9 12.8 313.5 32.4 280.6 58.5 265.0 38.9 wheat 0
262.7 741.6 239.9 757.3 225.4 736.1 248.2 720.4 wheat 0
209.7 799.6 187.9 814.6 163.3 778.6 185.2 763.7 wheat 0
131.6 846.2 64.0 853.0 61.9 832.1 129.5 825.3 wheat 0
305.1 790.0 283.7 804.6 258.6 767.8 279.9 753.2 wheat 0
275.0 789.2 296.4 807.3 276.5 831.0 255.0 813.0 wheat 0
305.7 250.8 338.1 257.4 328.7 303.4 296.4 296.9 wheat 0
234.6 851.9 263.6 857.8 255.7 896.6 226.7 890.7 wheat 0
199.6 900.9 165.4 919.6 130.9 856.4 165.1 837.7 wheat 0
164.4 936.1 211.3 950.6 188.7 1023.6 141.8 1009.1 wheat 0
91.9 1017.1 42.2 1022.0 39.6 996.2 89.3 991.2 wheat 0
278.7 999.6 221.9 1017.2 211.9 984.9 268.7 967.3 wheat 0
214.7 823.6 229.7 823.6 229.7 849.6 214.7 849.6 wheat 0
