365.7 580.6 416.7 580.6 416.7 638.6 365.7 638.6 wheat 0
417.6 148.1 367.1 153.2 364.2 124.7 414.7 119.6 wheat 0
421.7 294.6 450.7 306.9 437.7 337.6 408.7 325.4 wheat 0
232.6 364.5 204.4 388.2 177.6 356.3 205.7 332.6 wheat 0
358.3 495.7 312.0 515.3 298.5 483.2 344.7 463.6 wheat 0
285.3 428.8 251.3 447.4 227.7 404.2 261.7 385.6 wheat 0
47.7 949.6 87.7 949.6 87.7 1023.0 47.7 1023.0 wheat 0
532.7 775.6 585.7 775.6 585.7 803.6 532.7 803.6 wheat 0
972.7 731.6 1023.7 731.6 1023.7 762.6 972.7 762.6 wheat 0
942.7 636.6 1021.7 636.6 1021.7 660.6 942.7 660.6 wheat 0
844.7 627.6 918.7 627.6 918.7 659.6 844.7 659.6 wheat 0
805.7 412.6 836.6 444.4 810.2 470.1 779.3 438.3 wheat 0
738.8 513.7 777.7 521.6 770.4 557.9 731.4 550.1 wheat 0
775.7 694.2 742.9 716.6 723.7 688.6 756.5 666.2 wheat 0
190.4 937.7 167.9 972.7 127.2 946.7 149.7 911.6 wheat 0
172.7 670.6 212.7 697.9 196.9 720.9 157.0 693.6 wheat 0
540.7 526.6 571.1 557.9 545.2 583.1 514.8 551.8 wheat 0
298.7 569.6 328.4 600.1 288.2 639.1 258.6 608.6 wheat 0
290.7 748.6 315.7 774.4 288.2 801.1 263.2 775.4 wheat 0
677.8 861.8 650.7 884.6 618.0 845.8 645.1 823.0 wheat 0
553.0 931.7 495.0 956.3 479.8 920.1 537.7 895.6 wheat 0
345.7 852.6 440.7 852.6 440.7 890.6 345.7 890.6 wheat 0
444.1 780.3 430.7 806.6 380.6 781.1 394.0 754.7 wheat 0
47.0 688.9 104.7 700.6 95.2 747.7 37.5 736.0 wheat 0
451.0 731.6 424.7 764.6 378.2 727.7 404.4 694.6 wheat 0
516.4 721.0 487.7 736.6 462.1 689.6 490.7 673.9 wheat 0
910.1 846.4 871.7 872.6 826.5 806.5 864.9 780.3 wheat 0
619.9 523.2 589.7 548.6 550.9 502.4 581.1 477.0 wheat 0
954.2 407.8 905.4 422.9 888.3 367.4 937.0 352.4 wheat 0
504.6 588.4 540.7 625.6 514.8 650.8 478.7 613.5 wheat 0
428.8 495.2 495.5 501.9 490.7 549.6 424.0 542.9 wheat 0
212.6 164.2 169.2 182.6 150.3 138.0 193.7 119.6 wheat 0
280.7 133.6 236.6 152.3 218.5 109.4 262.6 90.8 wheat 0
-0.0 132.4 40.7 132.4 40.7 172.6 -0.0 172.6 wheat 0
206.7 52.6 135.1 82.9 120.5 48.4 192.1 18.1 wheat 0
413.7 74.6 360.2 80.0 356.0 37.9 409.5 32.5 wheat 0
775.1 26.4 740.7 69.6 707.5 43.2 741.8 0.0 wheat 0
988.7 83.6 1023.0 83.6 1023.0 130.4 988.7 130.4 wheat 0
951.2 0.0 1013.7 0.0 1013.7 34.6 951.2 34.6 wheat 0
636.8 99.2 681.3 103.7 677.7 139.6 633.2 135.1 wheat 0
912.7 108.6 852.4 114.7 849.0 80.9 909.3 74.9 wheat 0
718.8 231.2 780.2 237.4 776.7 271.6 715.3 265.5 wheat 0
772.8 177.2 815.0 181.4 810.7 223.6 768.5 219.4 wheat 0
447.8 225.2 487.0 229.2 483.7 261.6 444.5 257.7 wheat 0
231.6 222.3 282.8 232.6 276.7 262.6 225.6 252.2 wheat 0
55.8 727.2 152.8 746.9 144.7 787.0 47.7 767.4 wheat 0
809.7 635.6 868.7 635.6 868.7 685.6 809.7 685.6 wheat 0
887.9 5.6 914.3 23.7 881.6 71.6 855.2 53.5 wheat 0
