125.1 462.1 208.1 462.1 208.1 591.1 125.1 591.1 wheat 0
245.1 552.1 326.1 552.1 326.1 641.1 245.1 641.1 wheat 0
497.1 350.1 570.1 350.1 570.1 463.1 497.1 463.1 wheat 0
633.1 380.1 710.1 380.1 710.1 542.1 633.1 542.1 wheat 0
175.1 132.1 275.1 132.1 275.1 271.1 175.1 271.1 wheat 0
36.1 261.1 111.1 261.1 111.1 353.1 36.1 353.1 wheat 0
363.1 42.1 479.1 42.1 479.1 175.1 363.1 175.1 wheat 0
541.1 99.1 646.1 99.1 646.1 252.1 541.1 252.1 wheat 0
147.1 743.1 220.1 743.1 220.1 837.1 147.1 837.1 wheat 0
724.1 103.1 789.1 103.1 789.1 248.1 724.1 248.1 wheat 0
14.1 90.1 102.1 90.1 102.1 195.1 14.1 195.1 wheat 0
630.1 905.1 730.1 905.1 730.1 1009.1 630.1 1009.1 wheat 0
674.1 581.1 754.1 581.1 754.1 686.1 674.1 686.1 wheat 0
784.1 761.1 862.1 761.1 862.1 878.1 784.1 878.1 wheat 0
789.1 256.1 863.1 256.1 863.1 339.1 789.1 339.1 wheat 0
930.1 889.1 1014.1 889.1 1014.1 1010.1 930.1 1010.1 wheat 0
228.1 795.1 329.1 795.1 329.1 889.1 228.1 889.1 wheat 0
387.1 254.1 466.1 254.1 466.1 321.1 387.1 321.1 wheat 0
