562.1 580.1 697.1 580.1 697.1 623.1 562.1 623.1 wheat 0
528.1 708.1 594.1 708.1 594.1 797.1 528.1 797.1 wheat 0
456.5 782.4 360.1 823.1 341.8 779.7 438.1 739.0 wheat 0
300.1 211.1 412.1 211.1 412.1 271.1 300.1 271.1 wheat 0
681.7 275.3 608.3 325.5 571.6 271.9 645.0 221.6 wheat 0
419.1 834.1 499.1 834.1 499.1 890.1 419.1 890.1 wheat 0
735.1 821.1 812.1 821.1 812.1 888.1 735.1 888.1 wheat 0
551.1 877.1 614.1 877.1 614.1 950.1 551.1 950.1 wheat 0
696.1 120.1 793.1 120.1 793.1 179.1 696.1 179.1 wheat 0
389.0 500.8 347.1 536.1 269.5 443.9 311.3 408.6 wheat 0
39.1 689.1 99.1 689.1 99.1 760.1 39.1 760.1 wheat 0
193.1 803.1 233.1 803.1 233.1 856.1 193.1 856.1 wheat 0
41.1 830.1 82.1 830.1 82.1 881.1 41.1 881.1 wheat 0
164.1 889.1 227.1 889.1 227.1 946.1 164.1 946.1 wheat 0
270.6 95.4 173.3 114.1 166.7 79.7 264.0 61.0 wheat 0
746.8 61.7 647.8 81.7 640.5 45.5 739.5 25.4 wheat 0
149.1 303.1 198.1 303.1 198.1 341.1 149.1 341.1 wheat 0
82.1 383.1 135.1 383.1 135.1 443.1 82.1 443.1 wheat 0
128.1 700.1 207.1 700.1 207.1 746.1 128.1 746.1 wheat 0
258.1 961.1 326.1 961.1 326.1 1005.1 258.1 1005.1 wheat 0
863.1 554.1 959.1 554.1 959.1 588.1 863.1 588.1 wheat 0
837.1 252.1 908.1 252.1 908.1 307.1 837.1 307.1 wheat 0
538.9 532.5 491.9 564.7 430.4 474.7 477.4 442.5 wheat 0
357.1 537.1 417.1 537.1 417.1 602.1 357.1 602.1 wheat 0
227.1 580.1 305.1 580.1 305.1 626.1 227.1 626.1 wheat 0
42.1 638.1 142.1 638.1 142.1 684.1 42.1 684.1 wheat 0
111.1 568.1 163.1 568.1 163.1 635.1 111.1 635.1 wheat 0
174.1 584.1 221.1 584.1 221.1 647.1 174.1 647.1 wheat 0
599.1 424.1 666.1 424.1 666.1 488.1 599.1 488.1 wheat 0
848.1 388.1 907.1 388.1 907.1 499.1 848.1 499.1 wheat 0
923.1 428.1 988.1 428.1 988.1 482.1 923.1 482.1 wheat 0
52.1 65.1 97.1 65.1 97.1 137.1 52.1 137.1 wheat 0
249.1 150.1 315.1 150.1 315.1 214.1 249.1 214.1 wheat 0
300.1 28.1 365.1 28.1 365.1 116.1 300.1 116.1 wheat 0
727.1 719.1 825.1 719.1 825.1 774.1 727.1 774.1 wheat 0
684.1 657.1 760.1 657.1 760.1 705.1 684.1 705.1 wheat 0
764.1 656.1 820.1 656.1 820.1 715.1 764.1 715.1 wheat 0
639.1 801.1 709.1 801.1 709.1 852.1 639.1 852.1 wheat 0
463.1 596.1 523.1 596.1 523.1 659.1 463.1 659.1 wheat 0
799.1 5.1 856.1 5.1 856.1 71.1 799.1 71.1 wheat 0
549.1 302.1 611.1 302.1 611.1 392.1 549.1 392.1 wheat 0
