371.1 310.5 323.3 343.2 268.6 263.3 316.4 230.6 wheat 0
428.9 215.1 500.1 229.5 487.5 291.7 416.3 277.3 wheat 0
429.1 193.5 357.2 200.7 349.8 126.9 421.7 119.7 wheat 0
434.1 219.6 383.1 254.5 344.9 198.8 396.0 163.9 wheat 0
502.0 155.5 446.7 178.9 424.1 125.5 479.4 102.1 wheat 0
299.1 135.5 256.8 179.0 195.5 119.5 237.8 76.0 wheat 0
315.1 150.5 256.1 168.7 223.8 64.3 282.8 46.1 wheat 0
287.2 14.5 338.4 24.9 326.1 85.5 274.9 75.1 wheat 0
347.1 629.5 319.3 632.3 314.3 582.8 342.1 580.0 wheat 0
284.8 561.4 356.0 568.6 353.1 597.5 281.9 590.4 wheat 0
336.2 810.7 409.3 833.3 390.1 895.5 317.0 872.9 wheat 0
397.1 972.5 347.4 1023.7 285.3 963.4 335.0 912.2 wheat 0
296.7 781.4 354.1 799.2 331.1 873.5 273.7 855.8 wheat 0
351.1 911.5 294.9 928.9 275.1 864.8 331.3 847.5 wheat 0
862.3 834.2 958.1 886.5 930.1 937.8 834.3 885.4 wheat 0
892.1 786.5 830.9 819.9 802.0 766.9 863.1 733.5 wheat 0
914.1 824.5 854.6 842.9 837.9 789.0 897.4 770.6 wheat 0
911.4 751.7 1012.1 794.2 984.1 860.5 883.4 817.9 wheat 0
872.1 744.5 826.4 775.8 777.6 704.6 823.3 673.3 wheat 0
861.6 581.9 919.5 606.4 894.1 666.5 836.1 642.0 wheat 0
908.1 518.5 978.8 557.2 954.1 602.5 883.3 563.8 wheat 0
837.2 530.4 887.1 551.5 870.6 590.5 820.7 569.4 wheat 0
780.9 489.1 835.6 512.3 816.1 558.5 761.3 535.4 wheat 0
725.4 457.2 776.2 478.6 736.1 573.5 685.3 552.0 wheat 0
913.8 380.8 947.5 399.2 915.1 458.5 881.4 440.1 wheat 0
935.1 342.5 871.9 385.7 842.8 343.1 905.9 299.9 wheat 0
885.1 315.5 839.8 362.1 804.3 327.6 849.6 281.0 wheat 0
903.1 282.5 837.5 302.8 822.3 253.7 887.9 233.5 wheat 0
850.1 99.9 894.5 124.1 862.1 183.5 817.6 159.2 wheat 0
783.7 193.8 835.3 204.2 821.1 274.5 769.4 264.0 wheat 0
649.1 29.5 719.1 29.5 719.1 138.5 649.1 138.5 wheat 0
744.1 0.0 824.6 0.0 824.6 128.5 744.1 128.5 wheat 0
759.5 575.8 803.8 584.8 791.1 647.5 746.7 638.5 wheat 0
498.1 709.5 443.2 715.0 438.3 666.7 493.2 661.2 wheat 0
420.1 925.5 372.3 930.3 366.2 869.4 413.9 864.6 wheat 0
54.1 793.8 101.1 819.5 81.1 856.0 34.1 830.4 wheat 0
388.9 352.4 458.3 366.4 442.1 446.5 372.7 432.4 wheat 0
819.1 947.5 866.5 947.5 866.5 1024.0 819.1 1024.0 wheat 0
926.1 926.0 1008.1 960.6 987.1 1010.5 905.0 975.8 wheat 0
