602.1 202.5 552.5 244.2 490.3 170.3 539.8 128.6 wheat 0
399.1 355.5 288.6 389.7 269.8 329.1 380.3 294.9 wheat 0
511.1 283.5 439.9 313.6 412.5 249.0 483.8 218.9 wheat 0
443.1 448.5 355.7 485.4 338.4 444.3 425.7 407.4 wheat 0
702.3 381.4 748.1 400.7 724.1 457.5 678.3 438.1 wheat 0
764.1 351.5 735.2 363.7 712.4 309.8 741.3 297.6 wheat 0
850.1 625.5 785.8 652.7 771.4 618.5 835.6 591.4 wheat 0
910.2 258.9 993.1 284.5 979.9 326.9 897.0 301.3 wheat 0
371.9 783.7 333.1 832.7 284.5 794.1 323.4 745.2 wheat 0
863.9 662.2 936.1 684.5 919.0 739.5 846.9 717.2 wheat 0
