336.4 84.0 402.2 139.4 307.3 252.0 241.5 196.6 wheat 0
455.2 265.0 354.3 285.5 338.4 207.1 439.3 186.6 wheat 0
506.9 197.1 434.3 204.4 422.7 89.0 495.3 81.7 wheat 0
710.2 224.3 761.7 277.3 635.3 400.0 583.8 347.0 wheat 0
706.1 415.0 798.7 443.7 781.6 499.1 688.9 470.4 wheat 0
708.1 501.1 632.6 542.3 598.6 480.0 674.0 438.8 wheat 0
549.7 497.9 636.3 506.5 629.9 570.2 543.3 561.5 wheat 0
375.3 590.3 443.0 604.0 420.3 715.8 352.7 702.1 wheat 0
171.2 695.1 293.6 707.4 286.5 778.0 164.1 765.7 wheat 0
3.3 703.0 82.3 703.0 82.3 832.0 3.3 832.0 wheat 0
2.3 831.0 106.3 831.0 106.3 981.0 2.3 981.0 wheat 0
615.2 800.6 571.3 845.8 482.4 759.4 526.3 714.3 wheat 0
880.3 628.0 956.3 628.0 956.3 727.0 880.3 727.0 wheat 0
816.3 478.0 875.3 478.0 875.3 569.0 816.3 569.0 wheat 0
827.3 477.1 868.6 511.9 789.4 606.0 748.0 571.2 wheat 0
935.9 485.3 1023.8 533.3 992.3 591.0 904.4 543.0 wheat 0
151.5 83.1 231.0 164.9 175.3 219.0 95.8 137.2 wheat 0
204.5 338.4 155.7 388.6 68.2 303.7 116.9 253.4 wheat 0
101.0 464.8 42.8 482.8 12.6 385.3 70.9 367.3 wheat 0
116.0 507.4 21.2 559.2 -8.0 505.7 86.8 453.9 wheat 0
835.3 150.0 1024.0 150.0 1024.0 196.5 835.3 196.5 wheat 0
461.3 950.0 585.5 950.0 585.5 1023.0 461.3 1023.0 wheat 0
703.6 995.7 654.9 1029.0 586.0 928.3 634.7 895.0 wheat 0
