500.9 245.2 688.2 264.0 683.0 315.4 495.7 296.6 wheat 0
751.7 151.6 788.7 151.6 788.7 290.6 751.7 290.6 wheat 0
910.4 202.3 995.9 260.8 970.7 297.6 885.2 239.1 wheat 0
953.5 480.8 990.7 492.3 965.0 575.4 927.8 563.9 wheat 0
989.7 414.6 1024.0 414.6 1024.0 492.0 989.7 492.0 wheat 0
835.8 492.4 934.5 546.4 914.7 582.6 816.0 528.7 wheat 0
720.6 454.2 686.0 477.9 662.8 444.1 697.5 420.3 wheat 0
593.7 393.6 634.7 393.6 634.7 426.6 593.7 426.6 wheat 0
441.1 361.4 538.5 391.5 525.7 432.6 428.4 402.5 wheat 0
407.8 98.1 376.5 111.3 347.7 43.2 379.0 29.9 wheat 0
704.7 11.6 734.7 11.6 734.7 52.6 704.7 52.6 wheat 0
367.5 85.0 331.5 115.3 307.0 86.2 343.0 55.9 wheat 0
102.4 283.4 62.8 295.7 29.1 186.9 68.7 174.6 wheat 0
91.9 327.2 62.8 351.7 1.6 279.0 30.7 254.5 wheat 0
484.7 465.6 446.5 497.9 356.3 390.8 394.6 358.6 wheat 0
348.7 443.6 385.7 443.6 385.7 505.6 348.7 505.6 wheat 0
152.7 527.6 195.7 527.6 195.7 566.6 152.7 566.6 wheat 0
136.8 416.3 159.9 435.8 134.7 465.6 111.7 446.2 wheat 0
639.6 552.1 578.8 564.4 571.9 530.1 632.6 517.8 wheat 0
792.4 760.6 836.9 774.3 803.7 881.6 759.2 867.9 wheat 0
858.4 853.7 950.8 916.9 927.1 951.6 834.7 888.3 wheat 0
831.5 881.4 896.7 948.6 866.4 978.1 801.1 910.9 wheat 0
719.9 766.4 658.7 861.6 618.4 835.7 679.5 740.5 wheat 0
446.3 745.0 565.8 845.7 528.7 889.6 409.2 789.0 wheat 0
566.1 959.6 522.2 1004.8 496.4 979.7 540.3 934.5 wheat 0
110.7 712.6 146.7 712.6 146.7 801.6 110.7 801.6 wheat 0
24.8 936.4 99.7 999.5 79.9 1023.0 5.0 959.9 wheat 0
835.6 247.0 816.0 251.0 803.9 191.2 823.5 187.2 wheat 0
