887.9 878.4 942.2 883.8 939.7 908.6 885.5 903.2 wheat 0
883.7 956.6 843.0 978.8 831.8 958.3 872.5 936.1 wheat 0
847.7 958.6 815.4 961.9 812.9 936.3 845.2 933.1 wheat 0
774.7 1017.6 754.7 1021.7 739.0 944.2 759.0 940.2 wheat 0
723.7 976.6 741.7 976.6 741.7 1003.6 723.7 1003.6 wheat 0
702.7 953.6 745.7 953.6 745.7 966.6 702.7 966.6 wheat 0
660.3 821.5 679.0 825.3 663.8 900.0 645.2 896.2 wheat 0
568.5 958.4 637.7 969.6 634.4 990.1 565.2 978.9 wheat 0
417.7 865.6 447.7 865.6 447.7 885.6 417.7 885.6 wheat 0
457.7 936.6 479.7 936.6 479.7 967.6 457.7 967.6 wheat 0
549.0 906.0 522.3 914.3 502.5 850.2 529.2 842.0 wheat 0
412.7 931.6 373.1 935.6 370.6 911.3 410.3 907.3 wheat 0
299.5 985.3 354.4 996.4 350.0 1018.0 295.1 1006.8 wheat 0
199.9 848.6 222.8 850.9 216.5 913.6 193.6 911.3 wheat 0
46.9 942.0 84.1 949.6 80.6 967.2 43.3 959.7 wheat 0
51.6 901.3 78.5 904.0 76.9 919.9 50.0 917.2 wheat 0
95.1 546.2 130.4 553.4 126.4 573.0 91.1 565.8 wheat 0
92.7 316.2 73.4 326.7 40.8 267.1 60.1 256.5 wheat 0
354.1 462.9 339.4 469.1 323.4 431.3 338.1 425.1 wheat 0
476.4 468.6 540.8 512.6 525.7 534.6 461.3 490.5 wheat 0
602.9 607.0 673.6 645.7 662.7 665.6 592.0 627.0 wheat 0
588.7 438.6 620.7 438.6 620.7 467.6 588.7 467.6 wheat 0
629.4 374.3 660.0 383.8 654.1 402.9 623.5 393.4 wheat 0
844.7 548.6 865.7 548.6 865.7 566.6 844.7 566.6 wheat 0
895.0 181.3 910.7 194.6 879.1 232.2 863.3 218.9 wheat 0
671.7 169.6 689.7 169.6 689.7 220.6 671.7 220.6 wheat 0
457.7 137.6 485.7 137.6 485.7 170.6 457.7 170.6 wheat 0
284.6 63.2 269.3 67.9 254.9 21.1 270.1 16.3 wheat 0
142.1 26.6 190.1 36.4 182.7 72.6 134.8 62.9 wheat 0
529.7 50.6 556.7 50.6 556.7 67.6 529.7 67.6 wheat 0
461.7 20.6 480.7 20.6 480.7 40.6 461.7 40.6 wheat 0
805.5 40.9 859.7 86.6 845.0 104.2 790.7 58.5 wheat 0
946.2 21.4 972.1 24.0 967.2 72.8 941.4 70.2 wheat 0
748.7 602.8 766.6 604.6 762.8 642.4 744.9 640.6 wheat 0
682.7 644.6 703.7 644.6 703.7 684.6 682.7 684.6 wheat 0
213.6 159.7 234.3 177.1 218.8 195.5 198.2 178.1 wheat 0
1003.7 392.6 1023.7 392.6 1023.7 443.6 1003.7 443.6 wheat 0
992.7 334.6 1023.7 334.6 1023.7 367.6 992.7 367.6 wheat 0
1003.7 100.6 1023.7 100.6 1023.7 153.6 1003.7 153.6 wheat 0
