545.1 382.5 499.1 429.8 361.8 296.5 407.8 249.2 wheat 0
850.1 211.5 649.2 321.3 622.8 272.9 823.6 163.1 wheat 0
997.1 417.5 947.8 444.4 823.0 216.0 872.3 189.1 wheat 0
822.1 633.5 783.0 682.8 582.9 524.0 622.0 474.8 wheat 0
566.1 518.5 392.6 664.6 355.3 620.4 528.8 474.3 wheat 0
634.1 621.5 495.5 716.3 473.6 684.4 612.2 589.6 wheat 0
303.1 508.5 242.2 514.6 219.6 288.5 280.4 282.4 wheat 0
349.1 677.5 281.5 684.3 266.2 532.2 333.8 525.4 wheat 0
138.1 562.5 14.7 600.7 0.7 555.1 124.0 517.0 wheat 0
215.1 546.5 113.2 616.2 79.7 567.1 181.5 497.4 wheat 0
88.0 742.1 197.1 879.5 147.4 918.9 38.4 781.5 wheat 0
620.0 906.7 436.2 984.3 415.2 934.7 599.0 857.0 wheat 0
606.1 935.5 828.1 935.5 828.1 994.5 606.1 994.5 wheat 0
801.4 677.7 865.8 697.6 798.1 916.5 733.6 896.6 wheat 0
519.0 660.1 601.1 763.5 537.6 813.9 455.5 710.4 wheat 0
357.1 172.5 170.0 251.6 149.5 203.0 336.5 123.9 wheat 0
20.7 177.0 126.1 221.5 105.4 270.5 0.0 225.9 wheat 0
877.1 494.5 815.0 500.7 799.0 342.0 861.1 335.8 wheat 0
567.4 25.8 737.1 97.5 711.6 157.7 541.9 86.0 wheat 0
776.1 51.5 836.1 51.5 836.1 191.5 776.1 191.5 wheat 0
816.1 93.5 992.1 93.5 992.1 148.5 816.1 148.5 wheat 0
196.5 625.2 325.1 733.5 295.8 768.2 167.2 659.9 wheat 0
359.1 661.5 412.1 661.5 412.1 923.5 359.1 923.5 wheat 0
