384.3 298.0 556.3 298.0 556.3 366.0 384.3 366.0 wheat 0
663.2 334.8 790.6 347.6 783.4 419.3 656.0 406.5 wheat 0
846.5 335.5 770.3 359.0 706.3 152.1 782.4 128.5 wheat 0
635.3 241.0 711.3 241.0 711.3 299.0 635.3 299.0 wheat 0
517.5 272.1 425.9 281.3 413.2 154.0 504.7 144.8 wheat 0
799.0 2.2 878.8 26.9 848.6 124.6 768.7 99.9 wheat 0
294.3 28.0 370.3 28.0 370.3 146.0 294.3 146.0 wheat 0
326.2 148.8 286.8 210.2 193.4 150.3 232.8 88.8 wheat 0
353.3 407.7 272.7 415.8 262.4 313.3 343.0 305.3 wheat 0
128.3 280.1 223.1 331.9 184.3 403.0 89.5 351.2 wheat 0
169.3 642.0 315.3 642.0 315.3 718.0 169.3 718.0 wheat 0
459.3 712.0 552.3 712.0 552.3 827.0 459.3 827.0 wheat 0
416.4 707.4 482.1 720.7 461.2 823.7 395.6 810.3 wheat 0
789.3 806.0 868.3 806.0 868.3 959.0 789.3 959.0 wheat 0
981.8 578.7 1010.5 652.3 827.8 723.4 799.2 649.7 wheat 0
786.9 684.2 966.0 702.2 959.8 763.9 780.7 745.9 wheat 0
614.0 939.3 691.6 947.1 684.7 1015.8 607.1 1008.0 wheat 0
303.2 999.4 244.0 1017.7 211.5 912.7 270.7 894.3 wheat 0
86.6 918.1 230.7 947.3 217.0 1015.0 72.9 985.8 wheat 0
140.6 706.8 58.0 715.1 53.1 666.3 135.7 658.0 wheat 0
7.3 13.0 151.3 13.0 151.3 68.0 7.3 68.0 wheat 0
516.3 0.0 580.3 0.0 580.3 124.0 516.3 124.0 wheat 0
863.3 940.0 920.5 940.0 920.5 1024.0 863.3 1024.0 wheat 0
