321.1 573.5 266.8 629.4 120.5 487.2 174.7 431.4 wheat 0
312.1 766.5 225.8 775.2 211.7 635.0 298.0 626.3 wheat 0
208.1 668.5 152.3 699.0 108.5 618.8 164.3 588.3 wheat 0
103.1 719.5 21.2 727.7 11.3 629.1 93.2 620.9 wheat 0
420.6 827.9 473.5 838.7 455.1 929.5 402.2 918.8 wheat 0
577.1 772.5 642.7 779.1 631.5 890.4 565.9 883.8 wheat 0
893.1 800.5 805.5 818.3 761.4 600.7 849.0 583.0 wheat 0
634.1 328.5 799.1 328.5 799.1 399.5 634.1 399.5 wheat 0
673.1 517.5 619.9 540.0 594.8 480.6 647.9 458.1 wheat 0
625.1 264.5 542.7 272.8 532.2 168.8 614.6 160.5 wheat 0
606.1 110.5 504.4 120.7 497.6 53.4 599.3 43.2 wheat 0
412.1 88.5 332.0 96.5 323.2 8.6 403.2 0.6 wheat 0
185.1 11.5 270.1 11.5 270.1 76.5 185.1 76.5 wheat 0
888.1 514.5 836.5 542.7 794.7 466.2 846.3 438.0 wheat 0
