765.6 492.8 718.7 512.6 657.6 368.0 704.5 348.2 wheat 0
803.3 405.4 760.5 409.7 757.2 376.8 800.0 372.6 wheat 0
802.0 419.6 865.7 432.5 856.5 477.6 792.8 464.7 wheat 0
733.7 501.4 814.9 509.5 810.7 550.6 729.6 542.5 wheat 0
939.9 569.2 874.2 575.8 869.6 530.0 935.3 523.4 wheat 0
960.7 592.6 1000.7 592.6 1000.7 641.6 960.7 641.6 wheat 0
835.9 650.5 793.7 703.6 756.7 674.2 798.9 621.0 wheat 0
843.7 704.8 876.1 711.4 866.7 757.4 834.4 750.9 wheat 0
1012.2 763.7 929.8 780.4 919.3 728.5 1001.6 711.8 wheat 0
869.7 763.3 918.6 773.2 902.7 851.6 853.8 841.7 wheat 0
786.8 866.1 699.2 874.9 694.7 830.1 782.3 821.3 wheat 0
706.6 793.6 726.0 801.7 715.8 825.7 696.5 817.5 wheat 0
630.8 684.9 684.3 701.5 676.6 726.3 623.1 709.8 wheat 0
683.5 513.6 651.3 540.6 632.0 517.7 664.1 490.6 wheat 0
535.8 481.2 572.7 496.8 534.7 586.6 497.9 571.0 wheat 0
487.9 318.0 526.9 321.9 514.7 443.6 475.7 439.7 wheat 0
892.3 150.9 788.2 172.0 779.6 129.7 883.7 108.6 wheat 0
457.9 153.6 490.2 167.2 462.5 232.6 430.3 219.0 wheat 0
325.7 240.6 401.7 240.6 401.7 301.6 325.7 301.6 wheat 0
280.7 309.6 329.7 309.6 329.7 345.6 280.7 345.6 wheat 0
312.1 364.8 348.7 402.5 316.7 433.6 280.1 395.9 wheat 0
247.2 427.1 278.4 440.3 256.7 491.6 225.5 478.4 wheat 0
329.2 548.5 373.0 552.9 368.3 599.7 324.5 595.3 wheat 0
333.3 624.9 371.9 646.0 342.2 700.4 303.6 679.3 wheat 0
310.4 703.9 385.8 755.5 359.7 793.6 284.3 742.0 wheat 0
479.7 831.6 430.6 836.5 422.5 755.6 471.6 750.7 wheat 0
338.7 797.6 382.7 797.6 382.7 833.6 338.7 833.6 wheat 0
547.7 910.6 512.5 914.1 503.1 820.3 538.3 816.8 wheat 0
628.7 730.0 667.6 751.3 635.7 809.6 596.8 788.4 wheat 0
898.7 932.6 837.3 951.6 824.9 911.6 886.3 892.6 wheat 0
918.8 917.5 957.2 977.3 917.6 1002.7 879.3 942.9 wheat 0
579.4 902.1 623.1 932.0 601.1 964.2 557.4 934.2 wheat 0
221.1 820.5 265.5 857.9 240.4 887.7 196.0 850.3 wheat 0
181.0 854.3 139.2 858.5 132.4 790.9 174.2 786.7 wheat 0
154.7 866.6 191.7 866.6 191.7 976.6 154.7 976.6 wheat 0
222.9 750.1 173.9 760.0 162.6 704.2 211.6 694.2 wheat 0
100.7 607.6 33.6 644.3 12.3 605.4 79.5 568.7 wheat 0
27.5 445.3 116.0 454.2 111.0 503.9 22.5 495.0 wheat 0
216.1 195.0 304.9 222.5 290.4 269.3 201.6 241.8 wheat 0
352.6 131.3 388.5 146.5 365.9 199.9 330.0 184.7 wheat 0
135.7 160.6 105.2 181.5 44.1 92.4 74.7 71.4 wheat 0
170.2 191.6 135.6 215.3 115.2 185.6 149.9 161.9 wheat 0
4.7 660.6 55.7 660.6 55.7 717.6 4.7 717.6 wheat 0
13.9 159.9 94.3 176.2 85.5 219.3 5.2 203.0 wheat 0
227.7 7.6 285.7 7.6 285.7 49.6 227.7 49.6 wheat 0
925.7 294.2 990.4 300.7 988.7 317.6 924.0 311.1 wheat 0
809.0 254.0 843.8 257.5 839.5 300.3 804.7 296.8 wheat 0
36.0 942.5 13.0 952.2 0.5 922.7 23.5 913.0 wheat 0
