281.1 401.1 338.1 401.1 338.1 481.1 281.1 481.1 wheat 0
171.1 359.1 258.1 359.1 258.1 444.1 171.1 444.1 wheat 0
119.1 77.1 187.1 77.1 187.1 159.1 119.1 159.1 wheat 0
365.1 93.1 452.1 93.1 452.1 169.1 365.1 169.1 wheat 0
274.1 266.1 343.1 266.1 343.1 347.1 274.1 347.1 wheat 0
297.1 721.1 382.1 721.1 382.1 788.1 297.1 788.1 wheat 0
321.1 309.1 389.1 309.1 389.1 352.1 321.1 352.1 wheat 0
710.1 378.1 805.1 378.1 805.1 434.1 710.1 434.1 wheat 0
839.1 270.1 909.1 270.1 909.1 375.1 839.1 375.1 wheat 0
871.1 355.1 941.1 355.1 941.1 444.1 871.1 444.1 wheat 0
670.1 57.1 751.1 57.1 751.1 170.1 670.1 170.1 wheat 0
498.1 310.1 567.1 310.1 567.1 402.1 498.1 402.1 wheat 0
557.1 356.1 619.1 356.1 619.1 451.1 557.1 451.1 wheat 0
65.1 581.1 151.1 581.1 151.1 678.1 65.1 678.1 wheat 0
88.1 695.1 171.1 695.1 171.1 755.1 88.1 755.1 wheat 0
117.1 872.1 209.1 872.1 209.1 956.1 117.1 956.1 wheat 0
265.1 778.1 335.1 778.1 335.1 833.1 265.1 833.1 wheat 0
572.1 681.1 651.1 681.1 651.1 751.1 572.1 751.1 wheat 0
563.1 741.1 675.1 741.1 675.1 810.1 563.1 810.1 wheat 0
482.1 736.1 546.1 736.1 546.1 797.1 482.1 797.1 wheat 0
726.1 762.1 805.1 762.1 805.1 856.1 726.1 856.1 wheat 0
865.1 473.1 926.1 473.1 926.1 530.1 865.1 530.1 wheat 0
946.1 452.1 991.1 452.1 991.1 518.1 946.1 518.1 wheat 0
800.1 48.1 882.1 48.1 882.1 117.1 800.1 117.1 wheat 0
198.1 78.1 275.1 78.1 275.1 161.1 198.1 161.1 wheat 0
128.1 21.1 201.1 21.1 201.1 93.1 128.1 93.1 wheat 0
71.1 895.1 152.1 895.1 152.1 977.1 71.1 977.1 wheat 0
6.1 659.1 76.1 659.1 76.1 718.1 6.1 718.1 wheat 0
1.1 457.1 75.1 457.1 75.1 527.1 1.1 527.1 wheat 0
720.9 410.5 658.6 444.5 638.4 407.7 700.7 373.6 wheat 0
930.1 305.1 988.1 305.1 988.1 381.1 930.1 381.1 wheat 0
400.1 375.1 488.1 375.1 488.1 428.1 400.1 428.1 wheat 0
463.1 357.1 505.1 357.1 505.1 436.1 463.1 436.1 wheat 0
397.1 302.1 451.1 302.1 451.1 381.1 397.1 381.1 wheat 0
380.1 42.1 533.1 42.1 533.1 123.1 380.1 123.1 wheat 0
948.1 52.1 1010.1 52.1 1010.1 159.1 948.1 159.1 wheat 0
111.1 779.1 193.1 779.1 193.1 834.1 111.1 834.1 wheat 0
