500.9 249.4 442.1 281.5 366.8 143.7 425.6 111.6 wheat 0
288.5 314.8 347.3 355.0 280.1 453.3 221.3 413.0 wheat 0
333.7 385.4 412.1 439.1 372.0 497.7 293.6 444.0 wheat 0
597.7 473.6 542.3 490.7 516.9 408.5 572.3 391.4 wheat 0
736.2 375.6 635.9 406.6 623.5 366.5 723.8 335.5 wheat 0
513.3 9.0 587.3 9.0 587.3 128.0 513.3 128.0 wheat 0
599.6 4.1 661.3 16.6 636.1 141.0 574.3 128.5 wheat 0
743.3 68.7 692.8 111.2 637.4 45.4 687.9 2.9 wheat 0
816.7 177.8 768.8 210.6 718.0 136.3 765.8 103.5 wheat 0
807.3 356.0 887.3 356.0 887.3 423.0 807.3 423.0 wheat 0
785.3 582.0 846.3 582.0 846.3 638.0 785.3 638.0 wheat 0
599.3 650.7 503.7 691.2 483.3 643.0 579.0 602.6 wheat 0
632.3 799.0 734.3 799.0 734.3 865.0 632.3 865.0 wheat 0
504.7 877.9 381.8 945.1 354.0 894.2 476.8 827.0 wheat 0
324.0 897.6 372.7 930.9 319.6 1008.5 270.9 975.2 wheat 0
64.8 512.7 171.6 557.8 149.8 609.4 43.0 564.2 wheat 0
180.3 447.0 238.3 447.0 238.3 519.0 180.3 519.0 wheat 0
126.3 374.0 192.3 374.0 192.3 463.0 126.3 463.0 wheat 0
130.2 446.7 45.1 473.0 29.5 422.4 114.5 396.1 wheat 0
637.4 183.7 710.3 245.0 685.0 275.0 612.2 213.7 wheat 0
690.3 184.0 747.3 184.0 747.3 243.0 690.3 243.0 wheat 0
428.8 533.7 388.5 561.3 348.8 503.3 389.2 475.7 wheat 0
758.8 924.7 741.9 985.7 642.5 958.1 659.4 897.1 wheat 0
