514.9 338.0 563.0 364.3 524.1 435.5 476.0 409.2 wheat 0
940.8 621.1 840.1 641.5 831.7 600.5 932.5 580.0 wheat 0
739.1 714.5 699.7 718.5 692.5 647.2 731.9 643.3 wheat 0
729.1 435.5 767.1 435.5 767.1 538.5 729.1 538.5 wheat 0
293.1 499.5 190.1 531.4 175.5 484.2 278.5 452.3 wheat 0
252.0 315.0 324.1 345.5 305.6 389.2 233.5 358.8 wheat 0
392.1 343.5 323.5 364.7 307.9 314.1 376.4 292.9 wheat 0
441.1 219.5 340.3 239.9 330.3 190.6 431.1 170.2 wheat 0
468.1 73.5 367.0 104.8 355.3 66.7 456.3 35.5 wheat 0
606.1 109.5 567.6 117.3 558.5 72.8 597.0 65.0 wheat 0
662.1 390.5 623.8 416.7 571.0 339.5 609.3 313.3 wheat 0
622.3 331.2 686.7 337.7 682.1 383.5 617.7 377.1 wheat 0
649.1 533.5 544.5 544.0 539.5 493.5 644.0 483.0 wheat 0
531.2 524.0 578.4 538.6 561.1 594.5 513.9 579.9 wheat 0
788.1 605.5 725.8 611.8 720.5 559.0 782.8 552.7 wheat 0
512.1 697.5 568.1 697.5 568.1 760.5 512.1 760.5 wheat 0
406.3 720.6 476.5 727.6 472.1 771.5 401.9 764.5 wheat 0
356.4 758.1 389.6 792.3 341.1 839.5 307.8 805.3 wheat 0
385.1 499.5 315.8 520.9 299.7 468.7 368.9 447.3 wheat 0
181.1 567.5 216.1 567.5 216.1 592.5 181.1 592.5 wheat 0
205.1 501.5 70.0 515.1 65.1 466.2 200.2 452.7 wheat 0
700.1 350.5 652.2 355.3 648.2 314.7 696.0 309.9 wheat 0
406.1 273.5 483.1 273.5 483.1 318.5 406.1 318.5 wheat 0
833.2 18.3 891.3 36.3 876.1 85.5 817.9 67.5 wheat 0
677.1 110.5 708.1 110.5 708.1 141.5 677.1 141.5 wheat 0
420.3 306.9 455.4 343.0 390.1 406.5 354.9 370.4 wheat 0
466.1 433.5 430.5 463.5 374.9 397.5 410.5 367.5 wheat 0
514.1 478.5 474.4 511.9 430.8 460.1 470.4 426.7 wheat 0
512.5 418.4 588.6 441.9 576.1 482.5 499.9 459.0 wheat 0
382.2 587.6 436.8 625.0 407.1 668.5 352.5 631.2 wheat 0
241.9 728.4 197.1 774.5 158.6 737.2 203.4 691.1 wheat 0
229.9 818.2 273.0 841.7 243.1 896.5 200.0 873.0 wheat 0
185.9 801.6 231.6 832.9 199.1 880.5 153.3 849.2 wheat 0
112.5 676.1 178.1 743.5 140.3 780.2 74.8 712.7 wheat 0
183.1 866.5 109.1 873.9 103.9 822.0 177.9 814.6 wheat 0
88.1 767.5 187.1 767.5 187.1 820.5 88.1 820.5 wheat 0
146.4 947.9 62.1 983.5 45.1 943.3 129.4 907.7 wheat 0
352.1 958.5 271.5 992.6 251.6 945.6 332.2 911.6 wheat 0
401.6 890.4 443.4 913.3 423.1 950.5 381.2 927.7 wheat 0
510.2 860.9 462.1 910.5 429.9 879.3 478.1 829.7 wheat 0
557.0 788.6 488.1 859.5 455.9 828.2 524.8 757.3 wheat 0
553.8 796.2 593.0 829.2 548.1 882.5 508.9 849.5 wheat 0
598.9 794.8 632.4 837.1 593.3 868.2 559.7 825.9 wheat 0
607.1 773.5 708.1 773.5 708.1 834.5 607.1 834.5 wheat 0
721.0 749.6 773.1 793.5 741.9 830.5 689.8 786.6 wheat 0
644.0 733.5 704.1 739.5 700.5 775.1 640.4 769.1 wheat 0
750.1 830.6 811.7 836.8 807.1 882.5 745.5 876.3 wheat 0
552.4 923.0 607.5 946.3 587.1 994.5 532.0 971.2 wheat 0
942.1 1018.5 896.6 1023.1 884.1 899.1 929.6 894.5 wheat 0
676.3 855.7 735.1 880.5 722.2 911.0 663.4 886.2 wheat 0
477.9 877.7 548.8 916.4 523.1 963.5 452.2 924.8 wheat 0
916.6 455.6 968.1 471.5 960.7 495.2 909.2 479.3 wheat 0
87.1 255.2 165.1 308.5 141.6 342.9 63.7 289.5 wheat 0
