216.9 197.7 272.3 214.8 238.1 325.5 182.6 308.4 wheat 0
122.6 200.5 171.4 221.1 117.1 349.5 68.3 328.9 wheat 0
467.3 324.7 519.0 352.9 447.1 484.5 395.4 456.3 wheat 0
610.1 94.5 574.8 124.2 514.3 52.4 549.6 22.7 wheat 0
449.1 538.6 490.7 556.2 444.1 666.5 402.5 648.9 wheat 0
416.1 792.5 364.4 797.7 350.6 660.6 402.3 655.4 wheat 0
565.2 655.9 616.5 671.7 571.1 818.5 519.8 802.7 wheat 0
590.4 692.1 652.1 704.6 621.1 857.5 559.4 845.0 wheat 0
802.1 818.5 755.5 828.0 724.9 677.0 771.5 667.5 wheat 0
803.1 697.5 841.1 697.5 841.1 838.5 803.1 838.5 wheat 0
629.1 885.5 674.3 885.5 674.3 1024.0 629.1 1024.0 wheat 0
832.8 893.4 874.5 916.2 824.1 1008.5 782.3 985.7 wheat 0
961.1 772.5 918.4 790.5 877.7 694.2 920.3 676.1 wheat 0
1021.1 691.5 993.2 734.8 884.8 665.2 912.6 621.9 wheat 0
776.7 395.2 832.1 425.5 812.4 461.5 757.0 431.2 wheat 0
808.7 114.6 864.1 171.5 833.1 201.6 777.7 144.7 wheat 0
166.1 442.4 205.7 464.0 177.1 516.5 137.4 494.9 wheat 0
264.2 417.9 295.1 421.0 289.1 481.5 258.1 478.4 wheat 0
377.5 402.1 400.1 417.5 368.4 463.8 345.9 448.4 wheat 0
270.6 582.7 303.3 596.5 266.1 684.5 233.4 670.7 wheat 0
306.1 789.5 265.0 793.6 256.2 705.9 297.3 701.8 wheat 0
216.5 734.4 262.7 743.8 243.1 840.5 196.9 831.1 wheat 0
236.1 895.5 181.6 918.5 114.3 759.3 168.7 736.3 wheat 0
401.8 798.2 443.5 821.0 376.1 944.5 334.3 921.7 wheat 0
685.1 120.5 726.1 120.5 726.1 199.5 685.1 199.5 wheat 0
736.0 727.6 781.9 741.8 743.1 867.5 697.2 853.3 wheat 0
