911.3 515.0 803.7 605.6 765.5 560.3 873.1 469.7 wheat 0
781.7 359.6 861.7 359.6 861.7 407.6 781.7 407.6 wheat 0
586.3 219.9 656.7 268.0 622.7 317.6 552.4 269.5 wheat 0
846.1 9.3 897.3 30.9 802.7 254.6 751.5 232.9 wheat 0
651.4 0.0 707.0 5.6 692.7 147.6 637.1 142.0 wheat 0
551.3 86.0 468.7 155.6 440.1 121.7 522.7 52.1 wheat 0
399.7 193.6 296.1 204.0 288.4 127.4 392.0 117.0 wheat 0
207.8 103.2 356.7 228.6 307.8 286.7 158.9 161.3 wheat 0
98.8 198.1 169.4 212.4 156.7 275.1 86.1 260.8 wheat 0
45.7 3.6 106.7 3.6 106.7 91.6 45.7 91.6 wheat 0
283.2 462.6 210.6 512.3 164.3 444.6 236.9 394.9 wheat 0
362.7 350.6 272.4 426.7 227.6 373.6 318.0 297.5 wheat 0
216.3 360.4 115.8 370.5 110.2 314.8 210.7 304.7 wheat 0
145.5 361.3 107.9 400.1 79.9 372.9 117.6 334.2 wheat 0
464.2 502.7 373.0 521.2 360.3 458.5 451.5 440.0 wheat 0
332.0 459.2 385.7 464.6 375.5 567.1 321.7 561.7 wheat 0
311.7 580.6 141.4 652.6 116.8 594.5 287.2 522.5 wheat 0
457.7 604.6 523.7 604.6 523.7 714.6 457.7 714.6 wheat 0
655.7 823.6 562.8 842.5 549.4 776.2 642.3 757.3 wheat 0
468.5 815.2 647.7 833.2 639.7 912.6 460.5 894.6 wheat 0
716.7 903.6 634.8 938.3 609.3 878.0 691.3 843.4 wheat 0
749.8 692.3 820.4 699.4 810.7 795.9 740.1 788.8 wheat 0
194.7 933.6 29.3 967.1 18.0 911.2 183.4 877.7 wheat 0
638.7 942.6 818.7 942.6 818.7 1022.6 638.7 1022.6 wheat 0
190.8 905.2 235.5 935.8 176.7 1021.6 132.0 991.0 wheat 0
