376.3 287.0 439.3 287.0 439.3 383.0 376.3 383.0 wheat 0
282.0 209.1 331.8 230.1 286.6 337.0 236.9 315.9 wheat 0
534.8 61.4 594.7 86.7 574.8 133.7 515.0 108.4 wheat 0
743.0 301.4 919.1 319.0 912.6 383.7 736.5 366.0 wheat 0
607.9 312.3 659.9 347.8 575.8 470.8 523.8 435.2 wheat 0
487.8 489.6 370.2 513.4 358.9 457.5 476.5 433.7 wheat 0
475.0 689.2 409.6 716.9 340.7 553.9 406.1 526.2 wheat 0
728.0 571.6 766.2 603.8 696.7 686.4 658.4 654.2 wheat 0
632.9 728.4 531.9 748.8 522.8 703.7 623.7 683.3 wheat 0
583.3 750.0 641.3 750.0 641.3 844.0 583.3 844.0 wheat 0
270.3 812.0 339.3 812.0 339.3 898.0 270.3 898.0 wheat 0
617.3 934.0 684.3 934.0 684.3 985.0 617.3 985.0 wheat 0
102.8 758.7 194.0 797.3 174.9 842.4 83.7 803.8 wheat 0
41.4 546.0 97.7 563.4 62.3 678.1 5.9 660.6 wheat 0
43.9 401.1 111.1 485.7 64.1 523.0 -3.1 438.4 wheat 0
53.6 164.7 117.8 218.8 81.1 262.4 16.8 208.3 wheat 0
700.2 352.6 735.0 388.5 680.5 441.5 645.6 405.6 wheat 0
906.3 503.0 971.3 503.0 971.3 564.0 906.3 564.0 wheat 0
966.3 612.0 1024.0 612.0 1024.0 676.3 966.3 676.3 wheat 0
