497.4 82.4 538.5 95.1 497.1 228.8 456.0 216.1 wheat 0
553.9 100.8 706.9 258.3 676.7 287.6 523.7 130.1 wheat 0
636.1 10.9 741.6 143.8 702.7 174.6 597.3 41.7 wheat 0
743.5 159.4 849.6 268.5 823.7 293.6 717.7 184.5 wheat 0
852.2 135.8 738.8 147.2 735.3 112.4 848.7 101.0 wheat 0
878.3 182.5 924.6 187.2 903.7 395.6 857.4 391.0 wheat 0
1020.5 251.6 968.7 267.6 901.3 49.5 953.0 33.5 wheat 0
968.2 246.3 930.9 257.8 870.3 62.0 907.6 50.4 wheat 0
951.7 298.6 1002.7 298.6 1002.7 439.6 951.7 439.6 wheat 0
927.1 440.6 974.1 450.2 939.7 619.6 892.7 610.1 wheat 0
884.7 625.6 842.8 678.5 816.3 657.5 858.3 604.6 wheat 0
858.5 460.7 677.7 497.4 669.0 454.3 849.7 417.6 wheat 0
863.0 381.6 684.9 399.5 681.5 365.6 859.6 347.8 wheat 0
786.1 253.3 810.5 278.4 790.4 297.9 766.0 272.8 wheat 0
610.1 238.2 657.7 252.9 602.7 430.6 555.1 415.9 wheat 0
570.9 362.3 440.0 402.8 425.6 356.0 556.4 315.5 wheat 0
480.9 338.2 372.1 360.2 363.6 318.1 472.4 296.0 wheat 0
448.8 479.1 402.1 504.6 316.1 347.1 362.7 321.6 wheat 0
342.5 38.6 265.7 117.6 236.3 89.0 313.0 10.0 wheat 0
31.9 5.7 164.3 32.5 154.5 80.5 22.2 53.7 wheat 0
243.5 258.9 320.5 282.8 309.7 317.6 232.8 293.8 wheat 0
263.1 429.8 115.7 444.6 111.4 401.1 258.7 386.3 wheat 0
323.0 292.4 355.6 310.2 288.7 432.6 256.1 414.8 wheat 0
318.3 479.6 364.8 505.0 320.2 586.6 273.7 561.2 wheat 0
82.4 383.7 157.7 478.6 120.0 508.6 44.7 413.6 wheat 0
125.3 468.3 166.9 476.7 149.7 561.6 108.1 553.2 wheat 0
29.0 360.7 72.8 365.1 62.4 468.6 18.7 464.2 wheat 0
3.7 467.6 35.7 467.6 35.7 554.6 3.7 554.6 wheat 0
457.7 673.6 288.5 745.1 270.8 703.3 440.0 631.7 wheat 0
598.1 530.5 436.7 666.4 408.4 632.8 569.8 496.8 wheat 0
723.6 477.4 846.1 529.3 833.7 558.6 711.1 506.8 wheat 0
539.2 736.0 496.7 744.6 467.9 602.4 510.4 593.7 wheat 0
531.5 613.7 576.6 651.7 548.9 684.6 503.8 646.6 wheat 0
546.2 581.3 702.8 629.7 691.3 667.0 534.6 618.5 wheat 0
714.9 679.6 614.0 722.2 598.8 686.3 699.7 643.6 wheat 0
592.9 639.2 621.5 651.3 605.5 689.0 577.0 677.0 wheat 0
571.7 708.6 604.7 708.6 604.7 733.6 571.7 733.6 wheat 0
616.7 733.6 801.7 733.6 801.7 775.6 616.7 775.6 wheat 0
754.1 899.1 710.3 903.5 697.4 775.1 741.2 770.7 wheat 0
673.5 779.4 712.1 800.4 702.0 818.9 663.4 797.8 wheat 0
737.7 703.6 788.7 703.6 788.7 729.6 737.7 729.6 wheat 0
758.3 874.6 928.5 909.1 920.7 947.6 750.5 913.1 wheat 0
764.7 928.6 865.7 928.6 865.7 969.6 764.7 969.6 wheat 0
610.2 926.7 792.1 983.0 780.7 1019.6 598.9 963.4 wheat 0
440.0 898.0 360.0 998.9 340.7 983.6 420.8 882.7 wheat 0
404.7 751.7 327.7 871.6 307.3 858.5 384.3 738.6 wheat 0
243.2 736.9 298.8 754.1 237.7 951.6 182.1 934.4 wheat 0
289.3 793.0 320.9 810.3 258.1 925.2 226.5 908.0 wheat 0
726.8 271.3 809.8 328.1 793.7 351.6 710.7 294.8 wheat 0
709.1 206.8 766.8 246.3 754.4 264.5 696.6 224.9 wheat 0
