661.3 617.2 717.8 645.2 600.7 881.6 544.2 853.6 wheat 0
888.0 630.8 954.6 714.6 904.4 754.4 837.9 670.6 wheat 0
889.7 726.6 952.7 726.6 952.7 826.6 889.7 826.6 wheat 0
695.7 404.6 760.7 404.6 760.7 460.6 695.7 460.6 wheat 0
772.7 294.6 682.6 435.0 625.0 397.9 715.1 257.6 wheat 0
310.7 314.6 215.6 333.9 206.8 290.2 301.9 271.0 wheat 0
497.5 554.6 312.1 573.2 304.4 496.2 489.7 477.6 wheat 0
260.7 583.6 308.2 603.7 271.7 689.9 224.3 669.9 wheat 0
315.7 604.6 43.9 775.1 8.7 719.0 280.6 548.6 wheat 0
119.3 680.4 383.9 792.3 356.7 856.6 92.1 744.7 wheat 0
65.7 740.6 284.7 740.6 284.7 786.6 65.7 786.6 wheat 0
473.7 906.6 173.8 955.0 165.0 900.6 465.0 852.2 wheat 0
473.7 999.6 417.2 1023.5 371.8 916.0 428.3 892.1 wheat 0
143.7 496.6 27.0 546.0 3.0 489.1 119.7 439.7 wheat 0
657.5 4.8 718.1 37.9 623.7 210.6 563.1 177.5 wheat 0
798.4 4.7 859.3 38.0 750.7 236.6 689.9 203.4 wheat 0
722.7 0.6 785.7 0.6 785.7 76.6 722.7 76.6 wheat 0
884.7 1.6 1024.0 1.6 1024.0 48.7 884.7 48.7 wheat 0
9.9 440.5 61.4 456.5 49.6 494.7 -2.0 478.7 wheat 0
46.0 933.3 167.1 970.8 150.7 1023.6 29.6 986.2 wheat 0
78.7 0.6 122.7 0.6 122.7 85.6 78.7 85.6 wheat 0
