700.9 498.8 790.4 526.5 776.7 570.6 687.3 542.9 wheat 0
821.7 593.6 754.4 614.4 737.5 559.9 804.9 539.1 wheat 0
596.7 650.6 714.7 650.6 714.7 703.6 596.7 703.6 wheat 0
641.7 765.6 575.0 779.1 562.5 717.9 629.3 704.3 wheat 0
460.4 706.9 527.0 727.6 512.7 773.6 446.1 753.0 wheat 0
497.8 568.6 535.8 589.3 507.7 640.6 469.8 619.9 wheat 0
439.8 425.3 479.3 446.9 436.6 525.0 397.2 503.4 wheat 0
229.2 271.2 287.1 302.9 260.3 352.0 202.4 320.4 wheat 0
284.7 228.6 255.5 231.6 249.0 167.2 278.3 164.3 wheat 0
122.0 39.0 171.8 60.0 153.5 103.3 103.7 82.2 wheat 0
395.6 0.7 436.8 28.9 376.7 116.6 335.6 88.5 wheat 0
493.9 106.2 444.9 116.1 435.6 70.1 484.6 60.1 wheat 0
581.2 67.5 529.7 89.3 508.2 38.7 559.8 16.9 wheat 0
628.0 22.3 655.9 37.6 606.7 127.6 578.8 112.4 wheat 0
669.5 2.7 697.2 31.2 659.7 67.6 632.0 39.1 wheat 0
627.9 91.5 674.5 101.0 659.7 173.6 613.1 164.2 wheat 0
718.9 149.5 678.7 161.9 666.6 122.7 706.7 110.3 wheat 0
490.4 168.2 529.1 200.8 505.7 228.6 467.0 196.0 wheat 0
633.7 214.6 599.2 233.5 577.1 193.1 611.7 174.2 wheat 0
533.7 221.0 604.8 259.8 582.8 300.2 511.7 261.4 wheat 0
673.7 207.6 737.7 207.6 737.7 277.6 673.7 277.6 wheat 0
832.7 149.6 772.6 175.0 759.6 144.4 819.8 119.0 wheat 0
824.7 175.6 933.7 175.6 933.7 236.6 824.7 236.6 wheat 0
901.2 335.5 820.3 390.9 798.3 358.7 879.2 303.4 wheat 0
957.7 473.6 894.3 486.5 870.6 369.4 934.0 356.5 wheat 0
633.4 387.1 734.7 407.6 726.7 447.4 625.4 426.9 wheat 0
815.9 688.3 921.7 688.3 921.7 729.6 815.9 729.6 wheat 0
880.7 703.8 950.1 741.6 933.8 771.5 864.4 733.6 wheat 0
904.7 700.6 1007.7 700.6 1007.7 749.6 904.7 749.6 wheat 0
937.7 762.6 970.7 762.6 970.7 803.6 937.7 803.6 wheat 0
722.0 908.8 768.9 928.6 728.7 1023.6 681.8 1003.8 wheat 0
541.1 829.5 625.9 855.7 611.7 901.6 526.9 875.4 wheat 0
426.0 860.5 470.8 865.0 464.5 927.7 419.7 923.2 wheat 0
351.6 764.4 411.4 776.5 394.9 857.8 335.1 845.7 wheat 0
43.6 714.4 113.7 728.6 103.7 777.6 33.6 763.4 wheat 0
99.1 599.2 151.9 653.5 117.7 686.6 65.0 632.3 wheat 0
90.7 481.6 152.7 481.6 152.7 569.6 90.7 569.6 wheat 0
42.7 384.6 93.7 384.6 93.7 421.6 42.7 421.6 wheat 0
72.5 248.2 33.3 256.2 25.0 215.0 64.2 207.1 wheat 0
1.7 878.6 75.7 878.6 75.7 924.6 1.7 924.6 wheat 0
