452.7 772.6 261.0 853.7 237.4 797.8 429.1 716.8 wheat 0
437.7 841.6 308.0 896.5 293.0 860.9 422.7 806.0 wheat 0
206.7 890.6 269.8 943.7 215.4 1008.2 152.4 955.1 wheat 0
168.7 1011.6 115.1 1017.0 102.8 894.1 156.4 888.7 wheat 0
267.6 932.1 365.7 973.6 347.8 1016.2 249.7 974.7 wheat 0
432.7 717.6 394.6 749.8 244.8 571.9 282.9 539.8 wheat 0
103.6 450.9 148.7 460.0 111.9 641.3 66.8 632.2 wheat 0
610.7 475.6 519.8 552.2 473.8 497.7 564.8 421.0 wheat 0
682.7 594.6 600.6 629.4 580.2 581.2 662.4 546.4 wheat 0
602.5 621.0 636.1 649.4 611.0 679.2 577.3 650.9 wheat 0
762.7 771.6 652.8 782.6 648.2 737.5 758.2 726.5 wheat 0
755.6 697.5 658.1 727.6 643.9 681.8 741.4 651.6 wheat 0
906.7 659.6 828.6 683.8 814.9 639.7 893.1 615.5 wheat 0
678.5 835.8 821.7 835.8 821.7 897.6 678.5 897.6 wheat 0
1023.7 816.6 863.4 849.1 851.1 788.1 1011.4 755.6 wheat 0
232.7 117.6 434.7 117.6 434.7 170.6 232.7 170.6 wheat 0
406.0 101.8 136.7 328.6 94.8 278.8 364.1 52.0 wheat 0
28.1 90.4 76.8 95.3 66.4 198.8 17.7 193.9 wheat 0
496.4 179.7 653.5 265.5 630.0 308.5 472.9 222.7 wheat 0
767.7 223.6 577.3 262.2 567.6 214.7 758.1 176.1 wheat 0
1005.7 256.6 753.4 281.9 747.4 222.8 999.8 197.5 wheat 0
900.6 278.2 1023.4 381.6 978.7 434.6 856.0 331.2 wheat 0
897.7 377.3 941.0 395.6 902.8 485.9 859.5 467.6 wheat 0
801.1 556.1 831.8 572.9 817.7 598.6 787.0 581.8 wheat 0
485.4 354.0 370.7 416.6 350.3 379.3 465.0 316.6 wheat 0
507.0 1.4 547.5 18.5 514.4 96.8 473.9 79.7 wheat 0
584.7 36.6 639.7 36.6 639.7 85.6 584.7 85.6 wheat 0
870.7 95.6 739.1 108.8 735.0 67.7 866.6 54.5 wheat 0
