148.5 810.3 212.8 864.5 171.7 913.4 107.3 859.2 wheat 0
495.5 808.3 435.4 841.2 396.9 770.8 457.1 738.0 wheat 0
564.3 635.4 674.0 748.4 621.4 799.4 511.7 686.4 wheat 0
369.5 825.3 308.3 858.7 277.6 802.5 338.7 769.1 wheat 0
209.6 504.7 281.8 544.1 220.5 656.3 148.3 616.9 wheat 0
141.3 606.0 222.4 674.3 173.5 732.3 92.4 664.0 wheat 0
947.5 651.6 1023.7 703.7 993.9 747.2 917.8 695.2 wheat 0
1021.4 404.5 921.9 458.8 890.5 401.3 990.0 347.0 wheat 0
842.5 399.3 769.6 474.4 723.8 429.9 796.7 354.8 wheat 0
718.5 553.5 782.5 597.3 717.5 692.3 653.5 648.5 wheat 0
762.5 508.3 848.5 508.3 848.5 596.3 762.5 596.3 wheat 0
508.5 548.3 574.4 584.4 527.3 670.5 461.4 634.5 wheat 0
580.5 576.3 659.5 576.3 659.5 647.3 580.5 647.3 wheat 0
553.5 501.3 628.5 501.3 628.5 568.3 553.5 568.3 wheat 0
537.1 405.9 588.9 459.2 546.5 500.3 494.7 447.1 wheat 0
352.1 460.9 282.5 490.3 227.2 359.5 296.8 330.0 wheat 0
378.4 290.5 341.5 348.0 280.6 308.8 317.5 251.3 wheat 0
216.2 247.4 277.5 273.3 234.1 375.9 172.9 350.0 wheat 0
112.2 210.9 192.2 254.6 164.5 305.3 84.5 261.6 wheat 0
318.5 168.3 276.2 221.6 198.5 159.9 240.7 106.6 wheat 0
144.9 176.0 94.1 228.4 51.0 186.6 101.9 134.2 wheat 0
604.5 93.3 680.5 93.3 680.5 219.3 604.5 219.3 wheat 0
