340.3 455.3 489.3 455.3 489.3 545.3 340.3 545.3 wheat 0
798.3 809.5 737.3 835.3 679.3 698.1 740.3 672.3 wheat 0
347.3 572.3 448.3 572.3 448.3 660.3 347.3 660.3 wheat 0
64.1 564.9 242.3 640.2 217.3 699.3 39.1 624.0 wheat 0
45.3 343.3 129.3 343.3 129.3 443.3 45.3 443.3 wheat 0
886.3 544.3 743.7 604.6 719.5 547.3 862.1 487.0 wheat 0
861.9 288.8 926.6 301.9 906.7 399.9 842.1 386.8 wheat 0
826.3 321.3 785.0 373.4 731.5 330.9 772.8 278.9 wheat 0
861.8 110.6 825.3 182.3 765.8 152.0 802.3 80.3 wheat 0
663.3 40.3 736.3 40.3 736.3 157.3 663.3 157.3 wheat 0
654.2 136.6 583.3 175.3 510.4 41.8 581.3 3.0 wheat 0
129.3 52.3 255.3 52.3 255.3 130.3 129.3 130.3 wheat 0
286.5 315.8 379.3 315.8 379.3 390.3 286.5 390.3 wheat 0
922.3 164.3 1022.3 164.3 1022.3 248.3 922.3 248.3 wheat 0
