369.0 482.5 479.1 516.5 470.2 545.2 360.1 511.1 wheat 0
568.1 372.5 545.7 387.8 503.8 326.5 526.1 311.2 wheat 0
848.1 196.5 810.5 217.0 763.1 130.2 800.6 109.7 wheat 0
906.1 225.5 861.9 234.5 840.5 129.1 884.7 120.1 wheat 0
885.1 132.5 857.7 147.4 815.7 70.4 843.0 55.5 wheat 0
743.1 205.5 705.4 221.4 641.9 71.2 679.5 55.2 wheat 0
717.1 252.5 673.7 261.3 657.0 178.5 700.3 169.8 wheat 0
630.9 290.2 590.5 312.2 537.7 215.6 578.1 193.5 wheat 0
330.6 140.6 488.1 172.5 478.9 217.6 321.4 185.6 wheat 0
401.1 74.5 442.1 74.5 442.1 173.5 401.1 173.5 wheat 0
289.8 18.4 384.1 115.5 351.0 147.6 256.7 50.5 wheat 0
315.1 235.5 267.7 245.1 236.5 91.0 283.8 81.4 wheat 0
138.4 168.5 245.1 201.5 234.7 234.9 128.1 201.9 wheat 0
156.1 225.5 109.2 230.2 95.9 97.9 142.8 93.2 wheat 0
214.1 162.5 175.7 188.8 93.4 68.4 131.8 42.2 wheat 0
181.6 119.9 276.1 184.5 257.7 211.4 163.2 146.7 wheat 0
376.0 601.3 470.1 680.5 444.5 710.9 350.4 631.7 wheat 0
440.1 572.8 524.1 643.5 497.9 674.6 413.9 603.8 wheat 0
729.1 658.5 528.7 743.2 510.6 700.5 711.0 615.7 wheat 0
721.4 652.9 769.1 746.5 740.5 761.1 692.8 667.4 wheat 0
848.1 865.5 822.2 883.2 752.5 781.3 778.4 763.6 wheat 0
884.9 817.0 967.1 901.5 930.9 936.7 848.7 852.1 wheat 0
895.1 720.5 932.1 720.5 932.1 854.5 895.1 854.5 wheat 0
856.1 646.5 830.3 654.5 807.7 581.4 833.5 573.4 wheat 0
742.2 454.7 776.0 458.1 762.1 596.5 728.3 593.1 wheat 0
675.9 289.6 723.1 294.4 707.1 454.5 659.8 449.8 wheat 0
878.1 462.5 844.4 490.8 701.7 321.4 735.4 293.1 wheat 0
1001.1 633.5 960.2 646.2 919.9 515.9 960.8 503.3 wheat 0
997.1 312.5 851.1 412.4 822.1 370.0 968.1 270.1 wheat 0
837.1 373.5 802.0 397.5 725.3 285.4 760.3 261.4 wheat 0
804.1 516.5 762.3 520.7 747.6 373.4 789.3 369.3 wheat 0
816.1 915.5 777.1 932.0 726.5 812.2 765.4 795.7 wheat 0
791.1 924.5 766.6 955.3 714.5 913.9 739.0 883.2 wheat 0
489.0 828.3 574.1 886.5 552.8 917.6 467.7 859.4 wheat 0
534.4 880.5 627.1 958.5 599.4 991.3 506.8 913.3 wheat 0
466.1 883.5 522.1 883.5 522.1 927.5 466.1 927.5 wheat 0
245.1 609.5 202.3 627.6 156.5 519.4 199.3 501.3 wheat 0
195.1 618.5 172.3 647.2 46.7 547.6 69.5 518.9 wheat 0
281.8 743.4 358.1 839.5 316.0 872.9 239.7 776.7 wheat 0
288.1 896.5 240.9 906.1 209.7 752.2 256.9 742.6 wheat 0
227.9 840.6 355.1 971.5 318.9 1006.6 191.8 875.7 wheat 0
350.1 930.5 400.1 930.5 400.1 1010.5 350.1 1010.5 wheat 0
357.1 928.5 333.6 941.4 300.1 880.2 323.6 867.3 wheat 0
42.0 602.1 98.9 641.0 79.2 669.9 22.2 631.0 wheat 0
225.4 450.7 285.1 491.5 259.3 529.2 199.6 488.3 wheat 0
477.1 301.5 449.4 324.8 374.7 236.2 402.4 212.8 wheat 0
55.6 245.1 111.1 256.3 102.5 299.0 47.0 287.7 wheat 0
142.1 0.0 266.5 0.0 266.5 33.5 142.1 33.5 wheat 0
936.1 505.5 908.1 524.7 851.6 442.1 879.6 423.0 wheat 0
