787.1 475.5 740.6 489.9 702.3 366.0 748.7 351.6 wheat 0
919.5 429.0 879.1 441.5 827.9 276.0 868.3 263.5 wheat 0
910.2 410.4 1005.1 450.5 988.8 488.9 893.9 448.7 wheat 0
873.3 351.9 916.6 370.2 905.1 397.5 861.7 379.2 wheat 0
943.1 226.5 914.6 232.3 897.5 148.3 926.0 142.5 wheat 0
856.1 60.5 897.1 60.5 897.1 149.5 856.1 149.5 wheat 0
862.1 6.5 909.1 6.5 909.1 79.5 862.1 79.5 wheat 0
705.1 112.5 751.1 112.5 751.1 191.5 705.1 191.5 wheat 0
744.1 216.5 784.1 216.5 784.1 292.5 744.1 292.5 wheat 0
954.0 481.3 991.7 493.0 967.1 572.5 929.4 560.9 wheat 0
978.1 628.5 1018.1 628.5 1018.1 710.5 978.1 710.5 wheat 0
973.1 574.5 1023.0 574.5 1023.0 641.5 973.1 641.5 wheat 0
952.1 684.5 1002.1 684.5 1002.1 796.5 952.1 796.5 wheat 0
907.9 766.2 943.8 773.5 921.1 885.5 885.2 878.2 wheat 0
840.1 909.5 884.1 909.5 884.1 985.5 840.1 985.5 wheat 0
812.1 902.5 786.7 923.9 717.7 842.0 743.1 820.6 wheat 0
805.1 783.5 763.4 792.0 747.8 715.4 789.5 706.9 wheat 0
699.7 695.8 736.6 707.3 708.1 799.5 671.1 788.1 wheat 0
737.1 938.5 710.7 946.7 689.6 878.4 715.9 870.2 wheat 0
616.1 805.5 594.4 827.9 531.2 766.5 552.9 744.1 wheat 0
527.1 864.5 495.9 885.9 456.6 828.5 487.8 807.2 wheat 0
476.1 863.5 442.6 886.4 411.0 840.2 444.4 817.3 wheat 0
434.3 910.3 519.1 927.5 511.1 967.0 426.3 949.9 wheat 0
147.1 872.9 221.1 923.5 204.2 948.2 130.2 897.6 wheat 0
243.1 831.5 215.1 850.7 163.6 775.4 191.6 756.2 wheat 0
321.1 752.5 279.7 780.8 207.4 675.2 248.8 646.9 wheat 0
229.1 624.5 186.2 647.9 153.5 588.1 196.4 564.7 wheat 0
399.1 601.5 360.2 605.4 349.6 500.0 388.5 496.1 wheat 0
376.1 411.5 420.1 411.5 420.1 519.5 376.1 519.5 wheat 0
494.1 508.5 456.8 520.0 434.7 448.4 471.9 436.9 wheat 0
373.7 135.4 415.1 139.5 400.1 288.2 358.8 284.1 wheat 0
497.2 59.7 536.8 63.7 524.1 190.5 484.4 186.5 wheat 0
606.1 154.5 565.4 162.8 539.3 34.0 580.0 25.8 wheat 0
408.1 123.5 368.8 150.4 298.6 47.8 337.9 21.0 wheat 0
211.1 336.5 176.5 365.6 40.7 204.4 75.3 175.3 wheat 0
210.1 364.2 289.1 445.5 258.1 475.6 179.1 394.3 wheat 0
293.4 335.0 391.1 435.5 361.1 464.7 263.4 364.1 wheat 0
84.1 442.5 40.1 451.4 21.7 360.8 65.7 351.9 wheat 0
117.1 434.5 80.6 441.9 62.5 352.6 99.0 345.2 wheat 0
99.1 681.5 52.6 690.9 25.7 558.0 72.1 548.6 wheat 0
76.0 674.3 122.3 678.9 115.1 751.5 68.7 746.9 wheat 0
73.1 886.5 40.0 904.6 0.0 831.3 33.0 813.3 wheat 0
229.1 117.5 189.2 125.6 173.5 48.1 213.4 40.0 wheat 0
652.1 333.5 602.9 338.4 594.3 252.7 643.5 247.7 wheat 0
494.8 275.5 566.1 335.5 537.6 369.3 466.3 309.3 wheat 0
575.1 422.5 551.7 429.8 531.6 365.1 555.1 357.8 wheat 0
594.9 338.3 654.1 430.5 613.5 456.6 554.3 364.4 wheat 0
673.1 512.5 629.0 536.6 585.4 456.8 629.5 432.8 wheat 0
670.1 688.5 626.1 692.9 615.5 588.0 659.5 583.6 wheat 0
574.8 567.7 609.5 591.4 582.1 631.5 547.4 607.8 wheat 0
208.8 558.7 182.8 588.3 127.8 540.0 153.8 510.4 wheat 0
