641.7 785.6 607.7 792.5 583.2 671.5 617.2 664.6 wheat 0
799.4 699.9 818.4 712.9 781.1 767.3 762.1 754.4 wheat 0
835.5 518.3 901.1 531.6 895.0 562.0 829.3 548.7 wheat 0
925.0 521.6 984.7 562.4 951.7 610.6 892.0 569.8 wheat 0
951.0 365.6 987.2 373.0 973.5 440.6 937.3 433.3 wheat 0
778.8 93.5 725.2 122.8 713.7 101.7 767.2 72.5 wheat 0
771.3 51.7 790.6 59.9 769.2 110.5 749.9 102.4 wheat 0
949.9 -1.9 981.3 24.5 944.6 68.1 913.2 41.7 wheat 0
967.3 47.5 998.9 57.2 989.1 88.8 957.6 79.0 wheat 0
987.7 103.6 1021.7 103.6 1021.7 128.6 987.7 128.6 wheat 0
754.4 557.8 802.7 607.6 779.7 630.0 731.4 580.2 wheat 0
750.5 587.5 724.5 609.5 691.0 569.7 717.0 547.8 wheat 0
704.7 503.6 671.6 526.3 613.4 441.3 646.6 418.6 wheat 0
799.3 472.4 756.5 476.7 753.2 443.8 796.0 439.6 wheat 0
738.4 426.2 707.8 435.6 685.1 362.1 715.6 352.6 wheat 0
640.1 293.8 709.5 315.2 696.7 356.6 627.3 335.1 wheat 0
659.4 205.7 721.2 218.2 715.0 248.6 653.3 236.0 wheat 0
649.9 213.9 575.3 254.6 556.6 220.4 631.2 179.6 wheat 0
906.3 899.3 934.2 902.1 931.2 931.9 903.3 929.1 wheat 0
715.7 838.6 760.7 838.6 760.7 873.6 715.7 873.6 wheat 0
640.8 918.4 695.7 987.6 668.1 1009.5 613.2 940.3 wheat 0
524.3 925.6 571.7 945.7 549.7 997.6 502.4 977.6 wheat 0
599.7 520.7 637.8 546.7 620.7 571.6 582.7 545.6 wheat 0
571.9 580.5 539.8 607.6 525.6 590.7 557.7 563.7 wheat 0
536.2 309.4 595.3 359.3 569.7 389.6 510.6 339.8 wheat 0
479.0 108.5 529.2 124.1 498.7 222.6 448.5 207.1 wheat 0
487.3 21.4 556.9 80.0 529.2 112.9 459.6 54.2 wheat 0
536.8 4.2 636.5 35.0 625.7 70.2 525.9 39.4 wheat 0
631.7 351.6 689.7 351.6 689.7 377.6 631.7 377.6 wheat 0
534.7 283.6 571.7 283.6 571.7 310.6 534.7 310.6 wheat 0
774.7 978.6 811.8 978.6 811.8 1024.0 774.7 1024.0 wheat 0
453.3 1010.2 408.5 1014.7 401.2 941.0 445.9 936.6 wheat 0
382.7 783.6 424.7 783.6 424.7 884.6 382.7 884.6 wheat 0
312.3 615.3 340.7 621.0 330.2 673.0 301.8 667.2 wheat 0
267.9 603.4 233.6 610.3 218.5 535.8 252.8 528.9 wheat 0
195.5 469.9 234.1 491.0 212.0 531.3 173.4 510.3 wheat 0
287.7 440.6 241.6 450.0 225.3 369.6 271.4 360.2 wheat 0
292.6 377.1 354.7 429.4 326.7 462.6 264.6 410.3 wheat 0
439.7 458.6 355.7 467.0 351.1 420.8 435.1 412.3 wheat 0
430.8 228.8 403.7 243.6 374.0 189.2 401.1 174.4 wheat 0
333.7 29.6 362.7 29.6 362.7 62.6 333.7 62.6 wheat 0
194.3 186.7 230.0 201.8 204.7 261.6 169.0 246.5 wheat 0
132.5 214.0 162.3 230.3 135.0 280.3 105.2 264.0 wheat 0
133.7 283.6 209.7 283.6 209.7 317.6 133.7 317.6 wheat 0
20.1 376.7 88.7 423.6 70.1 450.9 1.5 403.9 wheat 0
145.7 426.6 178.7 426.6 178.7 463.6 145.7 463.6 wheat 0
86.0 409.2 133.0 418.8 125.5 456.0 78.4 446.5 wheat 0
137.4 797.5 172.9 821.8 153.1 850.7 117.6 826.4 wheat 0
200.7 853.6 286.3 941.7 248.0 978.8 162.5 890.7 wheat 0
193.7 976.6 156.1 1008.3 91.8 931.8 129.4 900.2 wheat 0
120.9 1013.9 82.7 1021.6 65.6 937.3 103.8 929.6 wheat 0
282.8 810.5 306.7 817.8 299.6 840.8 275.7 833.4 wheat 0
