604.7 792.6 561.9 796.9 545.0 628.2 587.8 623.9 wheat 0
614.7 701.6 658.7 701.6 658.7 784.6 614.7 784.6 wheat 0
530.6 807.6 556.0 812.8 544.9 867.6 519.4 862.5 wheat 0
1014.5 837.5 937.1 853.2 931.9 827.7 1009.4 812.0 wheat 0
618.4 338.0 694.7 361.6 683.6 397.8 607.2 374.1 wheat 0
744.5 448.7 702.2 466.6 672.9 397.5 715.3 379.6 wheat 0
745.7 503.6 625.6 528.0 617.9 490.0 738.0 465.7 wheat 0
970.1 451.8 937.9 465.5 918.4 419.4 950.6 405.8 wheat 0
928.1 228.4 957.0 244.2 941.5 272.6 912.6 256.8 wheat 0
915.7 107.6 816.6 117.6 812.0 72.1 911.2 62.1 wheat 0
1023.9 171.6 993.2 188.4 972.6 150.6 1003.3 133.9 wheat 0
591.2 254.6 643.2 265.2 637.2 294.6 585.3 284.1 wheat 0
568.7 295.6 613.7 295.6 613.7 323.6 568.7 323.6 wheat 0
487.9 236.1 535.6 240.9 526.7 329.6 479.0 324.8 wheat 0
445.1 377.6 499.7 462.6 461.6 487.1 407.0 402.1 wheat 0
368.7 665.6 313.7 695.7 288.2 649.1 343.3 619.0 wheat 0
443.8 705.8 389.9 716.7 382.7 681.4 436.6 670.5 wheat 0
247.6 802.1 330.2 818.8 318.7 875.6 236.1 858.9 wheat 0
0.0 809.6 53.0 809.6 53.0 892.6 0.0 892.6 wheat 0
76.1 742.9 39.8 750.2 18.4 644.4 54.6 637.0 wheat 0
321.4 277.2 358.7 315.6 341.5 332.3 304.2 293.9 wheat 0
206.2 148.8 132.6 156.2 129.3 123.4 202.9 116.0 wheat 0
114.7 520.6 37.1 553.5 19.2 511.1 96.8 478.3 wheat 0
188.6 251.7 162.2 269.7 136.8 232.6 163.2 214.5 wheat 0
188.8 337.4 240.6 365.7 225.7 392.9 173.9 364.6 wheat 0
145.5 358.5 180.7 365.6 172.0 408.8 136.7 401.6 wheat 0
510.7 1.2 543.7 7.9 527.7 86.6 494.7 79.9 wheat 0
613.6 34.2 583.2 40.4 576.9 9.0 607.2 2.9 wheat 0
126.8 37.8 51.3 69.7 42.7 49.4 118.2 17.5 wheat 0
635.2 537.7 669.0 560.9 619.3 633.5 585.5 610.4 wheat 0
