954.1 958.5 877.4 982.2 761.5 607.4 838.1 583.7 wheat 0
599.1 823.5 570.1 880.5 357.0 772.0 386.0 715.1 wheat 0
342.7 820.3 757.1 948.5 741.2 999.8 326.9 871.6 wheat 0
257.1 750.9 495.1 851.5 477.1 894.0 239.2 793.4 wheat 0
32.2 784.7 352.1 849.5 338.7 915.3 18.9 850.5 wheat 0
35.7 708.6 189.1 813.5 159.6 856.5 6.3 751.6 wheat 0
185.0 897.5 504.1 929.5 496.9 1000.6 177.9 968.6 wheat 0
476.9 752.3 747.1 866.5 726.7 914.7 456.6 800.5 wheat 0
620.1 601.7 279.6 707.1 262.5 651.9 603.1 546.5 wheat 0
442.1 625.5 677.1 625.5 677.1 664.5 442.1 664.5 wheat 0
787.1 841.5 737.4 846.5 720.1 674.5 769.8 669.5 wheat 0
427.2 616.1 220.0 636.9 215.9 595.3 423.1 574.5 wheat 0
220.1 546.5 458.1 546.5 458.1 598.5 220.1 598.5 wheat 0
419.1 479.5 368.0 522.5 257.0 390.7 308.1 347.7 wheat 0
309.1 437.2 532.1 531.5 511.6 579.8 288.6 485.6 wheat 0
562.1 510.5 520.6 553.2 284.3 323.8 325.8 281.1 wheat 0
555.1 457.5 494.7 469.7 423.1 116.7 483.5 104.5 wheat 0
869.3 368.4 554.3 400.0 549.1 348.1 864.1 316.5 wheat 0
960.1 335.0 619.7 369.2 613.6 308.7 954.1 274.5 wheat 0
1001.1 413.5 947.5 436.2 847.2 199.0 900.8 176.4 wheat 0
813.5 241.2 505.3 303.6 493.8 247.0 802.1 184.5 wheat 0
550.8 137.5 844.1 261.5 828.0 299.6 534.8 175.6 wheat 0
569.9 86.6 979.1 169.5 968.3 222.6 559.1 139.7 wheat 0
386.1 82.5 156.7 318.7 107.9 271.2 337.2 35.1 wheat 0
453.1 267.5 404.4 277.4 363.7 76.2 412.3 66.3 wheat 0
420.6 134.4 579.1 166.5 571.2 205.5 412.7 173.3 wheat 0
