633.3 614.9 573.1 627.1 538.6 456.8 598.7 444.6 wheat 0
643.4 543.5 686.5 552.2 663.7 664.6 620.6 655.9 wheat 0
490.1 442.8 529.7 464.5 471.7 570.6 432.1 549.0 wheat 0
580.7 456.6 472.6 530.6 437.6 479.5 545.8 405.5 wheat 0
606.9 259.3 536.2 281.2 504.6 178.9 575.3 157.1 wheat 0
517.7 280.6 399.6 304.6 389.2 252.9 507.3 229.0 wheat 0
428.7 376.6 249.3 394.6 243.3 334.8 422.7 316.8 wheat 0
455.2 151.2 320.7 289.6 273.0 243.3 407.5 104.8 wheat 0
378.1 121.2 243.6 234.5 200.2 182.9 334.7 69.6 wheat 0
670.6 54.3 708.2 65.9 692.3 117.2 654.7 105.6 wheat 0
947.6 66.6 850.1 76.3 843.8 13.7 941.3 3.9 wheat 0
890.7 798.6 813.5 851.5 790.8 818.3 868.1 765.5 wheat 0
1023.5 792.6 886.7 907.9 853.9 868.9 990.7 753.6 wheat 0
795.2 925.3 599.4 1008.1 570.0 938.4 765.7 855.6 wheat 0
506.6 727.4 561.7 738.6 546.1 815.7 491.0 804.5 wheat 0
502.7 748.6 415.1 796.5 382.3 736.5 470.0 688.6 wheat 0
437.7 948.6 349.3 986.0 327.7 934.9 416.1 897.5 wheat 0
254.7 864.6 121.2 905.9 106.5 858.4 240.0 817.1 wheat 0
291.1 613.8 207.6 699.8 167.3 660.6 250.7 574.6 wheat 0
79.0 595.8 158.6 603.8 152.5 664.5 72.9 656.5 wheat 0
76.0 891.4 133.2 915.6 105.7 980.6 48.5 956.4 wheat 0
50.6 647.5 109.8 665.8 82.9 752.7 23.7 734.4 wheat 0
29.9 708.5 76.7 723.0 48.6 813.7 1.8 799.3 wheat 0
40.8 579.1 83.8 602.6 43.0 677.2 0.0 653.7 wheat 0
28.8 118.8 94.0 163.4 65.2 205.5 -0.0 160.9 wheat 0
135.7 49.6 82.5 132.5 39.7 105.1 93.0 22.1 wheat 0
88.6 386.7 129.9 409.2 95.8 471.5 54.6 449.0 wheat 0
