523.8 643.3 572.1 669.6 510.7 782.0 462.4 755.6 wheat 0
548.2 86.8 508.8 103.5 490.6 60.4 530.0 43.8 wheat 0
611.7 0.0 690.7 0.0 690.7 58.6 611.7 58.6 wheat 0
717.3 79.2 781.7 85.7 774.7 154.6 710.3 148.2 wheat 0
706.7 232.6 636.9 262.1 615.4 211.4 685.3 181.8 wheat 0
862.9 303.3 922.9 321.9 909.7 364.6 849.7 346.0 wheat 0
768.7 360.6 662.7 382.1 646.6 302.4 752.6 280.9 wheat 0
946.7 660.3 1001.7 697.9 967.7 747.6 912.7 710.0 wheat 0
831.9 455.3 916.6 481.6 888.7 571.6 804.0 545.4 wheat 0
455.3 231.2 526.9 238.4 518.7 319.6 447.1 312.4 wheat 0
295.1 275.9 329.5 304.8 270.7 374.6 236.4 345.7 wheat 0
128.7 923.6 82.0 955.6 50.4 909.3 97.1 877.4 wheat 0
296.7 925.6 331.2 954.6 275.3 1021.0 240.9 991.9 wheat 0
288.7 804.6 353.7 832.1 333.6 879.6 268.6 852.1 wheat 0
299.1 779.4 240.0 791.4 228.6 735.6 287.7 723.6 wheat 0
284.7 681.6 223.3 687.8 217.5 629.7 278.9 623.5 wheat 0
476.8 428.3 532.7 458.8 454.7 601.6 398.8 571.0 wheat 0
