700.6 659.5 838.6 659.5 838.6 729.5 700.6 729.5 wheat 0
957.6 683.5 895.2 702.8 845.5 541.9 907.8 522.6 wheat 0
1023.4 604.9 953.6 626.5 936.6 571.8 1006.5 550.2 wheat 0
946.1 395.5 1003.4 401.2 996.6 469.5 939.3 463.8 wheat 0
840.5 332.3 974.6 405.5 948.1 454.0 814.0 380.7 wheat 0
890.6 360.5 836.8 371.4 815.7 267.5 869.5 256.6 wheat 0
864.9 211.5 932.9 248.7 910.6 289.5 842.5 252.4 wheat 0
838.6 232.5 806.3 259.7 711.3 146.9 743.6 119.7 wheat 0
850.1 180.6 886.6 205.5 796.5 337.1 760.0 312.2 wheat 0
525.6 502.5 485.4 530.0 406.1 414.0 446.2 386.5 wheat 0
530.0 521.2 586.0 559.5 556.6 602.5 500.6 564.2 wheat 0
696.6 513.5 652.6 558.7 513.2 423.4 557.2 378.1 wheat 0
654.9 429.1 605.1 439.1 588.8 358.6 638.6 348.5 wheat 0
625.1 274.0 653.6 293.5 614.3 350.9 585.8 331.4 wheat 0
622.6 326.5 579.8 339.7 544.0 224.0 586.7 210.7 wheat 0
600.6 344.5 556.0 368.9 464.3 201.0 508.9 176.7 wheat 0
559.7 131.2 509.6 173.5 418.1 65.0 468.3 22.7 wheat 0
748.6 218.5 710.1 250.9 631.9 158.0 670.3 125.6 wheat 0
600.6 87.5 668.6 87.5 668.6 172.5 600.6 172.5 wheat 0
592.7 27.7 646.4 38.6 626.6 136.5 572.8 125.6 wheat 0
432.0 664.7 549.6 688.5 535.5 757.8 418.0 734.0 wheat 0
563.7 778.3 615.9 783.5 608.6 856.5 556.3 851.3 wheat 0
715.6 825.5 642.9 917.1 595.5 879.6 668.2 787.9 wheat 0
872.0 882.8 916.2 896.5 894.6 966.5 850.3 952.8 wheat 0
850.2 859.5 782.6 916.5 745.2 872.2 812.9 815.2 wheat 0
697.4 832.0 782.6 878.5 756.1 927.0 670.9 880.5 wheat 0
730.8 873.5 786.9 890.9 753.6 998.5 697.5 981.2 wheat 0
665.6 897.5 716.6 897.5 716.6 960.5 665.6 960.5 wheat 0
523.2 878.9 597.1 901.8 579.6 958.5 505.6 935.6 wheat 0
565.6 982.5 528.1 1014.1 471.4 946.7 508.8 915.2 wheat 0
480.2 786.2 532.2 814.7 494.6 883.5 442.5 855.1 wheat 0
450.6 824.5 415.5 854.0 355.7 782.9 390.7 753.4 wheat 0
376.9 825.7 486.7 859.7 468.6 918.5 358.8 884.5 wheat 0
126.6 705.5 193.6 705.5 193.6 897.5 126.6 897.5 wheat 0
11.6 857.5 124.6 857.5 124.6 911.5 11.6 911.5 wheat 0
59.0 899.8 135.7 941.7 109.6 989.5 32.9 947.6 wheat 0
60.6 666.5 274.6 666.5 274.6 724.5 60.6 724.5 wheat 0
338.9 671.9 283.6 718.5 251.2 680.2 306.6 633.6 wheat 0
355.3 555.7 399.5 579.9 356.6 658.5 312.4 634.4 wheat 0
229.6 639.5 165.4 646.0 160.3 595.3 224.5 588.9 wheat 0
216.6 531.5 270.6 531.5 270.6 592.5 216.6 592.5 wheat 0
220.0 555.3 193.6 582.5 128.5 519.3 155.0 492.1 wheat 0
188.6 451.5 273.6 451.5 273.6 510.5 188.6 510.5 wheat 0
328.6 463.5 281.8 468.2 274.3 394.0 321.1 389.3 wheat 0
394.6 406.5 336.4 412.3 326.5 313.2 384.6 307.4 wheat 0
430.6 270.8 494.9 337.1 461.6 369.5 397.2 303.3 wheat 0
407.7 217.4 355.7 261.2 327.4 227.6 379.4 183.8 wheat 0
244.6 33.5 286.6 33.5 286.6 171.5 244.6 171.5 wheat 0
243.7 150.6 299.0 174.0 264.6 255.5 209.3 232.1 wheat 0
231.1 238.9 280.6 243.9 272.6 324.5 223.0 319.5 wheat 0
292.6 418.5 235.0 442.8 176.6 304.6 234.1 280.3 wheat 0
245.6 449.5 183.5 475.7 126.5 341.0 188.6 314.7 wheat 0
163.6 255.5 62.5 265.7 57.2 212.8 158.3 202.7 wheat 0
92.0 96.9 171.7 140.4 147.6 184.5 67.9 141.0 wheat 0
174.3 127.5 235.3 160.8 218.6 191.5 157.5 158.2 wheat 0
124.6 516.5 73.6 532.3 44.2 437.3 95.2 421.5 wheat 0
130.5 765.5 166.4 795.8 91.9 884.2 56.0 854.0 wheat 0
