465.1 92.1 579.1 92.1 579.1 171.1 465.1 171.1 wheat 0
254.1 600.1 321.1 600.1 321.1 718.1 254.1 718.1 wheat 0
17.1 777.1 78.1 777.1 78.1 910.1 17.1 910.1 wheat 0
885.1 339.1 936.1 339.1 936.1 412.1 885.1 412.1 wheat 0
467.1 443.1 569.1 443.1 569.1 505.1 467.1 505.1 wheat 0
384.1 612.1 509.1 612.1 509.1 679.1 384.1 679.1 wheat 0
321.1 865.1 434.1 865.1 434.1 952.1 321.1 952.1 wheat 0
176.1 918.1 230.1 918.1 230.1 1016.1 176.1 1016.1 wheat 0
3.1 193.1 112.1 193.1 112.1 246.1 3.1 246.1 wheat 0
156.1 120.1 217.1 120.1 217.1 179.1 156.1 179.1 wheat 0
212.6 402.9 170.1 446.7 102.7 381.2 145.2 337.5 wheat 0
28.1 473.1 107.1 473.1 107.1 529.1 28.1 529.1 wheat 0
951.7 39.6 999.1 72.1 932.7 169.2 885.2 136.7 wheat 0
1023.3 825.4 967.1 849.2 920.0 737.7 976.2 714.0 wheat 0
429.1 400.9 385.9 445.4 301.2 363.2 344.4 318.7 wheat 0
367.1 255.1 436.1 255.1 436.1 302.1 367.1 302.1 wheat 0
767.1 69.1 834.1 69.1 834.1 132.1 767.1 132.1 wheat 0
863.1 590.1 939.1 590.1 939.1 684.1 863.1 684.1 wheat 0
1006.8 510.9 965.1 528.5 941.2 472.1 982.9 454.5 wheat 0
