515.6 470.2 585.2 477.2 581.9 510.0 512.3 503.0 wheat 0
570.4 507.4 630.7 519.6 623.8 553.6 563.5 541.4 wheat 0
583.7 634.6 624.7 634.6 624.7 703.6 583.7 703.6 wheat 0
776.8 640.8 686.4 690.2 669.7 659.4 760.0 610.1 wheat 0
645.9 620.4 684.5 632.3 671.7 673.6 633.1 661.7 wheat 0
701.9 681.8 741.7 703.6 727.9 728.9 688.0 707.2 wheat 0
931.9 698.1 889.9 711.1 863.6 626.1 905.6 613.1 wheat 0
988.7 697.6 967.4 704.2 950.4 649.3 971.7 642.7 wheat 0
969.0 703.5 952.4 710.5 936.5 672.7 953.0 665.7 wheat 0
828.7 691.2 905.2 755.6 878.8 787.0 802.3 722.6 wheat 0
852.4 709.2 824.3 724.6 795.1 671.0 823.2 655.7 wheat 0
844.7 1015.6 810.4 1022.6 794.6 944.7 829.0 937.8 wheat 0
949.8 1004.3 911.6 1012.0 902.7 967.9 940.9 960.2 wheat 0
602.7 849.6 574.8 868.7 549.3 831.5 577.3 812.4 wheat 0
570.7 878.6 546.5 903.5 519.3 877.1 543.5 852.2 wheat 0
563.7 891.8 609.7 930.6 589.2 955.0 543.2 916.2 wheat 0
654.7 864.6 602.1 893.4 585.6 863.2 638.2 834.4 wheat 0
515.7 619.7 481.6 634.1 454.8 570.5 488.8 556.1 wheat 0
416.4 583.0 475.2 594.9 469.1 625.3 410.3 613.3 wheat 0
593.2 393.4 559.9 403.7 540.5 340.9 573.7 330.6 wheat 0
526.6 336.8 501.6 350.5 462.7 279.3 487.7 265.6 wheat 0
764.6 351.1 727.7 362.6 701.8 279.0 738.7 267.6 wheat 0
950.3 443.1 917.1 465.7 867.6 393.3 900.7 370.6 wheat 0
948.7 389.6 1007.2 429.6 988.7 456.6 930.3 416.6 wheat 0
614.8 195.7 676.0 247.3 654.7 272.5 593.5 221.0 wheat 0
809.9 68.0 845.7 87.6 781.1 206.0 745.2 186.4 wheat 0
454.5 65.6 537.9 111.2 524.0 136.6 440.6 91.1 wheat 0
569.7 38.6 623.1 75.2 609.1 95.7 555.7 59.1 wheat 0
969.7 72.6 1005.7 72.6 1005.7 145.6 969.7 145.6 wheat 0
279.0 118.2 348.6 125.2 344.5 166.0 274.9 159.0 wheat 0
265.7 138.6 326.2 200.9 304.9 221.5 244.5 159.3 wheat 0
149.7 94.6 189.7 94.6 189.7 171.6 149.7 171.6 wheat 0
26.2 88.5 85.7 138.6 64.3 164.1 4.8 114.0 wheat 0
132.1 258.8 200.9 280.1 191.7 309.6 122.9 288.3 wheat 0
262.7 325.6 332.9 397.9 310.5 419.7 240.3 347.4 wheat 0
219.2 342.7 303.6 429.6 273.7 458.6 189.3 371.7 wheat 0
222.9 338.8 189.9 361.4 160.5 318.4 193.6 295.9 wheat 0
435.4 713.6 411.7 733.5 367.1 680.5 390.7 660.6 wheat 0
225.9 573.2 286.1 591.8 274.6 629.1 214.4 610.4 wheat 0
135.7 569.6 183.7 569.6 183.7 605.6 135.7 605.6 wheat 0
129.4 457.0 167.0 495.7 154.1 508.3 116.5 469.5 wheat 0
18.3 375.5 78.7 426.4 60.7 447.8 0.3 396.9 wheat 0
3.7 615.6 65.7 615.6 65.7 648.6 3.7 648.6 wheat 0
288.7 704.6 356.3 761.6 336.1 785.6 268.5 728.6 wheat 0
130.7 780.6 210.5 814.3 200.2 838.6 120.5 804.9 wheat 0
106.4 754.6 160.7 810.6 137.1 833.6 82.7 777.6 wheat 0
24.9 718.8 94.7 766.6 77.1 792.3 7.3 744.6 wheat 0
276.7 821.6 357.5 876.9 339.6 903.1 258.8 847.8 wheat 0
448.2 966.4 405.7 970.6 402.3 936.7 444.8 932.4 wheat 0
340.9 939.0 414.2 961.6 406.7 985.6 333.5 963.0 wheat 0
188.6 883.0 268.9 907.8 258.8 940.3 178.6 915.4 wheat 0
85.4 914.7 16.3 943.9 3.1 912.6 72.2 883.4 wheat 0
163.7 950.6 210.8 999.1 187.8 1021.4 140.7 973.0 wheat 0
860.4 512.1 890.8 524.9 872.1 569.1 841.7 556.3 wheat 0
862.5 3.3 894.7 3.3 894.7 66.6 862.5 66.6 wheat 0
897.7 8.2 948.5 60.5 925.7 82.6 874.9 30.3 wheat 0
