452.0 70.0 387.7 97.1 377.2 72.5 441.5 45.3 wheat 0
514.3 53.3 474.1 65.7 467.6 44.7 507.8 32.2 wheat 0
243.9 373.8 270.7 376.4 265.0 433.2 238.2 430.5 wheat 0
260.0 485.0 239.4 496.2 212.0 446.2 232.6 434.9 wheat 0
1.0 613.0 37.0 613.0 37.0 636.0 1.0 636.0 wheat 0
286.7 646.0 238.9 660.8 231.2 635.9 279.0 621.2 wheat 0
379.1 577.5 418.7 594.2 409.8 615.4 370.2 598.7 wheat 0
418.9 593.8 432.6 596.6 427.0 624.1 413.3 621.3 wheat 0
460.2 632.9 441.3 634.8 438.8 610.0 457.7 608.1 wheat 0
439.8 522.3 470.2 528.5 461.1 573.6 430.7 567.4 wheat 0
490.7 547.4 511.3 551.6 500.2 606.5 479.6 602.3 wheat 0
558.0 685.0 518.9 688.9 516.8 668.0 555.9 664.0 wheat 0
327.4 713.2 305.4 725.2 291.5 699.7 313.5 687.7 wheat 0
702.0 537.0 675.8 548.0 652.3 492.4 678.4 481.3 wheat 0
714.1 592.7 690.2 595.1 687.8 571.2 711.7 568.8 wheat 0
665.0 702.0 688.0 702.0 688.0 734.0 665.0 734.0 wheat 0
575.0 74.0 557.0 77.6 551.0 48.0 568.9 44.3 wheat 0
753.7 667.2 773.6 683.9 754.3 706.8 734.4 690.1 wheat 0
981.0 627.0 935.5 636.2 931.0 614.1 976.5 604.9 wheat 0
968.8 636.1 990.9 654.8 972.2 676.9 950.1 658.2 wheat 0
724.7 64.7 744.6 89.7 731.3 100.3 711.4 75.3 wheat 0
