423.1 707.5 383.5 724.3 332.9 604.6 372.5 587.9 wheat 0
629.1 674.5 596.8 701.6 547.2 642.7 579.4 615.6 wheat 0
564.1 635.5 499.5 642.0 494.7 593.3 559.2 586.8 wheat 0
757.1 608.5 714.3 631.9 673.1 556.5 715.9 533.1 wheat 0
836.1 534.5 786.3 555.6 739.3 444.4 789.1 423.3 wheat 0
961.1 654.5 924.9 674.3 883.8 599.1 920.0 579.3 wheat 0
922.1 707.5 880.2 730.4 834.3 646.3 876.1 623.4 wheat 0
723.9 665.8 800.3 673.5 795.1 725.5 718.7 717.8 wheat 0
635.1 841.5 610.1 873.0 551.3 826.3 576.3 794.9 wheat 0
426.7 906.0 517.1 944.3 500.1 984.5 409.7 946.3 wheat 0
387.1 981.5 340.2 986.2 327.8 862.3 374.6 857.6 wheat 0
243.1 625.5 236.0 666.3 163.0 653.7 170.1 612.9 wheat 0
266.1 573.5 223.8 596.6 191.3 537.1 233.5 514.0 wheat 0
47.6 602.5 119.1 641.5 100.1 676.2 28.6 637.1 wheat 0
148.1 593.5 121.1 612.0 72.2 540.6 99.3 522.2 wheat 0
193.1 392.5 156.9 412.3 125.3 354.3 161.4 334.6 wheat 0
376.1 418.5 338.9 426.0 327.2 368.2 364.3 360.7 wheat 0
493.2 407.1 458.6 414.1 439.4 319.5 474.1 312.5 wheat 0
585.1 391.5 567.4 426.2 515.5 399.7 533.2 365.1 wheat 0
634.4 296.4 678.1 364.5 650.2 382.4 606.5 314.3 wheat 0
589.1 301.5 554.7 325.0 510.4 260.1 544.7 236.7 wheat 0
791.1 294.5 748.4 303.2 733.1 227.8 775.8 219.2 wheat 0
878.1 367.5 839.5 383.8 803.6 299.1 842.2 282.8 wheat 0
921.1 367.5 883.8 379.0 848.3 264.3 885.6 252.7 wheat 0
964.1 354.5 926.2 370.5 894.6 295.8 932.5 279.7 wheat 0
990.1 239.5 957.3 261.9 911.3 194.8 944.1 172.4 wheat 0
962.1 195.5 913.6 200.4 905.6 121.1 954.1 116.3 wheat 0
781.1 126.4 824.1 144.5 792.9 218.3 750.0 200.1 wheat 0
887.1 65.5 926.1 65.5 926.1 112.5 887.1 112.5 wheat 0
314.1 130.5 358.1 130.5 358.1 258.5 314.1 258.5 wheat 0
256.1 191.0 332.1 214.5 319.4 255.4 243.4 232.0 wheat 0
376.1 288.5 429.1 288.5 429.1 366.5 376.1 366.5 wheat 0
403.1 306.5 370.3 320.4 345.7 262.3 378.5 248.4 wheat 0
678.1 973.5 586.0 992.2 577.8 951.8 669.9 933.1 wheat 0
703.1 971.5 744.1 971.5 744.1 1014.5 703.1 1014.5 wheat 0
785.1 969.5 831.1 969.5 831.1 1008.5 785.1 1008.5 wheat 0
94.7 711.8 149.1 741.5 132.2 772.4 77.8 742.7 wheat 0
