430.8 449.0 555.7 501.8 540.7 537.4 415.7 484.6 wheat 0
45.8 795.5 157.7 842.8 146.7 868.9 34.7 821.6 wheat 0
107.7 550.2 213.0 603.7 194.0 641.1 88.7 587.6 wheat 0
106.5 356.2 183.0 371.7 179.3 390.1 102.7 374.6 wheat 0
75.6 390.2 172.6 456.5 149.7 490.0 52.7 423.6 wheat 0
349.7 189.6 304.9 235.8 275.6 207.4 320.5 161.2 wheat 0
187.7 53.1 280.8 170.3 257.7 188.6 164.7 71.3 wheat 0
658.5 734.0 707.7 754.8 699.0 775.4 649.7 754.6 wheat 0
748.0 717.9 804.5 748.7 794.3 767.5 737.7 736.6 wheat 0
545.3 646.0 635.5 657.8 631.0 692.4 540.7 680.6 wheat 0
417.8 568.0 534.1 579.7 531.1 610.3 414.7 598.6 wheat 0
686.8 629.8 766.1 637.7 763.0 668.6 683.7 660.6 wheat 0
696.3 636.7 607.7 645.6 604.7 615.1 693.3 606.2 wheat 0
803.7 606.9 732.7 607.6 732.4 572.9 803.4 572.2 wheat 0
907.8 528.7 985.8 595.7 962.7 622.6 884.7 555.6 wheat 0
794.0 570.5 884.0 588.7 878.7 614.9 788.7 596.6 wheat 0
656.4 551.7 728.1 612.1 710.4 633.0 638.7 572.6 wheat 0
901.5 241.7 1020.5 306.7 1002.0 340.7 882.9 275.7 wheat 0
927.0 254.7 970.6 284.5 958.4 302.5 914.7 272.6 wheat 0
879.7 223.6 935.0 261.4 913.8 292.5 858.5 254.6 wheat 0
609.4 48.2 709.1 132.1 678.4 168.5 578.7 84.6 wheat 0
381.7 58.6 465.4 144.8 440.1 169.3 356.4 83.2 wheat 0
139.0 285.5 234.0 304.7 228.7 330.9 133.7 311.6 wheat 0
167.2 268.5 255.2 295.8 247.8 319.9 159.7 292.6 wheat 0
249.2 313.9 317.1 320.7 313.7 355.4 245.7 348.6 wheat 0
335.9 278.7 394.2 296.8 384.1 329.7 325.7 311.6 wheat 0
223.6 258.5 328.0 279.7 322.1 308.8 217.7 287.6 wheat 0
425.5 371.5 510.2 397.8 502.5 422.8 417.7 396.6 wheat 0
456.0 299.5 533.2 325.9 523.9 353.0 446.7 326.6 wheat 0
466.8 250.2 564.1 284.6 554.6 311.2 457.4 276.8 wheat 0
522.5 240.6 631.7 286.8 616.9 321.8 507.7 275.6 wheat 0
665.2 441.6 718.7 524.8 695.2 539.9 641.7 456.6 wheat 0
701.8 513.0 809.8 558.6 796.7 589.6 688.7 543.9 wheat 0
915.6 167.3 969.1 212.4 945.9 239.9 892.4 194.8 wheat 0
276.7 596.6 476.7 596.6 476.7 640.6 276.7 640.6 wheat 0
507.7 741.6 404.9 751.9 401.4 717.2 504.2 706.9 wheat 0
513.8 809.7 570.0 833.4 560.7 855.5 504.5 831.8 wheat 0
744.0 843.0 837.0 893.8 820.7 923.6 727.7 872.8 wheat 0
915.4 873.7 1005.0 891.8 996.7 932.6 907.2 914.5 wheat 0
974.7 969.6 875.3 979.6 871.2 939.0 970.7 929.1 wheat 0
669.1 852.7 777.9 898.7 764.0 931.5 655.2 885.6 wheat 0
568.4 904.7 638.7 926.5 629.7 955.6 559.4 933.9 wheat 0
581.7 950.6 517.6 977.7 501.1 938.8 565.3 911.7 wheat 0
213.4 944.1 321.7 977.6 310.7 1013.2 202.4 979.6 wheat 0
21.6 888.9 125.7 932.9 112.9 963.3 8.8 919.3 wheat 0
111.7 995.6 35.6 1011.0 30.2 984.5 106.4 969.1 wheat 0
3.7 844.6 73.7 844.6 73.7 871.6 3.7 871.6 wheat 0
10.5 739.8 93.2 765.4 83.9 795.6 1.1 770.0 wheat 0
222.2 648.9 342.9 673.4 335.7 708.6 215.1 684.2 wheat 0
325.8 526.6 374.9 553.5 355.7 588.6 306.6 561.7 wheat 0
341.3 408.2 456.9 431.7 450.2 465.0 334.5 441.6 wheat 0
401.3 466.2 466.0 501.6 450.7 529.6 386.0 494.2 wheat 0
136.4 664.8 78.6 754.8 50.0 736.4 107.8 646.4 wheat 0
18.7 280.5 146.1 301.1 141.8 327.7 14.4 307.2 wheat 0
757.5 14.4 877.2 38.6 870.7 70.6 751.0 46.3 wheat 0
20.2 159.5 124.7 216.6 109.1 245.2 4.6 188.1 wheat 0
166.7 58.5 125.9 62.6 121.7 20.8 162.5 16.7 wheat 0
386.6 516.7 467.8 541.8 459.8 567.6 378.6 542.5 wheat 0
262.5 502.5 345.2 559.1 327.7 584.6 245.0 528.0 wheat 0
964.7 427.5 1013.9 478.2 984.9 506.3 935.7 455.6 wheat 0
882.7 2.7 931.7 29.5 920.7 49.6 871.7 22.8 wheat 0
