609.1 344.5 656.1 344.5 656.1 444.5 609.1 444.5 wheat 0
632.5 447.6 716.1 464.5 711.3 488.1 627.7 471.2 wheat 0
751.1 334.5 692.1 340.4 687.9 299.1 746.9 293.2 wheat 0
749.1 269.5 645.7 326.0 622.7 283.7 726.0 227.3 wheat 0
723.1 228.5 632.4 246.9 622.6 198.6 713.3 180.2 wheat 0
580.1 190.5 632.1 190.5 632.1 232.5 580.1 232.5 wheat 0
529.1 265.5 444.3 282.7 436.0 241.8 520.8 224.7 wheat 0
366.6 259.9 465.3 269.8 461.1 312.5 362.4 302.6 wheat 0
529.1 367.5 490.7 388.5 463.0 337.7 501.3 316.7 wheat 0
469.2 358.4 412.1 382.5 397.7 348.5 454.8 324.3 wheat 0
424.7 362.1 553.7 375.1 550.1 411.5 421.1 398.6 wheat 0
772.1 605.5 625.3 620.2 621.9 587.2 768.8 572.5 wheat 0
913.4 585.6 811.1 641.5 792.6 607.8 894.9 551.9 wheat 0
873.1 658.5 777.2 688.2 766.2 652.5 862.0 622.8 wheat 0
660.7 708.8 772.5 720.0 769.1 754.5 657.2 743.3 wheat 0
649.5 836.4 549.5 856.7 543.0 824.8 643.1 804.5 wheat 0
531.5 848.9 737.1 869.5 733.6 904.3 528.0 883.7 wheat 0
828.1 855.5 767.2 888.7 749.6 856.5 810.5 823.3 wheat 0
844.1 894.5 734.8 969.3 713.0 937.4 822.2 862.6 wheat 0
559.5 917.7 705.2 932.3 701.1 973.5 555.3 958.9 wheat 0
372.1 974.5 517.1 974.5 517.1 1017.5 372.1 1017.5 wheat 0
59.9 866.7 93.9 881.1 67.1 944.5 33.1 930.1 wheat 0
175.9 431.3 227.7 466.8 210.1 492.5 158.2 457.1 wheat 0
181.1 438.4 150.1 451.5 126.8 396.6 157.9 383.4 wheat 0
168.4 368.5 235.2 396.7 223.1 425.5 156.3 397.3 wheat 0
208.1 336.5 178.2 345.7 158.7 282.6 188.5 273.3 wheat 0
286.9 166.9 426.1 210.0 416.1 242.5 276.9 199.4 wheat 0
388.7 100.2 481.2 163.5 464.1 188.5 371.5 125.2 wheat 0
633.3 18.7 660.4 27.1 641.1 89.5 614.0 81.1 wheat 0
918.4 167.0 945.4 175.4 928.1 231.5 901.1 223.2 wheat 0
377.1 151.5 209.7 168.3 204.8 119.5 372.2 102.7 wheat 0
160.5 128.8 302.0 157.5 291.1 211.5 149.6 182.8 wheat 0
959.1 867.5 880.7 875.4 878.0 848.5 956.4 840.6 wheat 0
920.1 871.5 977.1 871.5 977.1 1023.0 920.1 1023.0 wheat 0
671.1 550.5 625.9 564.5 617.8 538.0 662.9 524.0 wheat 0
