265.5 374.8 423.1 423.5 403.0 488.5 245.4 439.7 wheat 0
479.7 355.6 548.7 355.6 548.7 466.6 479.7 466.6 wheat 0
713.0 454.4 772.8 466.5 755.5 551.8 695.7 539.7 wheat 0
977.7 443.6 803.1 497.6 783.3 433.7 958.0 379.7 wheat 0
980.0 794.9 918.7 838.6 811.8 688.8 873.0 645.0 wheat 0
663.1 588.2 721.3 606.2 670.7 769.6 612.6 751.6 wheat 0
731.0 668.1 792.8 680.6 761.7 833.6 700.0 821.1 wheat 0
408.7 761.6 532.7 761.6 532.7 830.6 408.7 830.6 wheat 0
404.6 783.4 442.1 814.9 389.9 876.9 352.4 845.3 wheat 0
414.7 885.6 488.7 885.6 488.7 969.6 414.7 969.6 wheat 0
347.0 966.9 290.4 978.4 272.1 888.1 328.7 876.6 wheat 0
112.9 785.4 184.7 807.6 155.3 902.9 83.5 880.7 wheat 0
157.8 954.3 202.0 973.0 181.7 1020.9 137.5 1002.2 wheat 0
298.7 609.6 272.4 636.8 226.3 592.0 252.7 564.9 wheat 0
113.7 602.6 165.7 602.6 165.7 649.6 113.7 649.6 wheat 0
81.7 389.6 134.7 389.6 134.7 441.6 81.7 441.6 wheat 0
322.7 222.6 411.4 271.1 381.0 326.7 292.3 278.3 wheat 0
617.7 321.6 574.5 351.2 546.6 310.3 589.8 280.8 wheat 0
923.7 162.6 829.4 202.5 809.8 156.1 904.1 116.2 wheat 0
543.7 113.6 685.7 113.6 685.7 172.6 543.7 172.6 wheat 0
554.8 179.8 584.1 209.9 554.7 238.5 525.4 208.3 wheat 0
835.9 62.6 759.0 127.3 727.9 90.3 804.7 25.6 wheat 0
189.3 204.9 143.6 229.8 118.2 183.3 163.8 158.4 wheat 0
68.5 227.5 12.7 238.8 3.9 195.7 59.8 184.4 wheat 0
969.2 915.6 1029.4 956.8 993.3 1009.6 933.0 968.4 wheat 0
540.7 667.6 465.2 682.9 426.8 493.5 502.3 478.2 wheat 0
293.7 138.6 347.7 138.6 347.7 185.6 293.7 185.6 wheat 0
150.7 53.6 17.1 80.7 6.3 27.2 139.9 0.1 wheat 0
848.7 241.1 941.2 250.4 935.8 305.1 843.2 295.8 wheat 0
