112.1 93.1 188.1 93.1 188.1 211.1 112.1 211.1 wheat 0
265.1 208.1 348.1 208.1 348.1 319.1 265.1 319.1 wheat 0
397.1 118.1 527.1 118.1 527.1 193.1 397.1 193.1 wheat 0
770.1 262.1 837.7 331.6 657.3 506.8 589.8 437.2 wheat 0
401.6 304.6 467.0 349.4 372.1 488.1 306.7 443.3 wheat 0
864.5 110.6 926.4 153.0 850.8 263.6 788.9 221.2 wheat 0
257.7 378.6 314.7 417.6 243.5 521.6 186.6 482.6 wheat 0
368.1 594.1 323.5 640.0 238.2 557.1 282.8 511.2 wheat 0
395.2 596.5 457.9 649.4 349.1 778.6 286.4 725.8 wheat 0
540.2 783.5 555.1 870.1 347.6 905.9 332.7 819.3 wheat 0
887.6 352.7 927.1 386.1 833.8 496.9 794.2 463.6 wheat 0
537.1 142.1 607.1 142.1 607.1 278.1 537.1 278.1 wheat 0
