408.1 421.5 457.1 421.5 457.1 497.5 408.1 497.5 wheat 0
525.1 352.5 568.1 352.5 568.1 406.5 525.1 406.5 wheat 0
631.3 468.9 602.3 505.4 552.0 465.5 581.0 428.9 wheat 0
655.8 517.5 709.8 528.4 698.1 586.5 644.0 575.6 wheat 0
606.1 547.5 651.1 547.5 651.1 600.5 606.1 600.5 wheat 0
469.2 664.4 537.1 721.5 496.4 769.7 428.6 712.6 wheat 0
360.1 761.5 419.1 761.5 419.1 836.5 360.1 836.5 wheat 0
436.5 826.8 505.1 840.8 468.1 1023.5 399.4 1009.6 wheat 0
516.9 820.4 539.1 832.5 508.1 889.2 485.9 877.1 wheat 0
791.1 772.5 829.1 772.5 829.1 815.5 791.1 815.5 wheat 0
869.1 729.5 922.1 729.5 922.1 774.5 869.1 774.5 wheat 0
920.1 818.5 886.6 860.7 833.5 818.6 867.0 776.4 wheat 0
924.1 301.5 981.1 301.5 981.1 394.5 924.1 394.5 wheat 0
981.7 179.6 1023.1 214.5 949.7 301.6 908.3 266.7 wheat 0
820.2 2.1 874.6 39.2 849.1 76.5 794.7 39.3 wheat 0
606.1 104.5 662.1 104.5 662.1 161.5 606.1 161.5 wheat 0
638.1 183.5 718.1 183.5 718.1 244.5 638.1 244.5 wheat 0
436.1 219.5 501.1 219.5 501.1 272.5 436.1 272.5 wheat 0
384.1 276.5 435.1 276.5 435.1 333.5 384.1 333.5 wheat 0
256.1 145.5 300.1 145.5 300.1 200.5 256.1 200.5 wheat 0
319.1 228.5 366.1 228.5 366.1 274.5 319.1 274.5 wheat 0
91.1 262.5 157.1 262.5 157.1 345.5 91.1 345.5 wheat 0
243.5 437.8 182.7 450.2 172.6 400.2 233.4 387.9 wheat 0
7.1 529.5 61.1 529.5 61.1 601.5 7.1 601.5 wheat 0
97.1 649.5 34.4 662.2 26.4 622.9 89.1 610.2 wheat 0
89.4 749.6 145.8 755.3 135.1 862.5 78.6 856.8 wheat 0
4.1 736.5 55.1 736.5 55.1 788.5 4.1 788.5 wheat 0
298.3 863.4 338.1 913.5 234.9 995.3 195.2 945.2 wheat 0
113.5 923.2 154.7 931.6 136.1 1023.5 94.9 1015.2 wheat 0
850.3 203.5 901.2 208.6 897.1 249.5 846.2 244.4 wheat 0
