453.8 434.1 597.6 494.9 583.7 527.6 440.0 466.8 wheat 0
776.2 412.8 874.7 480.2 847.7 519.6 749.3 452.2 wheat 0
866.9 499.1 919.6 504.4 915.6 544.2 862.9 538.9 wheat 0
740.8 413.7 805.7 480.6 773.7 511.6 708.8 444.8 wheat 0
723.6 514.6 785.3 540.7 774.8 565.6 713.1 539.5 wheat 0
823.0 547.3 900.7 571.3 890.7 603.6 813.0 579.6 wheat 0
941.7 596.7 992.3 612.3 980.8 649.6 930.2 633.9 wheat 0
671.6 520.0 752.3 545.0 743.7 572.6 663.1 547.7 wheat 0
596.3 534.7 676.7 551.0 671.1 578.5 590.8 562.2 wheat 0
625.2 488.6 646.2 500.1 632.3 525.6 611.3 514.1 wheat 0
880.7 795.6 833.5 805.2 795.5 617.7 842.7 608.1 wheat 0
628.7 653.3 525.2 663.7 520.8 619.9 624.3 609.5 wheat 0
421.5 564.4 500.9 597.9 491.7 619.6 412.3 586.1 wheat 0
398.8 585.6 479.7 641.0 458.7 671.6 377.8 616.3 wheat 0
566.7 708.6 500.7 722.0 494.7 692.2 560.7 678.9 wheat 0
625.3 706.2 707.7 762.6 687.4 792.3 604.9 735.9 wheat 0
772.7 856.6 865.7 856.6 865.7 893.6 772.7 893.6 wheat 0
865.7 879.6 894.7 879.6 894.7 924.6 865.7 924.6 wheat 0
770.7 932.6 870.7 932.6 870.7 972.6 770.7 972.6 wheat 0
523.5 756.7 660.7 831.6 640.3 869.1 503.1 794.1 wheat 0
415.3 738.1 515.7 780.6 501.9 813.4 401.4 770.9 wheat 0
292.7 821.6 410.7 821.6 410.7 845.6 292.7 845.6 wheat 0
496.0 849.4 554.3 898.6 535.7 920.6 477.4 871.5 wheat 0
667.8 836.1 695.2 870.5 671.7 889.2 644.3 854.7 wheat 0
966.7 916.6 1021.0 916.6 1021.0 959.1 966.7 959.1 wheat 0
371.6 928.5 502.7 941.6 499.6 972.9 368.4 959.7 wheat 0
277.6 842.2 371.7 906.6 350.5 937.7 256.4 873.3 wheat 0
217.4 801.0 284.7 857.7 264.1 882.2 196.8 825.5 wheat 0
155.2 850.4 253.2 860.3 249.7 894.6 151.8 884.8 wheat 0
304.9 909.1 243.1 921.6 237.6 894.2 299.3 881.6 wheat 0
180.3 921.7 270.5 940.0 265.1 966.5 175.0 948.2 wheat 0
370.7 977.6 220.8 1024.0 210.5 990.7 360.4 944.3 wheat 0
208.5 729.9 284.1 737.5 280.9 769.3 205.3 761.7 wheat 0
144.3 726.6 257.7 774.6 243.8 807.6 130.3 759.6 wheat 0
257.7 632.6 373.7 632.6 373.7 672.6 257.7 672.6 wheat 0
250.8 560.6 360.7 594.6 347.7 636.6 237.8 602.6 wheat 0
156.4 620.4 242.0 629.0 239.0 658.8 153.5 650.2 wheat 0
130.4 461.6 220.7 554.6 190.8 583.7 100.4 490.7 wheat 0
114.9 555.8 82.1 559.1 75.6 494.4 108.4 491.1 wheat 0
33.7 571.6 65.7 571.6 65.7 625.6 33.7 625.6 wheat 0
261.0 340.8 369.1 414.7 352.7 438.6 244.7 364.7 wheat 0
459.1 301.5 565.0 323.0 556.7 363.6 450.8 342.1 wheat 0
477.4 244.3 589.7 305.6 573.2 335.9 460.9 274.6 wheat 0
665.7 304.6 799.7 304.6 799.7 343.6 665.7 343.6 wheat 0
798.7 245.6 835.7 245.6 835.7 303.6 798.7 303.6 wheat 0
930.7 406.6 971.0 457.4 942.0 480.4 901.7 429.7 wheat 0
295.7 269.6 331.9 306.9 306.3 331.8 270.1 294.5 wheat 0
45.3 209.5 120.8 273.1 91.7 307.6 16.2 244.0 wheat 0
194.7 194.6 160.0 218.4 97.2 126.6 131.9 102.8 wheat 0
234.7 89.6 17.8 133.6 9.9 94.7 226.8 50.7 wheat 0
519.2 165.2 585.8 178.7 578.3 216.0 511.6 202.5 wheat 0
565.5 227.5 503.2 261.6 486.9 231.7 549.2 197.7 wheat 0
723.7 147.6 704.7 160.6 670.4 110.5 689.4 97.5 wheat 0
761.0 131.3 888.3 144.1 884.5 181.9 757.2 169.1 wheat 0
829.3 93.1 861.1 96.3 856.2 145.1 824.4 141.9 wheat 0
928.2 245.6 903.4 262.5 867.3 209.7 892.0 192.7 wheat 0
975.2 466.9 1023.6 500.0 1004.7 527.6 956.3 494.5 wheat 0
614.7 5.0 662.7 5.0 662.7 38.0 614.7 38.0 wheat 0
912.8 46.1 885.6 61.0 861.6 17.1 888.9 2.2 wheat 0
