686.1 641.5 599.4 650.2 594.6 602.3 681.3 593.6 wheat 0
759.6 488.5 866.1 533.5 846.6 579.6 740.1 534.6 wheat 0
966.1 603.5 897.4 610.4 893.1 567.5 961.8 560.6 wheat 0
851.0 460.0 916.1 504.5 893.1 538.0 828.1 493.5 wheat 0
873.7 377.4 938.4 431.9 922.8 450.4 858.1 395.9 wheat 0
940.1 364.5 920.9 388.6 857.4 338.3 876.6 314.1 wheat 0
878.8 219.9 989.1 266.5 973.3 303.8 863.1 257.2 wheat 0
780.5 187.5 855.1 238.5 835.2 267.5 760.7 216.5 wheat 0
855.0 20.4 965.1 80.5 950.9 106.5 840.8 46.4 wheat 0
895.9 6.1 961.9 26.6 951.1 61.5 885.1 41.1 wheat 0
742.9 6.5 833.9 45.0 818.1 82.5 727.0 44.0 wheat 0
634.3 6.6 727.0 57.3 705.1 97.5 612.3 46.9 wheat 0
469.0 10.4 550.7 66.3 532.1 93.5 450.4 37.6 wheat 0
446.8 46.1 532.7 82.4 519.1 114.5 433.2 78.2 wheat 0
526.8 252.1 594.1 280.5 577.5 319.8 510.2 291.4 wheat 0
519.2 291.1 577.1 315.5 564.3 345.7 506.4 321.3 wheat 0
417.0 564.8 499.1 599.5 488.6 624.3 406.5 589.6 wheat 0
565.1 916.5 524.1 929.2 498.6 846.8 539.6 834.2 wheat 0
637.7 857.4 737.1 877.5 730.8 908.4 631.5 888.2 wheat 0
882.1 813.5 736.7 828.1 733.0 790.3 878.3 775.7 wheat 0
1000.1 831.6 969.1 848.5 929.4 775.8 960.4 758.9 wheat 0
943.1 664.5 841.5 734.0 820.5 703.4 922.1 633.9 wheat 0
813.0 605.0 909.1 657.5 891.2 690.2 795.2 637.7 wheat 0
749.2 564.2 789.7 586.4 759.1 642.5 718.5 620.4 wheat 0
769.1 722.5 693.5 737.8 686.5 703.4 762.1 688.1 wheat 0
692.2 726.9 788.1 756.5 777.8 789.6 682.0 760.0 wheat 0
745.1 806.5 724.1 832.9 652.9 776.4 673.8 750.0 wheat 0
825.1 976.5 793.7 1008.8 707.4 924.9 738.7 892.7 wheat 0
691.1 969.5 790.1 969.5 790.1 1014.5 691.1 1014.5 wheat 0
551.1 919.5 635.1 919.5 635.1 968.5 551.1 968.5 wheat 0
432.1 898.0 558.1 923.5 550.9 958.7 425.0 933.2 wheat 0
243.4 830.0 337.3 859.0 326.1 895.5 232.1 866.4 wheat 0
221.7 903.7 334.1 926.5 324.7 972.8 212.3 950.0 wheat 0
181.3 920.5 290.1 966.5 272.4 1008.3 163.6 962.4 wheat 0
51.6 918.2 174.4 943.1 167.1 979.5 44.2 954.6 wheat 0
195.5 703.7 118.6 711.4 116.2 687.2 193.1 679.5 wheat 0
15.8 659.4 112.4 669.1 108.1 712.5 11.4 702.8 wheat 0
233.1 609.5 205.8 632.5 153.2 570.1 180.5 547.1 wheat 0
186.4 528.5 306.1 565.5 293.7 605.4 174.1 568.4 wheat 0
185.6 492.1 300.1 527.5 287.2 569.1 172.7 533.7 wheat 0
85.1 475.5 198.6 537.5 182.0 567.9 68.5 505.9 wheat 0
151.3 413.1 242.1 431.5 234.9 466.7 144.2 448.3 wheat 0
415.0 445.7 517.1 501.5 497.5 537.4 395.4 481.6 wheat 0
632.0 415.8 712.1 459.5 692.3 495.6 612.3 451.9 wheat 0
747.1 462.5 715.5 484.1 646.0 382.4 677.5 360.9 wheat 0
676.9 364.0 811.1 377.5 806.1 427.4 671.9 413.9 wheat 0
375.2 192.0 452.1 244.5 434.0 270.9 357.2 218.4 wheat 0
251.0 165.9 362.1 226.5 344.1 259.5 233.0 198.8 wheat 0
356.7 300.2 232.8 312.6 229.1 275.9 353.1 263.5 wheat 0
264.9 295.7 326.1 321.5 313.2 351.9 252.0 326.1 wheat 0
380.7 323.8 441.1 342.5 428.1 384.4 367.8 365.7 wheat 0
517.1 360.6 615.2 370.5 611.1 411.5 513.0 401.7 wheat 0
137.5 286.3 268.1 341.5 252.2 378.9 121.7 323.7 wheat 0
67.7 347.1 198.1 373.5 188.1 422.5 57.8 396.1 wheat 0
51.1 428.5 104.1 428.5 104.1 457.5 51.1 457.5 wheat 0
186.0 51.6 278.1 90.5 263.9 124.0 171.8 85.0 wheat 0
305.1 65.2 410.1 86.5 401.2 130.3 296.2 109.1 wheat 0
258.0 -0.0 350.0 38.9 340.1 62.5 248.0 23.6 wheat 0
415.3 394.4 499.8 402.9 495.9 442.7 411.3 434.2 wheat 0
413.0 411.1 459.8 443.0 445.8 463.5 399.1 431.5 wheat 0
493.6 422.7 564.1 444.5 554.9 474.3 484.4 452.5 wheat 0
227.4 744.5 331.1 765.5 324.4 798.2 220.8 777.2 wheat 0
629.1 842.5 539.8 870.1 527.8 831.4 617.1 803.7 wheat 0
