650.3 636.1 786.1 693.5 771.1 728.9 635.3 671.5 wheat 0
723.0 579.1 842.1 660.5 816.0 698.7 696.9 617.2 wheat 0
832.2 765.8 1004.1 838.5 988.6 875.1 816.7 802.4 wheat 0
554.1 539.5 412.5 599.4 400.0 569.8 541.6 510.0 wheat 0
573.7 494.1 778.1 535.5 767.7 586.6 563.4 545.2 wheat 0
758.0 455.1 952.1 618.5 905.3 674.1 711.2 510.6 wheat 0
1006.9 235.8 858.1 250.7 854.3 212.4 1003.1 197.5 wheat 0
726.5 149.7 632.4 168.8 627.6 145.3 721.7 126.2 wheat 0
808.1 414.5 750.4 446.0 657.8 276.4 715.4 244.9 wheat 0
534.1 177.5 350.4 234.3 338.1 194.7 521.8 137.9 wheat 0
116.9 76.7 178.1 118.5 162.8 140.8 101.7 98.9 wheat 0
411.8 248.6 598.1 405.5 568.7 440.4 382.4 283.4 wheat 0
353.1 280.6 543.1 410.5 518.3 446.7 328.4 316.7 wheat 0
272.8 186.1 437.1 298.5 406.6 343.0 242.4 230.6 wheat 0
255.1 576.5 365.1 636.5 346.6 670.3 236.7 610.3 wheat 0
597.2 408.2 773.1 528.5 747.7 565.7 571.8 445.4 wheat 0
