377.0 671.3 271.1 760.5 244.0 728.4 350.0 639.2 wheat 0
481.2 646.4 350.1 781.5 318.3 750.7 449.5 615.6 wheat 0
509.1 704.5 475.4 714.9 457.4 656.6 491.0 646.2 wheat 0
657.1 755.5 612.1 769.4 590.9 701.0 635.9 687.1 wheat 0
506.1 756.4 536.5 773.1 504.1 832.5 473.6 815.9 wheat 0
368.1 870.5 455.1 870.5 455.1 905.5 368.1 905.5 wheat 0
166.2 876.5 104.1 940.5 78.3 915.5 140.4 851.5 wheat 0
172.1 681.5 30.5 725.3 17.4 682.7 158.9 638.9 wheat 0
290.1 348.5 164.5 374.0 155.4 328.7 280.9 303.3 wheat 0
70.3 142.3 205.1 234.5 180.6 270.3 45.8 178.0 wheat 0
223.1 59.5 316.1 59.5 316.1 105.5 223.1 105.5 wheat 0
459.1 260.5 417.5 273.4 389.2 181.8 430.8 169.0 wheat 0
513.1 394.9 547.2 401.8 531.1 481.5 496.9 474.6 wheat 0
693.1 98.5 767.1 98.5 767.1 156.5 693.1 156.5 wheat 0
875.1 96.5 769.9 129.0 761.6 102.4 866.8 69.9 wheat 0
992.1 154.5 911.8 162.6 907.9 124.1 988.2 116.1 wheat 0
988.4 197.0 1015.4 202.5 992.1 317.5 965.1 312.1 wheat 0
898.1 419.5 861.7 426.9 850.1 369.6 886.5 362.3 wheat 0
817.1 633.5 784.3 651.4 706.3 508.6 739.1 490.7 wheat 0
755.1 700.5 841.1 759.3 819.1 791.5 733.1 732.7 wheat 0
980.1 884.5 944.6 903.9 884.5 793.8 919.9 774.4 wheat 0
706.1 934.5 667.6 960.8 559.3 802.6 597.8 776.2 wheat 0
537.8 902.8 603.9 923.3 592.1 961.5 526.0 941.1 wheat 0
