428.1 628.5 372.0 659.1 305.7 537.8 361.8 507.2 wheat 0
540.1 666.5 433.9 677.2 427.8 616.2 534.0 605.6 wheat 0
810.1 361.5 855.5 418.8 815.6 450.4 770.2 393.2 wheat 0
817.5 205.5 898.1 288.5 863.2 322.3 782.7 239.4 wheat 0
640.9 191.6 739.1 211.5 727.9 266.4 629.7 246.5 wheat 0
891.1 172.5 845.6 203.6 784.1 113.8 829.6 82.7 wheat 0
679.2 544.2 734.2 555.3 715.1 649.5 660.1 638.4 wheat 0
480.9 512.8 523.0 521.3 512.1 575.5 469.9 567.0 wheat 0
566.1 495.5 519.5 509.9 497.6 439.1 544.2 424.7 wheat 0
744.1 500.5 662.1 525.9 648.3 481.2 730.3 455.9 wheat 0
427.7 223.0 510.1 248.5 492.4 305.5 410.1 280.0 wheat 0
527.1 179.1 594.7 192.8 586.0 235.9 518.4 222.2 wheat 0
650.3 105.1 617.5 127.5 561.6 45.8 594.4 23.3 wheat 0
399.5 122.8 451.2 138.7 424.1 226.5 372.4 210.5 wheat 0
480.3 42.1 544.1 122.5 516.7 144.2 452.9 63.8 wheat 0
671.9 51.6 723.5 56.7 711.1 180.5 659.5 175.3 wheat 0
782.6 176.8 697.1 223.5 670.6 175.0 756.1 128.3 wheat 0
727.8 16.1 800.1 38.5 784.1 90.0 711.9 67.6 wheat 0
920.1 422.5 883.5 437.9 859.9 381.9 896.4 366.5 wheat 0
984.1 516.5 947.5 532.0 909.8 442.8 946.4 427.3 wheat 0
940.1 547.5 882.8 553.3 878.2 506.6 935.4 500.9 wheat 0
902.7 546.1 954.1 556.5 946.5 593.8 895.2 583.4 wheat 0
872.7 772.3 921.3 782.1 882.1 975.5 833.5 965.7 wheat 0
708.1 852.5 590.6 876.3 580.6 826.7 698.0 802.9 wheat 0
529.1 774.5 480.1 784.4 467.0 719.8 516.0 709.8 wheat 0
185.0 510.5 271.5 547.1 251.1 595.5 164.5 558.9 wheat 0
232.4 600.2 289.1 658.5 255.7 690.9 199.0 632.6 wheat 0
79.9 672.5 194.2 684.0 188.1 745.5 73.7 734.0 wheat 0
96.6 759.2 153.4 764.9 149.1 808.5 92.2 802.8 wheat 0
1.1 630.5 104.1 630.5 104.1 693.5 1.1 693.5 wheat 0
20.1 315.5 69.1 315.5 69.1 422.5 20.1 422.5 wheat 0
375.1 140.5 234.7 183.9 223.6 147.8 363.9 104.4 wheat 0
241.1 115.5 186.1 126.7 164.1 18.1 219.1 7.0 wheat 0
123.1 191.5 69.0 202.5 50.2 109.6 104.2 98.6 wheat 0
17.1 200.9 90.1 223.5 76.3 268.1 3.3 245.5 wheat 0
598.8 633.6 659.1 666.5 642.3 697.2 582.0 664.2 wheat 0
617.7 762.0 654.6 782.2 615.1 854.5 578.2 834.4 wheat 0
