407.5 216.9 472.2 230.1 443.2 373.1 378.5 360.0 wheat 0
538.0 225.5 658.5 249.9 645.6 313.6 525.1 289.2 wheat 0
724.8 316.8 794.5 323.8 783.8 430.3 714.2 423.3 wheat 0
907.0 329.1 851.3 334.6 843.6 258.0 899.3 252.4 wheat 0
785.3 332.0 896.3 332.0 896.3 386.0 785.3 386.0 wheat 0
1025.4 424.1 909.0 435.7 903.6 382.0 1020.0 370.3 wheat 0
943.1 165.6 884.5 205.7 836.5 135.5 895.1 95.4 wheat 0
611.0 40.2 724.0 135.3 681.3 186.0 568.3 90.9 wheat 0
480.6 44.6 401.2 126.4 356.0 82.5 435.4 0.7 wheat 0
146.0 299.6 235.2 317.7 223.7 374.5 134.5 356.4 wheat 0
57.7 472.8 208.6 576.0 172.3 629.0 21.4 525.8 wheat 0
351.0 544.0 416.6 550.6 405.7 660.1 340.0 653.5 wheat 0
695.4 669.5 631.7 675.9 619.2 551.5 682.9 545.2 wheat 0
872.1 779.9 814.1 804.4 775.5 713.2 833.6 688.7 wheat 0
523.9 906.2 330.8 1011.7 298.7 952.9 491.8 847.4 wheat 0
132.3 859.0 306.3 859.0 306.3 917.0 132.3 917.0 wheat 0
55.9 918.8 152.9 938.4 141.8 993.3 44.7 973.7 wheat 0
