191.7 424.2 145.0 463.5 61.9 364.9 108.6 325.6 wheat 0
588.0 307.0 614.8 359.6 509.6 413.1 482.9 360.5 wheat 0
782.3 442.0 940.3 442.0 940.3 498.0 782.3 498.0 wheat 0
819.1 476.8 942.6 489.2 937.3 542.0 813.8 529.7 wheat 0
917.6 599.0 806.2 675.2 774.0 628.1 885.4 551.9 wheat 0
901.8 743.2 934.6 770.9 879.9 835.9 847.0 808.2 wheat 0
859.3 883.0 970.3 883.0 970.3 932.0 859.3 932.0 wheat 0
338.2 586.3 373.9 641.8 238.4 728.8 202.8 673.3 wheat 0
178.2 567.7 226.9 601.1 153.5 708.3 104.8 675.0 wheat 0
74.3 518.0 154.3 518.0 154.3 564.0 74.3 564.0 wheat 0
75.3 668.0 132.3 668.0 132.3 731.0 75.3 731.0 wheat 0
153.3 912.0 207.3 912.0 207.3 952.0 153.3 952.0 wheat 0
627.3 41.0 670.3 41.0 670.3 145.0 627.3 145.0 wheat 0
577.3 37.0 625.3 37.0 625.3 168.0 577.3 168.0 wheat 0
817.0 86.7 867.6 108.1 814.7 233.4 764.0 212.0 wheat 0
1017.3 247.9 963.8 264.4 925.4 140.2 978.9 123.7 wheat 0
906.3 65.0 972.3 65.0 972.3 139.0 906.3 139.0 wheat 0
478.3 -0.0 543.5 6.5 535.8 83.2 470.6 76.6 wheat 0
458.6 49.0 344.4 97.3 326.1 54.0 440.3 5.8 wheat 0
4.3 551.0 65.3 551.0 65.3 597.0 4.3 597.0 wheat 0
