744.7 293.8 1023.0 321.8 1015.4 397.5 737.1 369.6 wheat 0
808.1 180.5 621.7 282.3 595.7 234.7 782.1 132.9 wheat 0
340.3 32.2 608.9 59.2 601.8 129.8 333.2 102.9 wheat 0
429.1 310.5 243.2 329.2 237.2 269.0 423.0 250.4 wheat 0
431.1 335.5 641.1 335.5 641.1 391.5 431.1 391.5 wheat 0
344.2 396.5 609.7 423.1 604.1 479.5 338.6 452.9 wheat 0
352.6 421.0 687.2 488.9 673.1 558.5 338.5 490.7 wheat 0
544.1 628.5 767.1 628.5 767.1 713.5 544.1 713.5 wheat 0
615.8 750.4 469.1 901.5 418.3 852.2 565.0 701.2 wheat 0
889.1 939.5 670.5 961.4 661.0 866.9 879.6 844.9 wheat 0
322.1 601.5 157.5 634.9 143.7 566.6 308.2 533.2 wheat 0
427.1 629.5 327.5 639.5 320.8 572.5 420.3 562.5 wheat 0
490.5 506.7 788.1 632.5 762.4 693.3 464.8 567.4 wheat 0
759.1 539.2 994.1 667.5 964.2 722.2 729.2 593.9 wheat 0
