538.1 427.5 466.9 434.6 458.2 347.9 529.4 340.8 wheat 0
653.1 433.5 576.8 441.2 569.0 363.4 645.3 355.7 wheat 0
782.0 159.9 869.1 295.5 816.1 329.5 729.0 193.9 wheat 0
859.1 286.5 951.1 286.5 951.1 447.5 859.1 447.5 wheat 0
914.1 461.5 998.1 461.5 998.1 531.5 914.1 531.5 wheat 0
671.1 516.5 766.1 516.5 766.1 571.5 671.1 571.5 wheat 0
829.3 527.6 893.9 540.7 876.1 628.5 811.5 615.4 wheat 0
904.1 783.5 969.1 783.5 969.1 852.5 904.1 852.5 wheat 0
781.1 852.5 848.1 852.5 848.1 927.5 781.1 927.5 wheat 0
808.1 775.5 877.1 775.5 877.1 849.5 808.1 849.5 wheat 0
865.1 922.5 919.1 922.5 919.1 983.5 865.1 983.5 wheat 0
956.1 936.5 1024.0 936.5 1024.0 988.2 956.1 988.2 wheat 0
641.1 917.5 792.1 917.5 792.1 989.5 641.1 989.5 wheat 0
426.1 949.5 529.1 949.5 529.1 1012.5 426.1 1012.5 wheat 0
598.1 896.5 660.1 896.5 660.1 975.5 598.1 975.5 wheat 0
623.1 833.5 546.9 885.6 512.1 834.7 588.2 782.6 wheat 0
673.1 746.5 589.4 763.5 565.2 644.4 648.9 627.4 wheat 0
511.6 463.3 580.6 484.6 553.1 573.5 484.1 552.2 wheat 0
361.1 688.5 303.4 706.4 286.2 651.0 343.9 633.2 wheat 0
236.1 611.5 149.2 620.2 139.7 525.1 226.5 516.4 wheat 0
171.6 765.7 220.4 806.8 149.1 891.5 100.3 850.4 wheat 0
307.1 598.5 240.7 619.0 227.4 576.0 293.8 555.5 wheat 0
365.1 207.5 278.6 244.1 253.3 184.3 339.8 147.8 wheat 0
134.1 231.5 208.1 231.5 208.1 312.5 134.1 312.5 wheat 0
5.1 141.5 102.1 141.5 102.1 230.5 5.1 230.5 wheat 0
421.1 68.5 359.2 102.3 334.7 57.5 396.6 23.6 wheat 0
