481.2 362.3 536.0 399.8 517.1 427.5 462.2 390.0 wheat 0
602.1 426.5 586.3 442.7 541.7 399.5 557.5 383.2 wheat 0
453.5 419.9 506.8 456.5 491.1 479.5 437.7 443.0 wheat 0
632.4 442.5 681.3 452.5 674.0 488.4 625.1 478.5 wheat 0
701.1 462.5 677.9 472.3 664.2 440.1 687.5 430.3 wheat 0
754.1 656.5 723.9 677.2 691.5 629.8 721.7 609.1 wheat 0
568.1 686.5 607.1 686.5 607.1 754.5 568.1 754.5 wheat 0
525.1 628.5 565.1 628.5 565.1 647.5 525.1 647.5 wheat 0
535.4 561.4 575.2 573.8 570.1 590.5 530.2 578.2 wheat 0
967.1 859.5 1011.1 859.5 1011.1 890.5 967.1 890.5 wheat 0
923.1 379.5 972.1 379.5 972.1 425.5 923.1 425.5 wheat 0
831.1 458.5 893.1 458.5 893.1 493.5 831.1 493.5 wheat 0
764.1 172.5 735.2 184.7 711.4 128.4 740.2 116.2 wheat 0
800.7 127.3 843.2 171.0 821.1 192.5 778.6 148.8 wheat 0
903.1 200.5 959.1 200.5 959.1 231.5 903.1 231.5 wheat 0
969.1 197.5 1023.1 197.5 1023.1 227.5 969.1 227.5 wheat 0
1002.1 155.5 968.9 165.8 953.9 117.3 987.1 107.0 wheat 0
791.1 15.5 817.1 15.5 817.1 52.5 791.1 52.5 wheat 0
488.6 21.2 546.0 80.3 519.1 106.5 461.7 47.4 wheat 0
538.1 101.0 631.5 129.8 621.1 163.5 527.7 134.6 wheat 0
546.1 147.5 528.5 169.6 446.2 104.3 463.7 82.2 wheat 0
370.5 138.8 452.3 183.5 437.1 211.5 355.2 166.8 wheat 0
503.0 210.9 576.1 233.5 568.1 259.1 495.1 236.5 wheat 0
211.1 441.5 183.4 464.8 122.5 392.5 150.1 369.2 wheat 0
342.1 645.5 247.2 655.0 244.6 629.3 339.5 619.8 wheat 0
348.7 655.1 399.1 676.4 388.1 702.5 337.7 681.2 wheat 0
415.6 676.2 470.5 687.4 464.5 716.8 409.6 705.6 wheat 0
450.8 671.9 496.9 676.5 494.1 704.5 448.0 699.9 wheat 0
412.6 704.3 442.4 720.6 408.1 783.5 378.2 767.2 wheat 0
23.1 618.5 131.1 618.5 131.1 654.5 23.1 654.5 wheat 0
60.3 523.4 148.1 550.5 138.4 581.9 50.6 554.7 wheat 0
183.0 514.4 246.7 520.8 243.2 555.6 179.5 549.2 wheat 0
297.1 515.5 335.1 515.5 335.1 546.5 297.1 546.5 wheat 0
76.1 807.5 161.1 807.5 161.1 847.5 76.1 847.5 wheat 0
127.1 857.5 226.1 857.5 226.1 898.5 127.1 898.5 wheat 0
197.1 1000.5 131.9 1020.7 121.7 987.8 186.9 967.7 wheat 0
490.1 906.5 426.1 912.9 422.8 880.7 486.8 874.3 wheat 0
576.9 827.8 641.6 847.8 632.1 878.5 567.4 858.5 wheat 0
630.1 825.3 703.2 847.9 693.1 880.5 620.0 857.9 wheat 0
775.1 973.5 725.8 988.8 716.9 960.0 766.2 944.7 wheat 0
859.1 945.5 798.5 957.8 792.4 927.8 853.0 915.5 wheat 0
728.1 800.5 764.1 800.5 764.1 830.5 728.1 830.5 wheat 0
720.1 459.5 759.1 459.5 759.1 499.5 720.1 499.5 wheat 0
474.1 483.5 514.1 483.5 514.1 517.5 474.1 517.5 wheat 0
731.2 311.4 781.1 332.5 772.6 352.6 722.8 331.5 wheat 0
61.9 177.0 101.1 193.5 93.1 212.4 53.9 195.8 wheat 0
810.1 766.4 867.1 790.5 860.4 806.3 803.4 782.3 wheat 0
