412.7 61.4 627.1 178.5 601.5 225.2 387.2 108.1 wheat 0
571.1 463.5 503.3 484.5 392.8 127.3 460.6 106.4 wheat 0
586.4 430.1 898.1 526.5 879.9 585.3 568.2 488.9 wheat 0
919.1 321.5 885.5 335.7 819.3 179.1 852.9 164.9 wheat 0
932.7 41.2 984.1 84.5 795.1 308.8 743.7 265.5 wheat 0
734.2 295.3 762.1 330.4 641.1 426.5 613.2 391.3 wheat 0
562.1 126.3 619.1 126.3 619.1 327.5 562.1 327.5 wheat 0
441.1 418.5 487.1 418.5 487.1 772.5 441.1 772.5 wheat 0
590.1 629.5 1024.0 629.5 1024.0 696.2 590.1 696.2 wheat 0
60.9 51.5 423.1 163.5 406.3 217.6 44.2 105.6 wheat 0
544.9 739.0 867.0 804.3 859.1 843.5 536.9 778.2 wheat 0
351.0 831.5 801.1 831.5 801.1 885.5 351.0 885.5 wheat 0
764.1 826.5 300.4 920.5 291.1 874.7 754.8 780.7 wheat 0
443.6 751.4 123.1 850.5 105.0 792.2 425.6 693.0 wheat 0
398.1 725.5 14.7 803.2 2.0 740.6 385.4 662.9 wheat 0
567.8 493.6 615.7 508.4 533.1 775.5 485.2 760.7 wheat 0
684.0 506.5 715.9 533.3 591.1 681.5 559.2 654.7 wheat 0
