675.6 568.5 644.7 589.7 579.1 493.8 610.0 472.7 wheat 0
655.1 523.5 756.8 579.1 739.6 610.5 637.9 554.9 wheat 0
843.6 569.5 806.0 585.4 763.2 484.0 800.8 468.1 wheat 0
826.6 600.5 785.6 608.8 770.6 534.8 811.6 526.5 wheat 0
798.5 581.5 897.7 635.7 877.6 672.5 778.4 618.3 wheat 0
885.6 686.5 850.9 705.5 807.0 625.2 841.7 606.2 wheat 0
969.1 598.1 932.6 613.5 897.1 529.4 933.5 514.0 wheat 0
850.6 379.5 815.6 398.7 763.1 302.7 798.2 283.5 wheat 0
819.6 350.5 791.3 374.3 716.0 284.9 744.3 261.0 wheat 0
847.6 277.5 809.2 293.8 754.4 164.2 792.8 147.9 wheat 0
896.3 265.4 871.5 304.1 804.8 261.2 829.6 222.5 wheat 0
785.6 264.8 888.3 285.6 880.6 323.5 777.9 302.7 wheat 0
945.5 319.3 1014.7 333.3 1007.6 368.5 938.4 354.5 wheat 0
966.6 346.3 1018.7 400.0 996.6 421.5 944.5 367.8 wheat 0
632.6 718.8 609.3 748.3 538.3 691.9 561.6 662.5 wheat 0
835.4 833.2 901.0 878.1 881.6 906.5 816.0 861.6 wheat 0
804.3 867.9 890.8 904.5 880.6 928.5 794.1 891.9 wheat 0
632.3 982.3 591.3 1016.9 504.7 914.1 545.8 879.5 wheat 0
585.6 932.5 656.8 971.4 633.2 1014.8 561.9 975.9 wheat 0
367.8 852.7 462.9 882.1 452.7 914.9 357.6 885.5 wheat 0
483.6 780.5 349.5 872.3 321.8 831.9 456.0 740.1 wheat 0
386.8 643.4 520.6 716.5 500.9 752.5 367.1 679.4 wheat 0
499.7 570.5 591.5 647.8 565.6 678.5 473.8 601.2 wheat 0
445.6 581.2 535.0 642.4 517.0 668.7 427.6 607.5 wheat 0
533.6 540.5 501.1 567.9 436.0 490.6 468.5 463.2 wheat 0
295.0 324.4 412.7 360.8 401.6 396.5 284.0 360.1 wheat 0
418.6 313.5 377.7 335.9 322.0 234.0 363.0 211.7 wheat 0
516.5 109.6 609.1 128.4 602.6 160.5 510.0 141.7 wheat 0
492.1 74.8 556.4 87.9 549.6 121.5 485.3 108.5 wheat 0
435.6 83.5 312.7 95.8 308.3 52.1 431.2 39.8 wheat 0
237.9 141.5 337.4 225.3 307.1 261.3 207.6 177.5 wheat 0
242.8 226.2 363.0 263.3 349.6 306.5 229.5 269.3 wheat 0
143.7 195.3 265.5 233.0 252.6 274.5 130.9 236.8 wheat 0
196.4 364.2 303.6 437.6 277.6 475.5 170.4 402.2 wheat 0
296.6 383.5 276.9 408.4 195.2 343.6 215.0 318.7 wheat 0
281.6 586.5 248.6 620.5 158.0 532.5 191.0 498.5 wheat 0
96.5 497.2 196.5 551.8 176.6 588.1 76.6 533.5 wheat 0
240.5 633.6 344.2 677.5 330.3 710.3 226.6 666.5 wheat 0
227.4 675.9 315.2 703.1 303.6 740.5 215.8 713.3 wheat 0
339.7 654.2 429.5 681.9 420.6 710.5 330.8 682.7 wheat 0
145.7 698.6 288.7 713.0 283.6 763.5 140.6 749.2 wheat 0
133.6 865.5 215.0 910.0 196.8 943.2 115.4 898.8 wheat 0
255.7 904.5 378.6 942.5 368.5 975.2 245.5 937.1 wheat 0
281.8 939.4 385.6 971.5 377.1 999.2 273.2 967.1 wheat 0
159.6 936.5 250.3 964.5 240.1 997.5 149.4 969.4 wheat 0
24.9 861.8 136.7 922.8 115.6 961.5 3.8 900.4 wheat 0
0.0 635.5 149.6 635.5 149.6 689.1 0.0 689.1 wheat 0
88.7 240.0 173.6 311.5 149.6 340.0 64.7 268.5 wheat 0
153.6 259.5 124.3 284.2 62.1 210.3 91.4 185.6 wheat 0
99.7 103.8 217.9 168.4 193.2 213.7 75.0 149.1 wheat 0
592.6 314.5 665.1 336.9 652.7 376.9 580.3 354.5 wheat 0
10.3 160.7 90.6 185.5 82.0 213.3 1.7 188.4 wheat 0
