347.1 148.1 392.1 148.1 392.1 248.1 347.1 248.1 wheat 0
246.1 241.1 281.1 241.1 281.1 317.1 246.1 317.1 wheat 0
211.1 319.1 269.1 319.1 269.1 398.1 211.1 398.1 wheat 0
351.5 403.9 318.3 417.9 286.8 343.3 320.0 329.3 wheat 0
701.3 127.7 741.5 135.8 707.9 301.5 667.8 293.3 wheat 0
263.5 198.2 226.6 213.8 176.8 95.9 213.6 80.3 wheat 0
336.1 528.8 300.2 548.4 265.2 484.4 301.1 464.7 wheat 0
337.1 680.1 415.1 680.1 415.1 718.1 337.1 718.1 wheat 0
327.6 643.0 172.1 691.1 158.1 645.6 313.5 597.5 wheat 0
525.1 787.1 625.1 787.1 625.1 823.1 525.1 823.1 wheat 0
465.1 539.1 525.1 539.1 525.1 589.1 465.1 589.1 wheat 0
393.1 483.1 470.1 483.1 470.1 515.1 393.1 515.1 wheat 0
600.9 105.9 639.1 132.1 568.3 235.6 530.1 209.5 wheat 0
583.1 223.1 608.1 223.1 608.1 381.1 583.1 381.1 wheat 0
519.1 111.1 546.1 111.1 546.1 201.1 519.1 201.1 wheat 0
698.1 599.1 762.1 599.1 762.1 655.1 698.1 655.1 wheat 0
611.1 516.1 681.1 516.1 681.1 563.1 611.1 563.1 wheat 0
594.1 569.1 630.1 569.1 630.1 621.1 594.1 621.1 wheat 0
481.1 658.1 528.1 658.1 528.1 709.1 481.1 709.1 wheat 0
299.1 821.1 346.1 821.1 346.1 883.1 299.1 883.1 wheat 0
614.1 664.1 669.1 664.1 669.1 727.1 614.1 727.1 wheat 0
623.8 703.8 699.5 767.6 663.5 810.4 587.7 746.6 wheat 0
420.1 545.1 470.1 545.1 470.1 584.1 420.1 584.1 wheat 0
376.1 437.1 425.1 437.1 425.1 468.1 376.1 468.1 wheat 0
357.1 708.1 389.1 708.1 389.1 779.1 357.1 779.1 wheat 0
342.9 667.0 283.3 717.2 261.4 691.2 321.0 641.0 wheat 0
736.6 35.8 761.1 61.1 632.8 185.8 608.2 160.5 wheat 0
748.2 146.1 776.8 158.1 737.1 252.1 708.5 240.0 wheat 0
