599.9 289.1 551.7 316.6 419.5 85.7 467.6 58.1 wheat 0
869.7 60.6 641.0 296.1 579.7 236.6 808.5 1.1 wheat 0
678.5 169.8 630.6 190.1 574.9 58.4 622.8 38.1 wheat 0
948.2 143.2 996.4 169.5 929.7 291.6 881.5 265.3 wheat 0
559.7 383.6 496.1 403.3 471.3 323.2 534.9 303.5 wheat 0
228.2 -2.4 288.9 3.7 262.3 268.4 201.6 262.3 wheat 0
150.1 254.2 278.1 308.3 252.4 369.1 124.4 314.9 wheat 0
361.0 389.2 166.0 428.8 153.5 367.0 348.5 327.5 wheat 0
109.1 354.6 380.9 409.7 366.6 480.7 94.7 425.6 wheat 0
59.5 352.1 125.8 372.6 66.7 563.6 0.4 543.1 wheat 0
206.3 604.5 21.7 661.6 0.3 592.3 184.8 535.2 wheat 0
38.7 636.6 276.4 734.3 247.3 805.2 9.6 707.5 wheat 0
2.7 709.6 27.7 709.6 27.7 996.6 2.7 996.6 wheat 0
202.7 988.6 143.1 1000.7 117.1 872.6 176.8 860.5 wheat 0
347.1 815.6 543.7 974.6 504.2 1023.5 307.6 864.5 wheat 0
446.1 608.6 558.5 750.3 517.7 782.6 405.3 640.9 wheat 0
781.7 622.9 683.3 690.1 641.4 628.9 739.7 561.6 wheat 0
752.0 830.5 568.8 867.7 558.4 816.7 741.7 779.6 wheat 0
646.9 841.1 692.3 850.3 669.7 961.6 624.4 952.4 wheat 0
626.9 756.7 777.7 991.6 727.7 1023.7 576.9 788.8 wheat 0
932.7 607.6 655.8 956.7 602.7 914.5 879.6 565.5 wheat 0
1020.7 521.6 812.4 652.2 775.0 592.5 983.3 461.9 wheat 0
962.6 674.1 1023.7 743.6 976.8 784.9 915.7 715.3 wheat 0
