549.5 290.1 494.8 295.6 486.1 209.0 540.8 203.5 wheat 0
560.3 157.0 602.3 157.0 602.3 252.0 560.3 252.0 wheat 0
691.3 94.2 737.4 113.7 704.3 192.0 658.2 172.5 wheat 0
636.5 220.1 685.3 225.0 681.4 263.9 632.6 259.0 wheat 0
578.0 338.1 624.1 347.4 609.6 419.0 563.5 409.6 wheat 0
768.2 435.4 699.4 456.7 686.4 414.7 755.2 393.4 wheat 0
522.3 443.0 566.3 443.0 566.3 508.0 522.3 508.0 wheat 0
620.1 479.5 661.3 487.9 648.5 550.6 607.4 542.2 wheat 0
418.9 509.3 480.7 521.8 470.7 570.8 409.0 558.3 wheat 0
476.3 533.0 515.3 533.0 515.3 574.0 476.3 574.0 wheat 0
702.1 710.9 655.1 730.8 623.6 656.2 670.5 636.3 wheat 0
775.2 666.4 754.7 698.4 697.4 661.7 718.0 629.7 wheat 0
431.3 622.0 483.3 622.0 483.3 669.0 431.3 669.0 wheat 0
479.8 695.1 540.5 701.2 535.8 748.0 475.1 741.9 wheat 0
542.3 861.0 598.3 861.0 598.3 913.0 542.3 913.0 wheat 0
644.8 903.0 612.5 909.5 596.8 832.1 629.1 825.6 wheat 0
574.3 935.0 617.3 935.0 617.3 986.0 574.3 986.0 wheat 0
35.3 199.0 82.3 199.0 82.3 273.0 35.3 273.0 wheat 0
278.4 64.1 170.6 109.7 149.2 59.0 257.0 13.4 wheat 0
318.3 56.0 397.3 56.0 397.3 98.0 318.3 98.0 wheat 0
959.9 42.3 827.1 83.4 811.7 33.7 944.5 -7.3 wheat 0
615.7 67.7 573.9 71.9 566.9 2.3 608.7 -1.9 wheat 0
496.7 194.7 452.9 199.1 446.0 130.4 489.8 126.0 wheat 0
709.8 79.7 665.0 84.2 659.8 32.4 704.6 27.9 wheat 0
656.8 109.9 616.0 114.0 610.8 62.2 651.6 58.1 wheat 0
126.1 37.6 59.5 44.3 55.5 4.5 122.2 -2.2 wheat 0
