692.3 645.3 749.7 693.6 718.5 730.7 661.1 682.3 wheat 0
792.8 640.3 754.1 656.6 732.7 606.0 771.4 589.6 wheat 0
828.7 500.6 890.2 563.9 853.8 599.1 792.4 535.9 wheat 0
962.7 576.6 903.1 617.4 878.5 581.4 938.1 540.6 wheat 0
830.6 727.0 774.3 744.4 761.8 704.3 818.2 686.8 wheat 0
881.5 723.4 813.8 769.7 794.0 740.8 861.7 694.5 wheat 0
757.7 915.6 720.0 927.3 696.7 852.1 734.5 840.4 wheat 0
736.9 841.9 712.9 852.0 696.6 813.3 720.5 803.2 wheat 0
621.7 856.6 524.8 866.3 518.8 807.1 615.8 797.4 wheat 0
485.7 608.1 573.6 645.2 554.1 691.2 466.2 654.0 wheat 0
488.2 563.9 526.0 567.7 519.2 635.3 481.4 631.5 wheat 0
414.7 593.6 472.4 666.2 440.7 691.4 383.1 618.7 wheat 0
459.7 753.6 411.1 774.2 364.2 663.1 412.8 642.6 wheat 0
224.3 647.0 329.9 679.7 315.7 725.6 210.1 692.9 wheat 0
335.4 777.2 397.7 811.3 377.1 849.0 314.8 815.0 wheat 0
423.7 863.6 346.8 887.4 329.8 832.3 406.7 808.5 wheat 0
335.4 877.7 283.9 893.7 272.0 855.5 323.6 839.5 wheat 0
258.7 917.6 308.7 917.6 308.7 971.6 258.7 971.6 wheat 0
145.7 642.6 93.4 647.9 81.6 529.8 133.9 524.5 wheat 0
127.4 468.7 224.6 568.8 190.7 601.6 93.6 501.6 wheat 0
85.1 494.6 117.6 512.3 87.4 567.6 54.9 549.9 wheat 0
76.3 576.1 138.7 654.7 104.7 681.6 42.4 603.0 wheat 0
41.7 450.6 85.7 450.6 85.7 491.6 41.7 491.6 wheat 0
12.7 495.6 91.7 495.6 91.7 537.6 12.7 537.6 wheat 0
256.6 429.3 221.5 448.5 176.9 366.9 212.0 347.7 wheat 0
237.1 347.4 341.9 368.7 333.4 410.8 228.5 389.6 wheat 0
480.7 494.6 433.9 514.4 390.2 411.3 437.1 391.5 wheat 0
429.4 311.4 526.3 364.3 503.7 405.6 406.8 352.7 wheat 0
532.3 313.5 502.5 338.7 472.2 302.7 502.0 277.6 wheat 0
463.5 158.0 507.2 188.0 453.0 267.2 409.3 237.3 wheat 0
728.8 328.1 648.0 372.2 620.7 322.2 701.4 278.1 wheat 0
679.6 135.5 718.6 168.4 684.7 208.6 645.7 175.7 wheat 0
811.9 2.5 877.3 30.1 860.6 69.7 795.2 42.1 wheat 0
971.7 85.6 917.3 102.4 891.1 17.7 945.5 0.9 wheat 0
872.2 320.5 931.4 338.8 917.3 384.7 858.0 366.4 wheat 0
793.2 385.9 868.8 393.5 864.3 439.3 788.6 431.7 wheat 0
978.5 321.5 936.3 330.1 920.0 249.7 962.2 241.2 wheat 0
970.9 208.8 1021.5 224.5 1007.6 269.4 957.0 253.7 wheat 0
1023.7 810.6 968.2 848.6 945.5 815.4 1001.0 777.4 wheat 0
980.7 1016.6 936.7 1021.0 927.7 931.9 971.8 927.4 wheat 0
238.7 199.6 183.1 216.8 136.1 64.8 191.7 47.5 wheat 0
266.2 26.6 345.9 60.3 323.7 112.6 244.0 78.9 wheat 0
310.8 167.0 229.6 192.1 215.7 147.2 296.9 122.1 wheat 0
84.3 154.7 10.8 169.6 2.2 127.5 75.7 112.6 wheat 0
791.5 219.5 850.1 225.4 844.7 278.6 786.2 272.7 wheat 0
327.1 218.9 364.9 222.7 358.3 288.3 320.5 284.6 wheat 0
597.1 330.1 564.7 336.6 559.4 310.2 591.7 303.6 wheat 0
