429.6 629.7 460.6 661.7 390.7 729.6 359.7 697.6 wheat 0
463.7 592.6 396.0 629.6 376.4 593.6 444.1 556.6 wheat 0
372.3 474.6 396.2 491.0 356.2 549.6 332.2 533.2 wheat 0
428.7 453.6 355.7 484.5 343.5 455.5 416.5 424.6 wheat 0
504.3 332.1 529.6 353.4 474.2 419.1 448.9 397.9 wheat 0
595.7 421.6 517.0 475.5 497.9 447.6 576.7 393.7 wheat 0
233.7 563.6 157.5 571.3 154.5 541.4 230.7 533.7 wheat 0
230.0 483.9 261.7 505.6 206.8 585.9 175.1 564.2 wheat 0
174.2 460.3 199.7 486.6 151.1 533.8 125.6 507.5 wheat 0
256.8 347.2 287.2 368.0 232.7 447.6 202.3 426.8 wheat 0
142.8 452.3 81.5 494.3 56.4 457.6 117.7 415.6 wheat 0
234.7 345.6 143.6 373.8 132.8 338.7 223.9 310.5 wheat 0
304.7 234.6 229.8 297.7 211.0 275.5 286.0 212.3 wheat 0
189.5 84.7 217.6 103.9 167.9 176.5 139.9 157.3 wheat 0
126.6 83.2 156.6 114.0 99.9 169.1 69.9 138.2 wheat 0
630.0 154.2 651.7 181.6 554.5 258.8 532.7 231.3 wheat 0
714.6 9.5 744.4 34.6 681.9 108.8 652.1 83.6 wheat 0
661.3 6.6 689.3 25.8 640.2 97.6 612.1 78.4 wheat 0
523.2 6.1 560.1 21.7 526.7 100.6 489.9 85.0 wheat 0
478.9 7.0 506.5 18.7 474.6 94.2 447.0 82.5 wheat 0
468.3 28.9 482.3 43.2 447.1 77.4 433.2 63.0 wheat 0
936.0 9.9 964.9 25.7 916.5 114.3 887.5 98.5 wheat 0
140.7 710.6 67.5 741.6 53.7 708.8 126.9 677.9 wheat 0
1.7 713.6 54.7 713.6 54.7 797.6 1.7 797.6 wheat 0
213.1 760.5 286.5 775.4 276.7 823.6 203.3 808.7 wheat 0
107.2 766.3 182.6 781.6 175.3 817.9 99.8 802.6 wheat 0
499.7 742.6 412.0 802.7 395.9 779.2 483.7 719.1 wheat 0
471.7 903.6 429.5 939.2 399.0 903.0 441.2 867.4 wheat 0
574.7 948.6 477.1 1001.9 456.3 963.8 553.9 910.5 wheat 0
694.7 829.6 609.0 876.4 588.9 839.5 674.6 792.7 wheat 0
530.9 836.2 473.8 860.3 460.6 829.0 517.7 804.9 wheat 0
660.7 754.6 571.4 803.4 550.1 764.5 639.5 715.7 wheat 0
658.7 717.6 728.7 717.6 728.7 751.6 658.7 751.6 wheat 0
698.7 674.6 621.9 727.2 597.6 691.6 674.4 639.1 wheat 0
719.2 573.7 746.4 588.6 703.3 667.5 676.1 652.7 wheat 0
776.2 664.1 807.7 696.6 760.3 742.7 728.8 710.2 wheat 0
1015.7 274.4 934.7 308.6 923.8 282.9 1004.8 248.6 wheat 0
172.7 667.6 76.0 708.5 62.5 676.5 159.2 635.6 wheat 0
10.3 274.5 37.2 277.2 28.2 366.7 1.3 364.0 wheat 0
1016.7 837.6 922.6 877.4 907.9 842.6 1002.0 802.8 wheat 0
650.1 521.2 569.7 537.4 563.4 506.1 643.7 489.8 wheat 0
