351.7 774.6 307.5 798.8 213.9 627.6 258.2 603.4 wheat 0
315.6 786.6 288.0 798.2 275.9 769.7 303.5 758.0 wheat 0
356.7 901.6 324.8 908.1 301.6 793.3 333.5 786.8 wheat 0
346.7 933.6 309.8 953.8 246.1 837.2 283.0 817.0 wheat 0
421.7 856.6 382.2 864.6 352.4 717.4 391.9 709.4 wheat 0
378.0 694.9 472.4 792.0 437.7 825.6 343.4 728.5 wheat 0
451.7 851.5 424.3 857.1 417.7 824.7 445.2 819.2 wheat 0
420.1 967.4 380.5 984.1 342.4 893.9 382.0 877.1 wheat 0
416.1 644.7 468.6 661.0 452.4 713.5 399.8 697.3 wheat 0
519.7 752.6 557.7 778.6 531.7 816.6 493.8 790.6 wheat 0
613.6 679.9 667.6 725.4 606.7 797.6 552.7 752.1 wheat 0
556.6 709.4 610.7 718.7 565.1 984.2 511.0 975.0 wheat 0
475.0 838.7 512.9 864.7 478.7 914.6 440.8 888.7 wheat 0
498.7 845.6 544.7 845.6 544.7 877.6 498.7 877.6 wheat 0
520.7 1016.6 470.0 1021.7 456.4 886.5 507.2 881.4 wheat 0
790.8 565.9 883.2 629.1 854.7 670.6 762.4 607.4 wheat 0
580.9 276.1 529.9 286.4 522.6 250.1 573.5 239.8 wheat 0
581.3 219.5 615.4 233.9 595.2 281.8 561.1 267.4 wheat 0
594.9 222.5 567.4 241.3 529.2 185.5 556.7 166.6 wheat 0
653.6 142.3 625.9 150.9 612.9 108.9 640.6 100.3 wheat 0
518.9 62.5 590.7 111.6 564.4 150.0 492.6 100.9 wheat 0
544.7 3.6 594.7 3.6 594.7 36.6 544.7 36.6 wheat 0
559.5 48.0 532.3 62.8 515.0 31.3 542.2 16.4 wheat 0
554.7 40.6 580.7 40.6 580.7 76.6 554.7 76.6 wheat 0
89.7 63.5 129.6 113.8 104.7 133.6 64.8 83.3 wheat 0
148.7 56.6 122.4 74.7 93.0 31.8 119.4 13.8 wheat 0
80.7 258.0 43.0 278.7 1.8 203.2 39.5 182.6 wheat 0
162.2 149.0 198.1 152.6 192.7 205.6 156.9 202.0 wheat 0
128.7 261.6 98.8 278.0 81.8 246.9 111.7 230.5 wheat 0
119.6 262.2 143.1 291.8 106.7 320.6 83.3 291.0 wheat 0
63.7 323.6 98.7 323.6 98.7 363.6 63.7 363.6 wheat 0
80.0 473.4 37.4 477.7 30.1 404.9 72.7 400.6 wheat 0
152.7 631.6 109.7 655.1 87.1 613.8 130.2 590.3 wheat 0
39.7 572.6 72.7 572.6 72.7 602.6 39.7 602.6 wheat 0
50.2 608.8 111.0 660.0 82.7 693.6 21.9 642.4 wheat 0
70.6 659.1 126.4 689.6 106.7 725.6 50.9 695.1 wheat 0
1005.4 216.4 1022.0 219.8 1013.1 263.9 996.4 260.5 wheat 0
977.0 57.6 952.5 62.5 941.4 7.7 965.9 2.7 wheat 0
167.5 815.7 199.1 832.9 178.0 871.6 146.4 854.3 wheat 0
101.7 932.6 141.7 932.6 141.7 955.6 101.7 955.6 wheat 0
88.7 960.6 135.7 960.6 135.7 998.6 88.7 998.6 wheat 0
200.6 401.8 241.8 419.2 221.7 466.6 180.6 449.2 wheat 0
216.9 283.0 253.7 290.5 245.7 329.6 209.0 322.2 wheat 0
