282.1 421.5 120.2 532.3 76.0 467.7 237.9 357.0 wheat 0
317.5 383.5 429.1 477.5 376.2 540.2 264.6 446.2 wheat 0
518.1 404.5 465.6 470.6 313.4 349.7 365.8 283.7 wheat 0
539.1 414.5 607.1 414.5 607.1 486.5 539.1 486.5 wheat 0
926.1 455.5 1000.1 455.5 1000.1 575.5 926.1 575.5 wheat 0
714.3 27.6 843.1 82.0 820.1 136.5 691.3 82.1 wheat 0
131.1 34.5 205.8 49.6 176.1 196.5 101.3 181.4 wheat 0
355.2 593.5 466.6 628.0 445.1 697.5 333.7 663.1 wheat 0
657.1 755.5 603.4 800.7 533.0 717.1 586.7 671.9 wheat 0
708.1 776.5 675.3 794.4 650.5 749.0 683.3 731.1 wheat 0
790.1 899.5 629.1 967.6 596.6 890.7 757.6 822.7 wheat 0
442.1 0.0 654.3 0.0 654.3 60.5 442.1 60.5 wheat 0
