554.5 421.3 657.6 453.2 641.1 506.5 538.0 474.6 wheat 0
730.6 560.7 807.1 602.5 780.5 651.1 704.0 609.3 wheat 0
951.1 506.5 910.0 529.0 861.0 439.2 902.1 416.8 wheat 0
884.1 351.5 959.1 392.5 934.3 437.9 859.3 396.9 wheat 0
943.1 218.6 1023.8 301.7 993.1 331.5 912.4 248.5 wheat 0
676.2 156.9 725.1 166.8 717.1 206.5 668.2 196.6 wheat 0
657.1 188.5 589.3 202.2 577.2 142.5 645.0 128.8 wheat 0
505.3 108.9 565.1 141.5 542.9 182.2 483.1 149.5 wheat 0
556.4 69.5 523.1 97.5 469.0 33.4 502.3 5.3 wheat 0
300.9 107.1 435.1 134.3 424.1 188.5 289.9 161.3 wheat 0
501.1 207.5 470.9 245.5 394.1 184.6 424.2 146.5 wheat 0
390.2 44.6 453.1 142.5 404.6 173.6 341.8 75.7 wheat 0
624.1 368.5 568.0 385.9 535.1 279.4 591.1 262.0 wheat 0
662.1 295.4 740.1 319.5 727.1 361.5 649.1 337.4 wheat 0
504.2 186.3 618.5 248.7 589.1 302.5 474.9 240.1 wheat 0
628.1 581.5 587.6 615.6 523.3 539.3 563.8 505.2 wheat 0
721.1 684.5 662.7 716.4 610.6 621.1 669.0 589.2 wheat 0
843.4 786.9 774.8 793.8 769.7 743.1 838.3 736.2 wheat 0
925.5 671.6 866.6 696.6 852.6 663.4 911.5 638.5 wheat 0
558.7 554.5 523.1 584.5 466.4 517.3 502.1 487.3 wheat 0
514.9 607.6 456.1 619.5 448.1 580.0 506.9 568.1 wheat 0
477.5 584.2 552.9 647.7 521.1 685.5 445.7 622.0 wheat 0
597.1 943.5 552.4 957.3 529.4 883.2 574.1 869.3 wheat 0
735.1 956.5 682.5 967.2 665.2 881.6 717.7 871.0 wheat 0
845.6 940.7 800.5 971.6 734.1 874.5 779.2 843.6 wheat 0
801.1 868.5 867.1 868.5 867.1 917.5 801.1 917.5 wheat 0
452.4 756.2 537.1 827.5 506.6 863.7 422.0 792.4 wheat 0
382.5 736.1 436.3 747.0 429.1 782.5 375.3 771.6 wheat 0
443.8 732.9 402.5 775.4 308.5 684.1 349.8 641.6 wheat 0
245.0 679.7 372.7 733.7 352.1 782.5 224.4 728.5 wheat 0
359.1 624.5 331.4 653.0 233.4 557.7 261.0 529.3 wheat 0
213.1 432.0 305.2 460.4 289.1 512.5 197.0 484.0 wheat 0
277.8 306.0 355.3 371.3 329.1 402.5 251.5 337.2 wheat 0
217.0 287.2 312.5 339.4 290.1 380.5 194.5 328.3 wheat 0
275.1 258.5 244.9 289.6 175.7 222.4 205.9 191.3 wheat 0
112.8 12.9 233.4 95.4 208.1 132.5 87.4 50.0 wheat 0
118.1 378.5 94.3 415.4 4.7 357.9 28.4 321.0 wheat 0
132.1 534.5 96.3 564.6 25.2 480.3 61.0 450.1 wheat 0
44.9 413.2 149.6 457.5 128.1 508.5 23.3 464.2 wheat 0
117.7 585.0 227.6 677.6 199.1 711.5 89.2 619.0 wheat 0
69.1 654.5 50.4 678.1 8.4 644.8 27.1 621.2 wheat 0
133.3 844.6 285.1 927.5 263.4 967.2 111.6 884.4 wheat 0
486.1 1000.5 439.7 1020.1 409.7 949.2 456.1 929.6 wheat 0
276.6 926.1 326.3 947.2 294.1 1023.5 244.3 1002.5 wheat 0
127.9 919.8 207.9 953.6 191.1 993.5 111.0 959.7 wheat 0
138.1 955.5 38.7 986.2 27.5 950.1 126.9 919.4 wheat 0
88.1 854.5 51.6 879.5 0.8 805.2 37.3 780.3 wheat 0
211.7 942.8 269.1 960.5 254.5 1007.6 197.1 989.8 wheat 0
606.1 989.5 502.3 999.9 497.6 953.4 601.4 943.0 wheat 0
800.4 91.6 846.3 116.7 831.1 144.5 785.2 119.5 wheat 0
