319.0 405.9 361.8 435.2 345.7 458.6 302.9 429.3 wheat 0
358.0 481.2 307.6 515.6 280.5 476.0 330.9 441.6 wheat 0
445.0 472.2 399.4 497.1 352.4 411.1 398.1 386.1 wheat 0
462.7 526.6 378.8 597.3 339.4 550.5 423.3 479.8 wheat 0
388.8 572.7 446.5 597.1 432.7 629.6 375.1 605.2 wheat 0
331.0 736.7 359.0 771.9 335.5 790.6 307.5 755.3 wheat 0
552.9 893.8 484.7 900.6 470.6 759.5 538.7 752.6 wheat 0
693.0 486.7 648.1 500.6 635.4 459.5 680.3 445.6 wheat 0
678.7 498.6 779.7 498.6 779.7 552.6 678.7 552.6 wheat 0
745.8 741.9 721.7 766.6 677.7 723.8 701.7 699.1 wheat 0
677.9 899.5 755.0 923.3 739.7 972.6 662.6 948.8 wheat 0
589.4 965.1 680.9 974.3 676.1 1022.1 584.6 1012.9 wheat 0
437.7 951.6 498.7 951.6 498.7 1021.6 437.7 1021.6 wheat 0
371.7 985.6 444.7 985.6 444.7 1020.6 371.7 1020.6 wheat 0
143.9 629.4 228.6 700.7 190.7 745.6 106.0 674.3 wheat 0
143.7 592.6 114.0 639.0 69.6 610.5 99.3 564.1 wheat 0
59.1 630.0 108.8 645.4 94.3 692.2 44.7 676.8 wheat 0
101.4 776.8 7.9 786.2 2.1 728.5 95.6 719.1 wheat 0
299.0 131.4 257.7 159.6 167.9 28.3 209.2 -0.0 wheat 0
487.7 49.6 558.7 49.6 558.7 111.6 487.7 111.6 wheat 0
840.8 204.3 792.0 219.4 781.7 185.9 830.4 170.9 wheat 0
886.4 313.6 932.1 338.5 897.1 402.6 851.4 377.7 wheat 0
895.7 484.6 829.3 512.7 805.7 456.8 872.1 428.7 wheat 0
880.3 553.1 911.7 574.6 886.3 611.8 854.9 590.3 wheat 0
936.7 931.9 985.7 952.6 958.3 1017.5 909.3 996.7 wheat 0
910.9 851.0 940.4 863.5 904.6 948.2 875.1 935.8 wheat 0
982.7 653.6 1024.0 653.6 1024.0 709.8 982.7 709.8 wheat 0
978.7 487.6 1023.0 487.6 1023.0 555.6 978.7 555.6 wheat 0
282.9 38.9 245.6 80.7 210.6 49.3 247.9 7.6 wheat 0
65.7 5.6 137.7 5.6 137.7 50.6 65.7 50.6 wheat 0
