871.8 283.4 943.8 305.7 888.5 484.5 816.5 462.2 wheat 0
315.1 351.3 487.8 404.7 467.6 470.1 294.8 416.7 wheat 0
422.9 557.2 304.4 593.8 283.4 526.0 401.9 489.3 wheat 0
593.2 791.8 666.0 822.5 606.0 964.4 533.3 933.6 wheat 0
812.8 438.7 760.2 452.1 728.9 329.5 781.5 316.1 wheat 0
703.1 778.1 820.1 778.1 820.1 963.1 703.1 963.1 wheat 0
756.4 710.4 592.1 761.3 575.9 708.7 740.2 657.9 wheat 0
183.1 660.1 262.1 660.1 262.1 746.1 183.1 746.1 wheat 0
70.9 653.5 116.1 700.1 45.2 768.9 -0.0 722.4 wheat 0
41.1 351.1 137.1 351.1 137.1 421.1 41.1 421.1 wheat 0
191.8 792.7 236.5 823.3 183.9 900.2 139.2 869.6 wheat 0
233.9 795.1 287.3 817.7 244.4 919.0 191.0 896.4 wheat 0
363.1 246.1 419.1 246.1 419.1 316.1 363.1 316.1 wheat 0
476.7 590.1 631.4 605.6 624.6 673.5 469.9 658.0 wheat 0
