715.3 246.3 770.3 246.3 770.3 346.3 715.3 346.3 wheat 0
458.3 893.3 523.3 893.3 523.3 965.3 458.3 965.3 wheat 0
113.3 812.3 275.6 862.5 255.3 928.3 93.0 878.1 wheat 0
100.1 883.3 151.3 918.3 86.8 1012.6 35.6 977.6 wheat 0
327.3 664.3 397.3 664.3 397.3 725.3 327.3 725.3 wheat 0
359.3 587.3 492.3 587.3 492.3 659.3 359.3 659.3 wheat 0
773.3 781.3 892.3 781.3 892.3 957.3 773.3 957.3 wheat 0
936.3 682.3 787.2 784.3 753.2 734.7 902.3 632.6 wheat 0
765.3 624.3 821.9 682.6 758.8 743.9 702.2 685.7 wheat 0
722.0 692.5 665.3 731.3 606.1 644.8 662.8 606.0 wheat 0
620.6 558.5 725.0 579.7 714.3 632.3 610.0 611.2 wheat 0
705.0 504.1 796.3 542.7 772.3 599.3 681.0 560.7 wheat 0
226.3 483.3 103.1 535.4 76.5 472.5 199.7 420.4 wheat 0
254.3 408.3 325.1 456.7 291.1 506.4 220.4 458.0 wheat 0
625.7 402.6 469.3 418.3 462.1 346.2 618.5 330.5 wheat 0
336.3 326.3 396.3 326.3 396.3 427.3 336.3 427.3 wheat 0
368.3 173.3 434.3 173.3 434.3 259.3 368.3 259.3 wheat 0
44.3 375.3 161.3 375.3 161.3 435.3 44.3 435.3 wheat 0
856.3 423.3 906.3 423.3 906.3 494.3 856.3 494.3 wheat 0
912.9 293.6 940.3 336.3 834.3 404.4 806.9 361.8 wheat 0
720.3 15.0 806.3 51.3 723.3 247.7 637.3 211.3 wheat 0
227.3 -0.0 301.6 -0.0 301.6 226.3 227.3 226.3 wheat 0
187.7 184.7 139.5 225.3 54.1 123.9 102.3 83.3 wheat 0
92.3 19.3 181.3 19.3 181.3 112.3 92.3 112.3 wheat 0
356.7 22.8 404.3 55.3 356.4 125.3 308.8 92.7 wheat 0
