537.1 567.5 481.5 614.3 376.8 490.0 432.3 443.2 wheat 0
491.1 602.5 682.1 602.5 682.1 673.5 491.1 673.5 wheat 0
847.1 711.5 697.8 741.8 688.3 695.2 837.6 664.9 wheat 0
926.3 319.0 818.1 430.5 762.9 376.9 871.2 265.5 wheat 0
818.1 185.5 676.4 245.4 657.9 201.7 799.6 141.8 wheat 0
938.1 79.5 826.1 220.6 774.2 179.4 886.2 38.3 wheat 0
461.1 408.5 320.3 452.0 303.2 396.8 444.0 353.3 wheat 0
240.7 412.0 316.4 427.3 279.1 611.5 203.4 596.2 wheat 0
517.1 208.5 377.5 284.8 342.9 221.6 482.5 145.3 wheat 0
1020.1 775.5 800.6 843.4 783.7 788.8 1003.2 720.9 wheat 0
594.1 817.5 693.1 817.5 693.1 868.5 594.1 868.5 wheat 0
685.6 874.4 909.1 943.5 886.3 1017.0 662.9 947.8 wheat 0
481.1 922.5 387.2 951.6 370.4 897.4 464.3 868.3 wheat 0
464.7 902.2 520.7 932.8 488.1 992.5 432.1 961.9 wheat 0
244.1 937.5 374.1 937.5 374.1 993.5 244.1 993.5 wheat 0
76.0 844.8 223.1 859.5 215.4 936.0 68.3 921.3 wheat 0
187.1 967.5 35.8 982.7 29.0 915.6 180.3 900.4 wheat 0
308.5 723.2 380.9 753.8 351.1 824.5 278.6 793.9 wheat 0
235.1 785.5 114.7 836.4 91.3 781.1 211.7 730.2 wheat 0
218.1 713.5 60.9 729.3 54.8 668.6 212.0 652.8 wheat 0
