659.3 270.3 733.3 270.3 733.3 501.3 659.3 501.3 wheat 0
309.3 684.3 391.1 729.0 274.7 942.0 192.9 897.4 wheat 0
352.7 828.3 405.3 864.3 324.6 982.3 272.0 946.3 wheat 0
995.2 977.9 937.3 1002.3 872.0 847.9 929.9 823.5 wheat 0
739.3 32.3 867.3 32.3 867.3 85.3 739.3 85.3 wheat 0
672.3 752.3 733.3 752.3 733.3 827.3 672.3 827.3 wheat 0
492.3 854.3 570.3 854.3 570.3 930.3 492.3 930.3 wheat 0
642.3 915.3 717.3 915.3 717.3 996.3 642.3 996.3 wheat 0
574.3 789.3 645.3 789.3 645.3 896.3 574.3 896.3 wheat 0
512.3 559.3 557.3 590.1 511.9 656.5 466.9 625.7 wheat 0
645.3 577.3 742.3 577.3 742.3 648.3 645.3 648.3 wheat 0
695.7 271.4 601.3 311.3 576.4 252.3 670.7 212.4 wheat 0
211.1 519.5 136.3 560.3 80.5 458.2 155.3 417.3 wheat 0
590.3 217.5 542.6 243.6 490.6 148.4 538.3 122.3 wheat 0
846.7 179.6 915.1 237.2 880.8 278.0 812.3 220.3 wheat 0
892.8 324.8 844.3 345.3 811.1 266.9 859.6 246.4 wheat 0
960.2 257.9 1018.9 298.1 963.3 379.3 904.6 339.2 wheat 0
408.1 1.6 533.3 40.3 514.3 101.8 389.1 63.1 wheat 0
42.8 10.7 164.7 35.4 152.3 96.3 30.5 71.6 wheat 0
360.3 169.3 431.3 169.3 431.3 217.3 360.3 217.3 wheat 0
139.3 243.3 12.5 269.0 -0.0 207.3 126.8 181.6 wheat 0
259.5 210.9 306.3 225.3 288.2 283.8 241.4 269.4 wheat 0
125.3 232.3 206.3 232.3 206.3 333.3 125.3 333.3 wheat 0
230.3 355.3 297.3 355.3 297.3 430.3 230.3 430.3 wheat 0
414.6 280.1 469.8 326.5 416.5 389.8 361.3 343.3 wheat 0
496.0 281.0 538.9 304.4 497.2 380.8 454.3 357.3 wheat 0
321.5 47.8 389.1 76.3 363.9 135.9 296.3 107.3 wheat 0
962.1 359.0 1012.0 386.2 975.2 453.6 925.3 426.3 wheat 0
910.3 109.3 968.3 109.3 968.3 190.3 910.3 190.3 wheat 0
