467.7 483.6 538.7 483.6 538.7 686.6 467.7 686.6 wheat 0
566.7 403.6 615.7 403.6 615.7 507.6 566.7 507.6 wheat 0
625.7 405.6 700.7 405.6 700.7 528.6 625.7 528.6 wheat 0
748.9 399.7 810.6 412.2 783.6 545.5 721.9 533.0 wheat 0
829.2 518.8 911.1 563.6 888.7 604.6 806.8 559.9 wheat 0
733.1 657.9 685.7 662.6 677.1 577.0 724.5 572.3 wheat 0
733.2 652.4 779.7 691.5 762.7 711.6 716.2 672.5 wheat 0
785.7 704.6 844.7 704.6 844.7 854.6 785.7 854.6 wheat 0
1024.8 843.8 959.9 879.3 896.6 763.4 961.6 728.0 wheat 0
787.7 858.6 847.7 858.6 847.7 939.6 787.7 939.6 wheat 0
643.4 806.2 746.6 893.2 713.1 933.0 609.9 846.0 wheat 0
405.7 640.6 479.7 640.6 479.7 828.6 405.7 828.6 wheat 0
225.7 585.6 289.7 585.6 289.7 653.6 225.7 653.6 wheat 0
274.7 430.6 330.7 430.6 330.7 529.6 274.7 529.6 wheat 0
49.1 477.7 105.3 501.5 56.2 617.5 -0.0 593.8 wheat 0
254.0 249.9 204.2 254.9 195.5 168.3 245.3 163.3 wheat 0
349.0 103.6 426.5 168.8 383.7 219.6 306.3 154.4 wheat 0
615.1 313.2 559.6 330.4 522.4 210.0 577.8 192.9 wheat 0
851.7 7.6 902.7 7.6 902.7 101.6 851.7 101.6 wheat 0
932.7 81.3 1006.7 143.6 977.9 177.8 903.9 115.4 wheat 0
981.7 340.6 1024.0 340.6 1024.0 415.4 981.7 415.4 wheat 0
222.7 25.6 288.7 25.6 288.7 76.6 222.7 76.6 wheat 0
367.7 954.0 443.7 995.6 428.8 1023.0 352.7 981.5 wheat 0
82.5 953.9 28.1 970.8 -2.1 873.3 52.4 856.5 wheat 0
111.3 944.2 174.0 997.0 152.1 1023.0 89.4 970.2 wheat 0
