530.8 377.3 697.2 447.7 672.7 505.7 506.3 435.3 wheat 0
477.3 842.3 618.3 842.3 618.3 912.3 477.3 912.3 wheat 0
491.5 806.8 376.3 818.3 368.4 739.2 483.5 727.7 wheat 0
710.5 874.6 602.5 896.5 592.3 846.2 700.3 824.3 wheat 0
793.7 1002.3 698.8 1021.5 687.4 965.6 782.3 946.3 wheat 0
904.9 965.2 845.8 983.4 821.3 904.3 880.4 886.0 wheat 0
811.7 405.6 856.6 451.8 795.3 511.3 750.4 465.1 wheat 0
618.3 305.3 502.2 341.2 485.8 288.2 601.9 252.3 wheat 0
760.0 197.4 663.9 227.1 642.2 157.1 738.3 127.3 wheat 0
464.0 689.8 394.3 711.3 352.0 574.4 421.7 552.9 wheat 0
253.0 570.0 354.3 655.3 306.9 711.6 205.6 626.3 wheat 0
479.9 332.1 382.8 522.8 303.8 482.6 400.8 291.8 wheat 0
465.8 211.7 402.3 231.3 382.2 166.4 445.8 146.7 wheat 0
248.1 447.7 135.1 509.4 98.3 442.1 211.3 380.3 wheat 0
9.3 265.3 77.3 265.3 77.3 421.3 9.3 421.3 wheat 0
3.3 513.3 90.3 513.3 90.3 604.3 3.3 604.3 wheat 0
142.3 537.3 222.3 537.3 222.3 611.3 142.3 611.3 wheat 0
