852.6 429.5 710.9 443.7 706.7 402.4 848.4 388.2 wheat 0
883.2 355.5 961.3 421.2 931.6 456.5 853.5 390.8 wheat 0
799.6 250.5 844.6 250.5 844.6 293.5 799.6 293.5 wheat 0
864.6 190.5 914.6 190.5 914.6 236.5 864.6 236.5 wheat 0
919.6 192.5 962.6 192.5 962.6 230.5 919.6 230.5 wheat 0
976.6 188.5 1024.0 188.5 1024.0 308.5 976.6 308.5 wheat 0
974.6 330.5 1019.6 330.5 1019.6 395.5 974.6 395.5 wheat 0
841.6 293.5 890.6 293.5 890.6 323.5 841.6 323.5 wheat 0
738.6 144.5 781.6 144.5 781.6 178.5 738.6 178.5 wheat 0
795.6 76.5 849.6 76.5 849.6 122.5 795.6 122.5 wheat 0
853.6 58.5 886.6 58.5 886.6 93.5 853.6 93.5 wheat 0
534.8 40.3 565.1 65.9 516.6 123.5 486.2 98.0 wheat 0
361.6 25.5 410.6 25.5 410.6 101.5 361.6 101.5 wheat 0
506.6 116.5 564.6 116.5 564.6 162.5 506.6 162.5 wheat 0
445.6 123.5 500.6 123.5 500.6 159.5 445.6 159.5 wheat 0
594.1 190.4 633.6 202.6 595.6 325.5 556.1 313.3 wheat 0
683.7 329.3 622.1 335.5 617.4 288.7 679.1 282.5 wheat 0
582.6 318.5 625.6 318.5 625.6 351.5 582.6 351.5 wheat 0
534.6 333.5 504.7 346.1 474.5 274.5 504.3 261.9 wheat 0
511.6 264.5 472.2 281.1 443.3 212.7 482.6 196.1 wheat 0
407.6 229.5 448.6 229.5 448.6 269.5 407.6 269.5 wheat 0
475.6 373.5 406.8 387.5 398.4 346.3 467.2 332.4 wheat 0
361.6 363.5 318.0 393.3 295.5 360.4 339.0 330.6 wheat 0
250.6 347.5 290.6 347.5 290.6 383.5 250.6 383.5 wheat 0
147.5 272.3 194.9 304.7 176.6 331.5 129.2 299.1 wheat 0
135.6 213.5 78.3 225.1 69.1 179.8 126.4 168.2 wheat 0
197.5 174.8 233.3 194.3 213.6 230.5 177.8 211.0 wheat 0
190.6 194.5 152.0 215.6 97.8 116.3 136.3 95.3 wheat 0
113.6 127.5 51.4 140.1 44.7 106.7 106.8 94.1 wheat 0
67.6 292.3 130.1 318.8 114.6 355.5 52.1 329.1 wheat 0
1.6 334.5 62.6 334.5 62.6 377.5 1.6 377.5 wheat 0
174.7 445.0 219.0 458.7 190.6 550.5 146.3 536.8 wheat 0
135.6 466.5 99.8 473.8 91.8 434.6 127.6 427.4 wheat 0
435.6 572.5 363.0 587.2 352.1 533.4 424.6 518.7 wheat 0
461.7 550.9 526.6 564.1 516.6 613.5 451.7 600.4 wheat 0
411.6 528.5 343.7 535.3 338.5 483.5 406.4 476.7 wheat 0
502.6 488.5 545.6 488.5 545.6 551.5 502.6 551.5 wheat 0
612.3 489.0 648.9 514.0 607.6 574.5 570.9 549.4 wheat 0
864.6 626.5 765.3 668.5 742.6 614.7 841.8 572.7 wheat 0
653.6 426.5 610.3 430.8 605.3 380.6 648.5 376.3 wheat 0
505.2 398.7 559.6 415.5 547.3 455.0 493.0 438.2 wheat 0
403.6 412.5 491.6 412.5 491.6 463.5 403.6 463.5 wheat 0
185.6 590.5 54.3 701.0 25.1 666.3 156.3 555.8 wheat 0
274.6 591.5 221.6 620.4 191.1 564.6 244.1 535.7 wheat 0
296.3 648.1 344.4 680.9 275.6 781.5 227.5 748.7 wheat 0
471.3 628.8 417.6 665.5 388.9 623.7 442.6 586.9 wheat 0
607.6 660.5 563.6 684.5 512.9 591.9 556.9 567.8 wheat 0
640.6 748.5 691.6 748.5 691.6 834.5 640.6 834.5 wheat 0
697.6 713.5 750.6 713.5 750.6 800.5 697.6 800.5 wheat 0
850.8 763.9 878.6 792.5 840.4 829.6 812.6 801.0 wheat 0
794.8 745.0 832.4 765.5 763.6 891.5 726.0 871.0 wheat 0
848.7 873.8 898.9 895.1 858.6 990.5 808.3 969.3 wheat 0
972.2 754.1 1014.7 772.1 995.6 817.5 953.0 799.5 wheat 0
930.6 602.5 888.4 611.1 880.1 570.5 922.3 561.9 wheat 0
833.1 515.4 777.2 526.8 769.0 486.6 824.9 475.3 wheat 0
800.6 445.5 861.6 445.5 861.6 472.5 800.6 472.5 wheat 0
311.9 703.6 352.4 720.7 316.6 805.5 276.0 788.4 wheat 0
400.6 842.5 341.7 882.8 315.2 844.0 374.0 803.7 wheat 0
399.6 840.5 441.6 840.5 441.6 868.5 399.6 868.5 wheat 0
553.6 885.5 506.8 895.0 473.4 730.1 520.1 720.6 wheat 0
564.6 816.5 531.4 826.8 504.3 739.1 537.4 728.8 wheat 0
510.6 723.5 461.0 738.8 447.5 695.0 497.0 679.7 wheat 0
435.9 756.9 400.9 771.7 389.2 744.1 424.2 729.3 wheat 0
209.2 892.2 261.2 902.7 238.6 1014.5 186.5 1004.0 wheat 0
241.6 944.5 303.6 944.5 303.6 985.5 241.6 985.5 wheat 0
88.6 944.5 29.5 962.8 19.4 930.0 78.4 911.7 wheat 0
782.6 974.5 739.0 983.3 723.0 904.4 766.5 895.6 wheat 0
476.6 895.5 524.6 895.5 524.6 956.5 476.6 956.5 wheat 0
345.6 934.5 393.0 934.5 393.0 1024.0 345.6 1024.0 wheat 0
