522.1 538.5 377.9 617.3 350.6 567.2 494.7 488.5 wheat 0
426.1 182.5 483.1 182.5 483.1 324.5 426.1 324.5 wheat 0
462.1 32.5 698.1 32.5 698.1 80.5 462.1 80.5 wheat 0
878.1 154.5 928.1 154.5 928.1 249.5 878.1 249.5 wheat 0
765.1 644.5 734.1 683.5 664.5 628.4 695.5 589.3 wheat 0
613.6 579.0 652.8 619.3 571.9 697.9 532.7 657.5 wheat 0
797.4 639.5 887.1 688.5 866.7 725.8 777.0 676.9 wheat 0
910.1 861.5 850.3 867.5 836.3 728.1 896.1 722.1 wheat 0
806.1 857.5 944.1 857.5 944.1 901.5 806.1 901.5 wheat 0
722.1 746.5 764.1 746.5 764.1 964.5 722.1 964.5 wheat 0
608.1 730.5 653.1 730.5 653.1 966.5 608.1 966.5 wheat 0
435.1 707.5 499.1 707.5 499.1 805.5 435.1 805.5 wheat 0
399.1 629.5 453.1 629.5 453.1 716.5 399.1 716.5 wheat 0
247.1 524.5 292.1 524.5 292.1 623.5 247.1 623.5 wheat 0
257.1 667.5 214.2 696.9 126.6 568.8 169.5 539.5 wheat 0
97.8 608.0 198.9 650.8 185.1 683.5 83.9 640.8 wheat 0
161.4 706.8 226.0 773.4 198.1 800.5 133.4 734.0 wheat 0
