524.8 315.2 652.2 369.1 640.9 395.9 513.4 342.0 wheat 0
397.8 222.7 491.9 241.7 486.0 271.1 391.9 252.1 wheat 0
490.5 198.5 554.9 264.9 530.0 289.1 465.5 222.8 wheat 0
487.0 131.5 559.9 192.9 541.1 215.2 468.3 153.8 wheat 0
532.1 120.8 656.0 205.5 635.9 234.9 512.0 150.1 wheat 0
527.0 99.6 586.9 124.9 577.7 146.5 517.8 121.2 wheat 0
581.1 119.0 665.4 189.9 646.9 211.9 562.6 140.9 wheat 0
636.0 119.7 730.5 199.3 708.9 224.9 614.5 145.3 wheat 0
578.3 78.8 546.8 96.0 519.4 46.0 551.0 28.7 wheat 0
313.9 106.7 427.9 154.9 416.1 182.7 302.1 134.4 wheat 0
401.9 224.9 370.7 234.5 348.8 163.5 379.9 153.8 wheat 0
390.6 241.3 364.9 262.9 298.0 183.5 323.7 161.9 wheat 0
124.1 265.6 228.9 309.9 217.9 336.0 113.1 291.7 wheat 0
128.2 267.2 75.3 278.0 69.5 249.5 122.5 238.8 wheat 0
13.6 78.0 119.9 110.9 112.0 136.3 5.8 103.4 wheat 0
18.4 10.4 110.9 60.9 95.2 89.5 2.8 39.0 wheat 0
51.9 -1.5 120.0 27.3 109.9 51.3 41.7 22.5 wheat 0
293.7 376.0 371.9 441.9 350.2 467.7 272.0 401.8 wheat 0
327.9 497.9 408.9 497.9 408.9 531.9 327.9 531.9 wheat 0
228.9 510.9 199.7 513.8 194.4 461.7 223.7 458.7 wheat 0
197.1 507.1 280.9 552.9 268.2 576.1 184.5 530.3 wheat 0
504.9 552.9 360.6 567.4 357.6 537.2 501.9 522.7 wheat 0
410.2 527.9 539.3 567.8 531.9 591.9 402.7 551.9 wheat 0
545.5 475.0 657.9 486.2 654.9 515.9 542.6 504.6 wheat 0
605.0 497.4 667.5 540.1 651.9 562.9 589.5 520.2 wheat 0
476.9 623.4 566.6 641.6 559.9 674.9 470.1 656.7 wheat 0
327.3 590.8 344.7 612.7 320.4 632.0 303.0 610.1 wheat 0
158.0 603.3 286.7 629.4 279.9 662.9 151.2 636.8 wheat 0
53.1 544.1 125.5 583.6 113.9 604.9 41.5 565.3 wheat 0
367.3 834.4 461.0 863.4 451.9 892.9 358.2 863.9 wheat 0
522.7 745.4 565.7 768.9 556.1 786.4 513.1 762.9 wheat 0
554.4 798.2 737.4 854.8 726.9 888.9 543.8 832.3 wheat 0
601.5 742.5 667.8 787.9 656.9 803.9 590.5 758.5 wheat 0
636.9 723.6 696.9 774.2 676.9 797.9 616.9 747.3 wheat 0
730.6 630.4 801.2 637.5 798.2 667.4 727.6 660.3 wheat 0
828.3 688.6 894.5 709.1 885.7 737.6 819.5 717.1 wheat 0
609.8 903.0 505.1 947.3 493.2 919.1 597.9 874.9 wheat 0
602.2 926.4 692.0 935.4 689.9 956.9 600.1 947.9 wheat 0
380.9 956.9 464.8 992.4 452.4 1021.8 368.4 986.3 wheat 0
734.9 475.9 637.7 485.6 634.7 456.3 731.9 446.5 wheat 0
760.8 474.7 816.9 521.9 797.6 544.8 741.5 497.6 wheat 0
728.9 528.9 820.9 528.9 820.9 559.9 728.9 559.9 wheat 0
814.8 109.4 854.2 113.4 844.9 205.9 805.5 201.9 wheat 0
12.9 442.5 93.7 476.7 80.9 506.9 0.1 472.7 wheat 0
4.5 491.0 43.5 494.9 40.9 520.9 1.9 517.0 wheat 0
848.1 929.1 909.2 948.0 897.4 986.2 836.3 967.3 wheat 0
215.1 897.1 282.0 917.8 274.6 941.7 207.8 921.0 wheat 0
884.2 859.5 920.9 875.0 912.9 893.9 876.2 878.4 wheat 0
947.8 860.5 1022.4 901.3 1007.1 929.4 932.5 888.6 wheat 0
882.7 459.9 985.6 480.7 978.2 517.0 875.3 496.1 wheat 0
953.8 464.0 1023.8 471.0 1020.9 499.9 950.9 492.9 wheat 0
813.3 309.6 905.4 328.3 898.9 359.9 806.9 341.3 wheat 0
740.3 291.8 761.3 298.3 754.9 318.9 734.0 312.5 wheat 0
832.2 199.8 942.7 210.9 938.9 247.9 828.4 236.9 wheat 0
993.6 283.7 1022.0 289.5 1009.3 352.2 980.9 346.4 wheat 0
974.0 526.5 1010.4 546.4 996.9 570.9 960.6 551.1 wheat 0
655.3 860.0 742.0 886.8 732.9 915.9 646.3 889.1 wheat 0
442.7 179.3 511.5 200.6 506.8 215.9 438.0 194.6 wheat 0
