127.7 367.6 181.7 367.6 181.7 397.6 127.7 397.6 wheat 0
168.2 405.6 204.5 430.4 189.3 452.7 153.0 427.8 wheat 0
255.0 317.0 213.6 334.5 205.4 315.2 246.9 297.7 wheat 0
279.6 159.2 245.0 213.0 213.9 193.0 248.5 139.2 wheat 0
505.7 219.6 569.7 219.6 569.7 259.6 505.7 259.6 wheat 0
1010.7 377.6 863.0 407.6 853.3 359.8 1001.1 329.9 wheat 0
856.7 367.1 819.5 374.7 804.8 302.1 842.0 294.6 wheat 0
905.7 212.6 957.5 240.9 940.7 271.6 889.0 243.3 wheat 0
759.7 571.6 677.1 579.9 674.2 551.7 756.9 543.5 wheat 0
1018.5 663.9 978.7 685.6 934.2 604.1 974.0 582.4 wheat 0
692.8 693.8 769.3 758.2 750.6 780.4 674.2 716.0 wheat 0
787.7 877.6 755.6 887.5 720.5 773.8 752.6 763.9 wheat 0
658.2 722.4 686.6 728.1 674.3 788.9 645.9 783.1 wheat 0
609.6 901.2 678.1 938.6 659.9 972.0 591.4 934.6 wheat 0
515.7 785.6 485.2 798.5 460.5 740.0 491.0 727.1 wheat 0
561.9 775.7 534.2 787.4 513.6 738.5 541.2 726.9 wheat 0
478.9 611.8 446.5 618.3 435.6 564.4 467.9 557.9 wheat 0
445.4 418.4 424.2 427.4 407.1 386.8 428.3 377.9 wheat 0
478.7 502.9 444.4 509.9 439.8 487.3 474.1 480.4 wheat 0
122.7 270.6 169.7 270.6 169.7 291.6 122.7 291.6 wheat 0
207.6 245.9 240.0 256.0 235.9 269.3 203.4 259.3 wheat 0
222.6 217.8 249.3 226.1 244.9 240.4 218.1 232.1 wheat 0
240.7 503.3 205.7 518.1 196.8 496.9 231.8 482.1 wheat 0
177.8 604.3 151.4 609.7 138.6 546.9 165.1 541.6 wheat 0
283.2 629.0 239.7 665.6 220.7 643.1 264.2 606.5 wheat 0
248.6 706.3 271.3 718.7 228.7 796.6 206.0 784.2 wheat 0
112.7 706.6 28.3 752.7 15.8 729.8 100.2 683.7 wheat 0
240.7 896.6 270.7 896.6 270.7 972.6 240.7 972.6 wheat 0
26.7 970.6 69.7 970.6 69.7 1003.6 26.7 1003.6 wheat 0
352.7 741.9 395.6 755.2 383.8 793.4 340.8 780.1 wheat 0
473.7 887.3 519.7 896.6 512.8 930.9 466.7 921.6 wheat 0
713.0 998.5 690.1 1017.9 660.4 982.7 683.4 963.4 wheat 0
604.2 477.2 621.9 512.0 602.3 522.0 584.6 487.2 wheat 0
