176.1 439.5 122.0 456.2 101.6 390.1 155.6 373.4 wheat 0
138.2 451.8 212.7 459.3 207.1 515.5 132.5 508.0 wheat 0
231.1 274.5 316.1 274.5 316.1 335.5 231.1 335.5 wheat 0
296.4 162.6 358.3 175.2 345.1 240.5 283.1 228.0 wheat 0
411.8 85.5 458.1 99.9 439.1 161.5 392.7 147.2 wheat 0
606.1 247.5 538.2 254.3 531.2 184.4 599.0 177.5 wheat 0
849.1 124.5 895.1 124.5 895.1 189.5 849.1 189.5 wheat 0
818.6 193.4 877.1 205.3 861.1 284.5 802.5 272.6 wheat 0
815.3 337.3 863.7 357.8 824.1 451.5 775.7 431.1 wheat 0
685.2 360.7 732.4 375.3 715.1 431.5 667.8 416.9 wheat 0
544.1 458.5 477.7 479.0 455.4 407.0 521.8 386.5 wheat 0
610.2 529.3 665.3 534.8 658.1 606.5 603.0 601.0 wheat 0
684.8 554.0 726.7 567.0 711.1 617.5 669.2 604.5 wheat 0
926.1 625.5 872.7 630.9 867.9 582.6 921.2 577.3 wheat 0
945.1 831.5 890.9 836.9 880.7 734.7 934.8 729.3 wheat 0
900.1 905.5 823.6 913.2 816.1 838.2 892.5 830.5 wheat 0
709.1 856.5 643.4 876.8 628.1 827.4 693.8 807.1 wheat 0
834.1 706.5 782.0 711.7 774.8 640.7 826.9 635.4 wheat 0
748.3 641.1 791.6 664.8 754.1 733.5 710.7 709.8 wheat 0
695.7 617.9 758.1 630.5 746.8 686.0 684.5 673.3 wheat 0
574.1 799.5 523.6 809.7 508.3 734.2 558.8 724.0 wheat 0
354.3 622.6 400.0 627.2 392.1 706.5 346.4 701.9 wheat 0
301.1 722.5 252.0 743.3 222.2 672.9 271.3 652.1 wheat 0
351.1 791.5 412.1 791.5 412.1 898.5 351.1 898.5 wheat 0
462.2 884.0 516.0 900.7 490.1 984.5 436.3 967.9 wheat 0
153.8 818.7 203.6 839.7 177.1 902.5 127.2 881.4 wheat 0
36.7 809.1 93.1 826.5 63.3 922.6 7.0 905.1 wheat 0
205.1 954.5 267.1 954.5 267.1 1023.5 205.1 1023.5 wheat 0
207.1 123.5 158.3 150.1 117.7 75.8 166.5 49.2 wheat 0
