865.7 781.6 937.7 781.6 937.7 818.6 865.7 818.6 wheat 0
977.4 763.0 1022.8 782.2 991.7 855.6 946.3 836.4 wheat 0
889.0 843.7 944.9 914.2 910.5 941.5 854.5 871.0 wheat 0
624.7 970.6 577.1 975.4 559.4 798.7 607.0 793.9 wheat 0
636.0 796.4 669.9 819.5 622.4 888.9 588.6 865.7 wheat 0
637.7 726.6 593.8 750.6 542.7 656.9 586.6 632.9 wheat 0
665.2 707.9 694.3 737.8 634.7 795.6 605.7 765.7 wheat 0
660.5 616.7 688.8 640.5 656.0 679.5 627.7 655.7 wheat 0
692.7 562.6 749.7 562.6 749.7 610.6 692.7 610.6 wheat 0
811.7 656.6 753.9 705.3 721.7 667.1 779.5 618.4 wheat 0
780.7 686.6 827.7 686.6 827.7 726.6 780.7 726.6 wheat 0
924.9 549.3 991.2 577.3 973.7 618.6 907.5 590.6 wheat 0
955.7 689.2 1005.8 704.7 993.7 743.6 943.6 728.1 wheat 0
858.7 511.6 826.5 529.2 804.3 488.7 836.6 471.1 wheat 0
804.7 385.6 857.7 385.6 857.7 480.6 804.7 480.6 wheat 0
927.0 444.2 959.9 471.9 935.4 501.0 902.6 473.3 wheat 0
882.2 294.5 931.7 371.6 902.1 390.7 852.5 313.5 wheat 0
852.7 367.6 796.9 384.9 746.3 221.2 802.1 203.9 wheat 0
548.8 154.2 605.5 159.9 589.7 318.1 532.9 312.4 wheat 0
494.8 196.4 432.1 202.7 427.7 158.9 490.4 152.6 wheat 0
373.4 346.6 417.2 351.0 408.0 442.6 364.3 438.2 wheat 0
543.7 483.6 489.3 506.7 446.9 406.5 501.4 383.5 wheat 0
611.7 594.6 561.4 604.8 543.3 515.9 593.7 505.7 wheat 0
541.7 725.6 471.6 763.9 447.3 719.4 517.4 681.1 wheat 0
483.4 851.5 534.1 872.9 495.7 963.6 445.0 942.2 wheat 0
467.5 794.2 502.2 818.0 434.7 916.6 400.0 892.9 wheat 0
401.4 873.5 354.6 888.0 343.1 850.7 389.9 836.2 wheat 0
278.9 517.8 390.9 594.5 360.7 638.6 248.7 562.0 wheat 0
340.7 471.6 399.7 471.6 399.7 511.6 340.7 511.6 wheat 0
143.8 260.5 240.7 382.6 194.2 419.5 97.3 297.4 wheat 0
169.4 105.5 221.6 141.2 183.7 196.6 131.5 160.9 wheat 0
418.6 47.5 316.8 103.1 290.9 55.7 392.7 0.1 wheat 0
495.7 980.6 554.6 980.6 554.6 1023.0 495.7 1023.0 wheat 0
289.0 979.2 250.4 995.6 218.4 920.0 257.1 903.7 wheat 0
174.4 886.8 215.8 921.6 146.7 1003.6 105.4 968.8 wheat 0
118.7 810.6 198.7 810.6 198.7 859.6 118.7 859.6 wheat 0
281.9 766.6 254.3 809.5 226.6 791.7 254.1 748.7 wheat 0
184.7 652.6 232.7 652.6 232.7 686.6 184.7 686.6 wheat 0
109.7 649.6 141.7 649.6 141.7 704.6 109.7 704.6 wheat 0
210.1 572.3 174.5 627.9 143.3 607.9 179.0 552.4 wheat 0
170.1 478.3 239.0 549.2 209.7 577.6 140.8 506.7 wheat 0
120.7 553.6 53.8 599.4 27.2 560.4 94.1 514.6 wheat 0
23.4 479.4 90.6 507.8 71.1 553.9 3.9 525.4 wheat 0
976.7 123.6 921.3 153.9 879.2 76.7 934.6 46.4 wheat 0
863.6 -0.1 909.0 31.0 864.9 95.3 819.5 64.3 wheat 0
