230.1 135.8 337.5 146.6 330.6 216.3 223.1 205.5 wheat 0
539.7 87.7 591.5 116.0 545.9 199.4 494.2 171.1 wheat 0
706.0 11.5 762.5 69.6 665.6 163.6 609.2 105.5 wheat 0
905.8 90.1 775.5 116.6 761.8 48.9 892.1 22.5 wheat 0
939.1 307.7 858.5 315.8 848.5 216.3 929.1 208.2 wheat 0
274.9 218.5 339.3 262.6 277.7 352.5 213.4 308.5 wheat 0
548.1 425.1 502.9 444.2 479.6 389.0 524.7 369.9 wheat 0
538.7 610.8 618.1 626.8 603.0 701.3 523.6 685.2 wheat 0
744.6 665.5 823.8 699.0 802.0 750.6 722.8 717.1 wheat 0
437.3 849.6 352.8 858.1 344.3 773.5 428.9 765.0 wheat 0
126.3 913.0 203.3 913.0 203.3 1007.0 126.3 1007.0 wheat 0
