380.6 553.3 336.6 566.9 302.9 458.0 346.9 444.4 wheat 0
680.5 821.4 628.7 826.6 621.3 753.0 673.1 747.8 wheat 0
560.7 814.6 602.1 832.1 577.9 889.3 536.5 871.8 wheat 0
415.4 899.9 400.7 952.6 261.3 913.9 276.0 861.2 wheat 0
5.6 693.6 47.7 693.6 47.7 774.6 5.6 774.6 wheat 0
34.7 476.7 70.4 491.8 52.7 533.5 17.1 518.5 wheat 0
143.8 204.6 182.7 216.6 157.4 298.6 118.4 286.5 wheat 0
298.7 236.6 320.4 270.4 268.7 303.6 247.0 269.8 wheat 0
194.9 392.3 213.7 421.6 175.6 446.1 156.7 416.8 wheat 0
248.2 376.3 228.7 414.6 163.9 381.6 183.4 343.3 wheat 0
353.6 758.9 395.8 763.1 387.7 843.6 345.5 839.4 wheat 0
345.7 639.6 375.2 655.7 345.0 711.0 315.5 694.9 wheat 0
410.7 613.8 438.2 651.6 388.7 687.6 361.2 649.8 wheat 0
587.4 280.4 545.7 284.6 537.0 197.8 578.7 193.6 wheat 0
452.7 132.6 483.7 132.6 483.7 215.6 452.7 215.6 wheat 0
342.8 242.7 369.4 254.0 344.2 313.6 317.6 302.4 wheat 0
317.8 571.6 327.7 600.6 283.4 615.8 273.4 586.7 wheat 0
398.4 245.0 444.7 249.6 439.1 305.6 392.8 300.9 wheat 0
616.2 360.5 590.7 392.6 549.3 359.7 574.7 327.6 wheat 0
686.1 354.2 643.7 372.1 599.4 267.1 641.7 249.2 wheat 0
769.7 418.6 803.5 471.1 762.8 497.2 729.1 444.7 wheat 0
732.3 552.2 710.9 594.1 652.9 564.6 674.2 522.6 wheat 0
670.4 629.1 640.9 654.0 588.2 591.5 617.7 566.6 wheat 0
703.7 409.6 705.1 457.7 638.7 459.6 637.3 411.6 wheat 0
828.5 28.0 826.8 51.2 733.7 44.6 735.4 21.4 wheat 0
1014.2 162.8 999.4 201.0 954.7 183.6 969.6 145.5 wheat 0
818.3 36.5 824.1 61.3 749.7 78.6 744.0 53.9 wheat 0
816.9 213.6 840.4 229.6 774.7 325.6 751.3 309.6 wheat 0
903.7 898.0 921.5 936.8 858.0 965.8 840.3 927.1 wheat 0
934.4 756.6 979.7 770.6 957.3 843.3 911.9 829.3 wheat 0
948.8 637.9 932.5 679.7 885.5 661.4 901.7 619.6 wheat 0
778.2 685.3 814.7 712.6 772.7 768.8 736.2 741.5 wheat 0
665.5 602.2 710.6 611.3 688.0 723.0 642.9 713.9 wheat 0
158.2 122.5 198.7 144.6 175.7 186.7 135.2 164.6 wheat 0
84.9 5.6 126.8 34.2 80.7 101.6 38.8 73.0 wheat 0
5.8 53.6 36.7 53.6 36.7 162.6 5.8 162.6 wheat 0
2.7 153.6 49.7 153.6 49.7 221.6 2.7 221.6 wheat 0
276.0 944.3 318.7 948.6 313.8 997.3 271.2 993.0 wheat 0
558.7 981.5 518.6 993.9 501.6 939.0 541.7 926.6 wheat 0
477.9 -0.0 519.5 28.5 492.7 67.6 451.1 39.2 wheat 0
564.3 112.8 599.7 142.6 563.8 185.2 528.4 155.4 wheat 0
988.7 653.6 1009.2 670.8 948.7 742.6 928.3 725.4 wheat 0
925.7 733.6 940.2 758.4 840.7 816.6 826.2 791.8 wheat 0
95.7 950.6 123.4 969.5 86.4 1023.6 58.8 1004.7 wheat 0
904.5 296.9 859.5 306.0 848.7 252.7 893.7 243.6 wheat 0
746.8 334.1 708.6 345.9 698.6 313.4 736.7 301.6 wheat 0
630.2 0.0 676.0 12.2 668.7 39.6 622.9 27.4 wheat 0
237.7 138.6 269.7 138.6 269.7 209.6 237.7 209.6 wheat 0
236.7 198.5 267.5 215.3 249.7 247.7 219.0 231.0 wheat 0
