319.1 197.5 269.1 207.6 251.7 121.7 301.6 111.6 wheat 0
413.8 85.2 327.1 144.5 299.5 104.2 386.2 44.8 wheat 0
536.1 136.5 471.1 180.9 447.1 145.8 512.0 101.4 wheat 0
562.1 159.5 599.1 159.5 599.1 256.5 562.1 256.5 wheat 0
615.1 197.5 655.1 197.5 655.1 284.5 615.1 284.5 wheat 0
747.1 210.5 709.8 218.1 695.2 146.1 732.5 138.5 wheat 0
770.1 305.5 745.4 308.0 736.4 218.8 761.1 216.3 wheat 0
812.1 429.5 774.9 445.2 752.1 391.2 789.2 375.5 wheat 0
921.1 475.5 805.4 498.9 793.5 440.1 909.1 416.7 wheat 0
954.1 333.5 1024.0 333.5 1024.0 382.2 954.1 382.2 wheat 0
958.1 605.5 869.4 680.2 848.9 656.0 937.6 581.3 wheat 0
787.1 757.5 742.6 771.3 729.8 729.7 774.2 716.0 wheat 0
603.1 827.5 654.1 827.5 654.1 871.5 603.1 871.5 wheat 0
899.1 878.5 864.3 914.3 833.7 884.6 868.5 848.8 wheat 0
739.1 998.5 702.2 1023.7 654.9 954.6 691.8 929.4 wheat 0
233.6 383.3 277.7 401.9 252.1 462.5 208.0 443.9 wheat 0
281.9 364.2 344.1 390.5 330.1 423.5 268.0 397.2 wheat 0
375.3 368.8 429.1 391.5 415.4 423.8 361.7 401.1 wheat 0
467.1 312.5 421.5 317.1 415.5 257.3 461.1 252.8 wheat 0
555.0 382.8 608.1 393.5 599.1 437.9 546.0 427.2 wheat 0
471.1 247.5 433.0 268.3 392.0 193.3 430.1 172.5 wheat 0
271.1 294.5 212.8 306.3 198.0 233.2 256.2 221.4 wheat 0
109.1 306.5 157.1 306.5 157.1 368.5 109.1 368.5 wheat 0
95.1 362.5 63.1 380.0 35.6 329.6 67.6 312.2 wheat 0
235.1 79.2 279.8 98.1 247.1 175.5 202.4 156.6 wheat 0
310.6 757.3 341.3 766.8 328.1 809.5 297.4 800.0 wheat 0
