355.1 583.5 316.5 623.2 203.3 513.3 241.8 473.6 wheat 0
781.0 540.6 836.2 551.8 806.1 700.5 750.8 689.3 wheat 0
956.1 584.5 921.1 620.5 853.8 555.1 888.7 519.1 wheat 0
1000.1 559.5 952.3 574.3 924.5 484.3 972.2 469.5 wheat 0
863.5 135.8 892.1 180.2 798.1 240.5 769.6 196.1 wheat 0
934.0 177.9 978.6 196.8 944.1 278.5 899.5 259.6 wheat 0
632.4 212.6 679.9 217.4 670.1 315.5 622.5 310.7 wheat 0
558.8 228.3 586.0 251.2 541.1 304.5 513.9 281.6 wheat 0
406.5 285.7 484.1 318.5 462.8 368.7 385.3 335.9 wheat 0
600.1 408.5 525.0 440.2 504.3 391.2 579.3 359.4 wheat 0
621.8 457.1 668.3 471.5 650.1 530.5 603.5 516.1 wheat 0
761.9 418.5 805.7 442.4 757.1 531.5 713.3 507.6 wheat 0
760.7 449.7 798.9 457.4 767.1 614.5 728.8 606.8 wheat 0
741.1 666.5 694.1 671.2 681.4 544.5 728.3 539.8 wheat 0
750.2 745.3 794.9 759.1 752.1 897.5 707.4 883.7 wheat 0
582.1 742.4 631.7 763.3 599.1 840.5 549.5 819.5 wheat 0
650.1 729.5 585.7 749.4 572.8 707.7 637.2 687.8 wheat 0
609.4 784.7 653.1 814.5 624.2 856.8 580.5 826.9 wheat 0
622.7 850.3 670.7 860.0 658.4 920.8 610.4 911.0 wheat 0
557.4 868.8 603.6 878.2 585.1 969.5 538.8 960.1 wheat 0
507.1 778.5 453.1 789.5 436.8 709.5 490.8 698.5 wheat 0
400.1 699.5 365.9 706.4 350.4 629.9 384.6 623.0 wheat 0
420.1 918.3 348.1 992.5 311.4 956.9 383.5 882.7 wheat 0
92.1 778.5 220.1 778.5 220.1 845.5 92.1 845.5 wheat 0
163.8 845.2 201.5 856.8 182.1 919.5 144.5 907.9 wheat 0
281.1 977.5 201.4 985.5 195.2 923.5 274.8 915.5 wheat 0
266.6 856.5 307.1 898.2 178.1 1023.5 137.6 981.8 wheat 0
83.9 195.5 142.0 213.5 111.1 313.5 53.0 295.5 wheat 0
74.1 275.4 119.8 300.4 76.1 380.5 30.3 355.5 wheat 0
562.1 138.5 511.3 143.6 499.0 21.6 549.8 16.5 wheat 0
502.1 119.5 431.0 133.9 414.8 54.2 485.9 39.8 wheat 0
292.1 185.5 234.9 224.6 167.3 125.8 224.5 86.7 wheat 0
154.1 62.5 252.1 62.5 252.1 109.5 154.1 109.5 wheat 0
110.1 109.5 48.1 135.7 9.5 44.5 71.5 18.3 wheat 0
307.1 332.5 351.1 332.5 351.1 385.5 307.1 385.5 wheat 0
438.1 980.5 512.1 980.5 512.1 1022.5 438.1 1022.5 wheat 0
868.1 890.5 919.3 890.5 919.3 1024.0 868.1 1024.0 wheat 0
580.2 81.1 630.5 108.6 584.1 193.5 533.8 166.1 wheat 0
