465.7 394.6 382.2 451.7 359.3 418.2 442.8 361.1 wheat 0
613.7 418.6 558.8 424.1 555.2 388.5 610.2 383.0 wheat 0
697.2 133.7 733.4 141.1 717.3 220.5 681.1 213.1 wheat 0
783.7 204.6 812.7 204.6 812.7 238.6 783.7 238.6 wheat 0
849.1 232.1 875.6 237.5 871.4 258.1 844.9 252.7 wheat 0
905.1 222.8 933.9 247.1 905.7 280.6 876.9 256.3 wheat 0
588.8 992.6 548.0 1005.2 525.8 933.5 566.6 920.9 wheat 0
740.0 969.7 776.8 994.9 757.6 1023.0 720.7 997.8 wheat 0
898.7 956.6 932.7 956.6 932.7 1012.6 898.7 1012.6 wheat 0
446.1 978.9 474.7 994.6 459.1 1023.3 430.4 1007.6 wheat 0
222.7 980.6 253.6 980.6 253.6 1023.0 222.7 1023.0 wheat 0
458.5 219.5 427.2 245.9 405.9 220.7 437.3 194.3 wheat 0
415.2 262.6 489.5 313.4 474.3 335.7 400.0 284.8 wheat 0
645.8 222.7 607.6 234.5 593.7 189.6 631.9 177.8 wheat 0
432.7 349.3 389.4 367.6 377.8 340.0 421.0 321.6 wheat 0
315.6 258.9 357.8 287.8 338.7 315.6 296.5 286.7 wheat 0
257.7 358.6 222.7 377.7 207.4 349.7 242.4 330.6 wheat 0
303.7 350.6 276.8 369.0 258.8 342.7 285.8 324.3 wheat 0
204.7 139.6 243.7 139.6 243.7 198.6 204.7 198.6 wheat 0
194.2 220.5 231.2 251.7 206.7 280.7 169.7 249.6 wheat 0
79.7 92.6 48.8 105.7 24.2 47.5 55.1 34.4 wheat 0
52.1 191.8 29.5 196.3 18.4 141.5 40.9 136.9 wheat 0
18.5 268.9 56.5 272.7 52.7 310.6 14.7 306.8 wheat 0
112.3 250.2 90.7 254.5 85.2 227.1 106.7 222.7 wheat 0
