949.9 951.2 911.2 967.6 879.6 893.0 918.3 876.6 wheat 0
923.0 882.2 873.8 909.1 858.5 881.0 907.6 854.2 wheat 0
808.2 872.4 870.5 936.6 846.7 959.6 784.5 895.5 wheat 0
998.5 900.5 1023.4 903.0 1017.9 957.7 993.1 955.2 wheat 0
778.5 726.8 851.0 749.2 839.7 785.6 767.3 763.2 wheat 0
765.6 766.3 818.1 782.6 806.9 818.9 754.3 802.6 wheat 0
780.3 675.5 834.2 686.4 828.2 715.8 774.3 704.9 wheat 0
952.7 645.8 1021.5 683.4 1007.7 708.6 938.9 671.0 wheat 0
835.8 479.2 926.3 488.2 922.7 524.1 832.2 515.0 wheat 0
864.9 434.3 912.8 460.5 900.6 482.8 852.7 456.6 wheat 0
947.7 569.6 972.7 569.6 972.7 598.6 947.7 598.6 wheat 0
768.7 537.6 640.9 607.4 619.2 567.7 747.0 497.8 wheat 0
681.4 743.0 634.6 747.7 623.1 632.3 669.8 627.6 wheat 0
614.2 794.1 699.2 820.4 690.3 849.1 605.3 822.8 wheat 0
564.7 780.6 641.7 780.6 641.7 815.6 564.7 815.6 wheat 0
748.0 904.7 678.9 934.0 666.5 904.5 735.5 875.3 wheat 0
720.1 921.6 632.7 1011.6 601.7 981.5 689.1 891.5 wheat 0
576.7 882.6 605.7 882.6 605.7 917.6 576.7 917.6 wheat 0
590.7 660.6 628.7 660.6 628.7 697.6 590.7 697.6 wheat 0
658.3 324.9 741.7 381.9 722.7 409.6 639.4 352.6 wheat 0
539.7 429.7 656.3 465.7 641.8 512.5 525.2 476.5 wheat 0
902.7 312.6 796.7 401.9 771.2 371.6 877.2 282.3 wheat 0
834.2 197.0 948.8 341.3 925.7 359.6 811.2 215.3 wheat 0
764.2 143.4 674.7 204.6 646.8 163.7 736.3 102.5 wheat 0
834.7 125.6 786.9 158.3 764.0 124.9 811.8 92.1 wheat 0
871.7 87.6 1019.8 102.5 1016.1 139.7 868.0 124.8 wheat 0
896.7 167.6 916.7 167.6 916.7 196.6 896.7 196.6 wheat 0
485.0 592.7 544.4 625.1 527.7 655.6 468.3 623.1 wheat 0
457.6 445.2 557.0 487.2 540.7 525.6 441.3 483.6 wheat 0
488.3 373.8 601.1 408.7 588.7 448.6 475.9 413.7 wheat 0
577.8 397.8 552.2 415.3 512.7 357.5 538.3 340.0 wheat 0
565.4 121.0 639.9 144.0 628.1 182.2 553.6 159.2 wheat 0
475.9 104.0 556.8 172.2 533.7 199.6 452.8 131.4 wheat 0
494.6 73.8 551.7 132.6 534.7 149.1 477.6 90.3 wheat 0
386.7 27.9 468.7 62.6 453.1 99.6 371.0 64.9 wheat 0
614.3 48.7 583.5 65.5 556.2 15.5 586.9 -1.3 wheat 0
325.8 80.7 291.4 109.7 272.7 87.5 307.1 58.5 wheat 0
372.4 194.5 408.6 201.8 398.1 253.8 361.8 246.4 wheat 0
333.3 232.3 435.8 275.6 422.7 306.6 320.2 263.3 wheat 0
282.1 236.6 402.9 319.2 380.7 351.6 259.9 269.0 wheat 0
430.7 353.6 468.7 353.6 468.7 449.6 430.7 449.6 wheat 0
367.5 391.0 258.6 424.7 248.0 390.3 356.9 356.6 wheat 0
329.4 360.6 303.8 378.1 263.1 318.7 288.7 301.2 wheat 0
436.3 532.1 407.7 551.6 339.9 452.5 368.5 433.0 wheat 0
318.0 447.3 385.2 475.7 366.5 519.9 299.3 491.5 wheat 0
473.7 687.6 439.5 716.4 399.8 669.3 434.0 640.5 wheat 0
454.8 894.1 487.7 916.6 448.3 974.3 415.3 951.8 wheat 0
323.3 818.4 378.6 875.4 355.7 897.6 300.4 840.6 wheat 0
272.6 734.1 365.2 743.3 361.9 776.2 269.3 766.9 wheat 0
335.6 807.2 261.1 830.3 249.9 794.0 324.4 770.9 wheat 0
185.0 799.9 305.1 811.9 301.8 844.7 181.7 832.6 wheat 0
288.2 916.4 326.9 932.8 297.3 1002.8 258.6 986.4 wheat 0
188.4 776.2 138.2 797.4 85.6 672.8 135.7 651.6 wheat 0
86.0 736.8 222.7 779.1 214.4 805.9 77.7 763.6 wheat 0
38.5 618.9 122.7 664.9 105.0 697.4 20.7 651.3 wheat 0
7.7 495.6 91.7 495.6 91.7 535.6 7.7 535.6 wheat 0
116.1 872.0 193.8 887.8 185.7 927.6 108.0 911.9 wheat 0
138.7 951.6 184.2 989.9 161.2 1017.2 115.7 978.9 wheat 0
5.7 825.6 71.7 825.6 71.7 862.6 5.7 862.6 wheat 0
11.7 859.6 98.7 859.6 98.7 892.6 11.7 892.6 wheat 0
60.3 60.0 100.8 94.1 82.2 116.3 41.6 82.1 wheat 0
64.1 105.0 36.9 133.0 10.4 107.2 37.6 79.2 wheat 0
1.7 4.6 146.7 4.6 146.7 44.6 1.7 44.6 wheat 0
114.9 581.7 177.0 600.9 167.6 631.5 105.5 612.3 wheat 0
