377.3 31.0 425.3 31.0 425.3 188.0 377.3 188.0 wheat 0
557.7 15.0 602.6 28.9 563.9 154.1 519.0 140.2 wheat 0
747.0 245.7 621.6 258.2 617.6 218.4 743.0 205.9 wheat 0
530.3 281.0 595.3 281.0 595.3 320.0 530.3 320.0 wheat 0
527.3 334.0 577.3 334.0 577.3 386.0 527.3 386.0 wheat 0
491.7 198.9 528.9 210.4 508.0 278.2 470.7 266.7 wheat 0
385.3 200.0 431.3 200.0 431.3 255.0 385.3 255.0 wheat 0
329.3 161.0 368.3 161.0 368.3 217.0 329.3 217.0 wheat 0
320.8 261.8 357.7 281.9 319.8 351.3 283.0 331.1 wheat 0
532.5 687.3 473.7 699.2 438.1 523.8 496.9 511.9 wheat 0
677.1 642.5 597.7 658.6 588.6 613.5 667.9 597.5 wheat 0
407.0 736.8 364.0 750.1 342.7 681.3 385.7 668.0 wheat 0
522.3 762.2 458.6 775.1 451.3 738.9 515.0 726.0 wheat 0
500.1 812.5 605.4 870.0 580.5 915.6 475.2 858.1 wheat 0
357.5 996.7 314.7 1001.0 306.1 915.4 348.9 911.1 wheat 0
114.3 261.0 214.3 261.0 214.3 308.0 114.3 308.0 wheat 0
19.9 321.2 163.8 399.9 144.1 435.8 0.2 357.2 wheat 0
