776.1 129.5 848.1 129.5 848.1 380.5 776.1 380.5 wheat 0
644.6 497.6 852.1 639.5 814.8 694.0 607.3 552.1 wheat 0
747.1 839.5 584.6 855.8 579.2 802.2 741.7 785.9 wheat 0
474.0 582.5 566.1 698.5 523.3 732.5 431.2 616.5 wheat 0
326.0 778.5 551.1 901.5 524.9 949.4 299.8 826.4 wheat 0
656.1 958.5 603.0 994.8 525.7 881.9 578.8 845.6 wheat 0
810.1 772.5 768.0 776.7 758.9 686.1 801.0 681.9 wheat 0
109.6 505.8 166.0 529.6 70.1 756.5 13.6 732.7 wheat 0
181.7 640.3 226.1 686.0 101.1 807.5 56.7 761.8 wheat 0
187.3 739.4 242.7 762.8 200.1 863.5 144.7 840.1 wheat 0
562.1 214.5 516.5 245.7 399.4 74.5 444.9 43.3 wheat 0
506.6 0.0 575.1 0.0 575.1 159.5 506.6 159.5 wheat 0
810.1 43.5 1019.1 43.5 1019.1 100.5 810.1 100.5 wheat 0
256.1 211.5 350.1 211.5 350.1 269.5 256.1 269.5 wheat 0
9.2 239.6 175.7 256.3 170.1 312.5 3.5 295.8 wheat 0
279.3 299.4 324.0 313.2 300.1 390.5 255.4 376.7 wheat 0
341.1 327.5 410.1 327.5 410.1 365.5 341.1 365.5 wheat 0
620.1 207.5 672.1 207.5 672.1 325.5 620.1 325.5 wheat 0
455.1 189.5 399.8 212.9 326.1 38.5 381.4 15.2 wheat 0
291.1 152.5 241.8 162.5 229.8 103.4 279.1 93.4 wheat 0
