402.3 330.2 338.1 350.1 282.1 168.8 346.3 149.0 wheat 0
796.1 530.1 491.6 658.8 463.6 592.6 768.1 463.8 wheat 0
433.1 718.1 647.1 718.1 647.1 797.1 433.1 797.1 wheat 0
49.1 739.1 244.1 739.1 244.1 807.1 49.1 807.1 wheat 0
712.1 666.1 833.1 666.1 833.1 733.1 712.1 733.1 wheat 0
67.1 551.1 178.1 551.1 178.1 599.1 67.1 599.1 wheat 0
242.0 222.4 173.2 243.7 120.3 72.7 189.1 51.4 wheat 0
579.0 167.2 771.3 248.5 746.1 308.1 553.8 226.8 wheat 0
739.7 893.9 509.5 991.2 484.6 932.3 714.8 834.9 wheat 0
216.1 294.5 144.2 333.8 74.2 205.7 146.1 166.4 wheat 0
