374.3 288.8 521.6 303.6 514.3 376.2 367.0 361.5 wheat 0
480.7 69.3 549.3 83.2 525.9 198.8 457.3 184.9 wheat 0
439.5 123.4 406.0 175.6 283.1 96.7 316.6 44.5 wheat 0
166.8 225.0 110.1 230.7 100.8 138.1 157.5 132.4 wheat 0
47.3 261.0 111.3 261.0 111.3 336.0 47.3 336.0 wheat 0
169.3 505.7 133.8 550.3 34.4 471.4 69.8 426.7 wheat 0
254.2 478.8 293.9 519.7 193.5 617.3 153.7 576.4 wheat 0
245.3 479.0 322.3 479.0 322.3 533.0 245.3 533.0 wheat 0
440.4 463.9 378.3 483.0 349.6 390.2 411.6 371.0 wheat 0
653.7 466.8 686.1 507.6 616.3 563.0 583.9 522.2 wheat 0
831.3 398.0 899.3 398.0 899.3 475.0 831.3 475.0 wheat 0
815.3 270.0 871.3 270.0 871.3 357.0 815.3 357.0 wheat 0
928.8 153.5 976.7 173.7 931.9 279.6 884.0 259.4 wheat 0
774.3 101.0 831.3 101.0 831.3 191.0 774.3 191.0 wheat 0
745.8 11.5 840.3 20.9 833.8 85.6 739.3 76.1 wheat 0
178.1 622.0 219.1 673.7 116.5 755.1 75.5 703.4 wheat 0
813.1 765.5 967.3 780.9 960.6 847.6 806.4 832.1 wheat 0
821.3 783.4 777.3 802.0 746.3 728.8 790.3 710.2 wheat 0
661.6 879.1 585.2 902.8 571.0 856.9 647.4 833.3 wheat 0
333.3 955.0 426.3 955.0 426.3 1023.0 333.3 1023.0 wheat 0
336.5 417.2 386.5 444.5 349.1 512.9 299.1 485.6 wheat 0
250.6 200.2 199.4 235.2 152.0 165.9 203.2 130.9 wheat 0
