170.1 276.5 219.1 276.5 219.1 376.5 170.1 376.5 wheat 0
201.1 180.5 265.1 180.5 265.1 334.5 201.1 334.5 wheat 0
487.1 748.5 397.2 841.1 357.5 802.6 447.4 710.0 wheat 0
603.8 689.8 660.1 720.5 571.1 883.5 514.8 852.8 wheat 0
836.6 784.6 954.1 883.5 914.2 930.9 796.7 831.9 wheat 0
714.1 488.5 678.0 518.9 618.3 447.9 654.3 417.5 wheat 0
814.1 440.5 744.9 478.3 714.7 423.0 783.9 385.2 wheat 0
875.4 397.2 938.9 410.1 928.1 463.5 864.6 450.6 wheat 0
61.8 220.1 136.1 251.5 113.3 305.4 39.0 274.0 wheat 0
92.8 334.7 145.1 345.3 133.1 404.5 80.8 393.9 wheat 0
475.1 852.5 426.2 867.6 412.3 822.8 461.2 807.7 wheat 0
387.1 855.5 336.8 871.1 324.7 832.2 375.0 816.6 wheat 0
151.2 857.6 210.9 863.6 206.9 903.4 147.2 897.4 wheat 0
236.1 837.8 278.8 842.0 275.1 879.5 232.3 875.2 wheat 0
166.1 977.5 276.0 977.5 276.0 1024.0 166.1 1024.0 wheat 0
953.9 922.4 1007.7 933.3 994.1 1000.5 940.3 989.6 wheat 0
843.0 923.6 903.3 949.1 884.1 994.5 823.8 969.0 wheat 0
916.5 749.5 959.3 758.2 948.1 813.5 905.3 804.8 wheat 0
811.4 331.7 873.1 344.2 863.8 390.3 802.0 377.8 wheat 0
943.8 219.8 988.0 257.0 926.1 330.5 881.9 293.3 wheat 0
929.4 144.6 965.9 175.3 916.1 234.5 879.6 203.8 wheat 0
706.5 263.8 757.5 274.2 747.6 323.2 696.6 312.8 wheat 0
609.4 255.0 645.1 262.3 634.1 316.5 598.4 309.3 wheat 0
17.6 25.2 83.8 31.9 68.1 188.5 1.9 181.9 wheat 0
789.2 135.4 837.5 145.2 828.1 191.5 779.8 181.7 wheat 0
