755.8 410.2 886.2 423.3 880.7 478.0 750.3 464.9 wheat 0
794.2 335.7 945.5 382.5 930.1 432.4 778.7 385.6 wheat 0
664.5 318.6 786.9 330.9 781.9 380.6 659.5 368.4 wheat 0
632.2 265.8 735.8 286.9 729.4 318.6 625.7 297.6 wheat 0
613.9 370.5 463.7 385.6 460.6 354.2 610.8 339.1 wheat 0
549.4 406.7 689.7 420.8 685.0 467.5 544.7 453.5 wheat 0
1017.0 657.9 930.7 684.6 918.9 646.2 1005.1 619.6 wheat 0
802.7 907.6 655.7 953.1 635.5 888.0 782.6 842.5 wheat 0
350.7 693.8 482.1 720.4 472.7 766.5 341.4 739.8 wheat 0
627.8 828.6 533.1 926.2 503.7 897.6 598.4 800.1 wheat 0
693.3 874.0 529.3 943.3 510.2 898.2 674.2 828.9 wheat 0
654.7 932.1 523.9 1021.6 489.7 971.6 620.5 882.1 wheat 0
252.7 927.6 79.6 1022.2 63.3 992.2 236.4 897.6 wheat 0
344.9 916.0 193.7 998.6 165.8 947.5 317.0 864.9 wheat 0
358.7 767.6 246.7 790.3 240.6 760.6 352.7 737.8 wheat 0
394.7 652.9 437.7 676.4 413.8 720.3 370.7 696.8 wheat 0
269.9 584.6 391.3 596.8 387.5 634.6 266.1 622.4 wheat 0
345.7 543.2 226.0 580.2 216.6 549.8 336.3 512.8 wheat 0
285.7 539.6 177.1 550.5 174.1 520.1 282.7 509.2 wheat 0
54.7 577.6 204.7 577.6 204.7 618.6 54.7 618.6 wheat 0
5.7 468.6 102.7 468.6 102.7 508.6 5.7 508.6 wheat 0
20.4 388.2 107.4 415.1 94.1 458.1 7.1 431.2 wheat 0
79.7 443.6 194.7 443.6 194.7 482.6 79.7 482.6 wheat 0
262.8 161.1 428.0 177.6 423.7 220.6 258.5 204.0 wheat 0
392.2 78.3 564.9 113.3 556.7 153.6 384.0 118.6 wheat 0
479.4 132.6 617.7 160.6 611.0 193.6 472.7 165.6 wheat 0
503.7 168.9 640.0 182.5 636.8 214.4 500.5 200.7 wheat 0
523.4 24.8 686.2 113.7 662.7 156.6 499.9 67.7 wheat 0
673.5 6.3 841.7 23.2 837.0 69.9 668.8 53.1 wheat 0
110.8 122.3 5.3 132.8 2.7 107.0 108.2 96.4 wheat 0
506.7 952.4 403.5 1023.0 383.8 994.1 486.9 923.5 wheat 0
763.1 213.5 824.8 226.0 821.4 242.7 759.7 230.2 wheat 0
