651.1 69.1 829.1 69.1 829.1 124.1 651.1 124.1 wheat 0
118.1 344.1 265.1 344.1 265.1 409.1 118.1 409.1 wheat 0
233.1 546.1 351.1 546.1 351.1 607.1 233.1 607.1 wheat 0
137.1 645.1 221.1 645.1 221.1 706.1 137.1 706.1 wheat 0
76.1 472.1 182.1 472.1 182.1 538.1 76.1 538.1 wheat 0
308.1 442.1 390.1 442.1 390.1 550.1 308.1 550.1 wheat 0
501.1 481.1 605.1 481.1 605.1 557.1 501.1 557.1 wheat 0
623.1 466.1 710.1 466.1 710.1 579.1 623.1 579.1 wheat 0
620.1 356.1 741.1 356.1 741.1 412.1 620.1 412.1 wheat 0
530.1 425.1 615.1 425.1 615.1 501.1 530.1 501.1 wheat 0
801.1 142.1 898.1 142.1 898.1 209.1 801.1 209.1 wheat 0
646.1 230.1 735.1 230.1 735.1 277.1 646.1 277.1 wheat 0
439.1 171.1 548.1 171.1 548.1 248.1 439.1 248.1 wheat 0
573.1 159.1 652.1 159.1 652.1 234.1 573.1 234.1 wheat 0
38.1 245.1 154.1 245.1 154.1 299.1 38.1 299.1 wheat 0
255.1 257.1 330.1 257.1 330.1 300.1 255.1 300.1 wheat 0
321.1 327.1 409.1 327.1 409.1 386.1 321.1 386.1 wheat 0
407.1 353.1 478.1 353.1 478.1 397.1 407.1 397.1 wheat 0
94.1 72.1 220.1 72.1 220.1 172.1 94.1 172.1 wheat 0
65.1 751.1 202.1 751.1 202.1 818.1 65.1 818.1 wheat 0
245.1 715.1 344.1 715.1 344.1 796.1 245.1 796.1 wheat 0
402.1 664.1 489.1 664.1 489.1 719.1 402.1 719.1 wheat 0
229.1 630.1 337.1 630.1 337.1 679.1 229.1 679.1 wheat 0
670.1 672.1 723.1 672.1 723.1 797.1 670.1 797.1 wheat 0
233.1 819.1 314.1 819.1 314.1 869.1 233.1 869.1 wheat 0
538.1 272.1 634.1 272.1 634.1 326.1 538.1 326.1 wheat 0
844.1 469.1 926.1 469.1 926.1 563.1 844.1 563.1 wheat 0
658.1 598.1 743.1 598.1 743.1 644.1 658.1 644.1 wheat 0
588.1 617.1 675.1 617.1 675.1 659.1 588.1 659.1 wheat 0
485.1 701.1 592.1 701.1 592.1 750.1 485.1 750.1 wheat 0
392.1 750.1 462.1 750.1 462.1 793.1 392.1 793.1 wheat 0
349.1 854.1 443.1 854.1 443.1 905.1 349.1 905.1 wheat 0
272.1 884.1 373.1 884.1 373.1 936.1 272.1 936.1 wheat 0
89.1 938.1 241.1 938.1 241.1 999.1 89.1 999.1 wheat 0
100.1 818.1 218.1 818.1 218.1 879.1 100.1 879.1 wheat 0
47.1 862.1 127.1 862.1 127.1 908.1 47.1 908.1 wheat 0
18.1 883.1 79.1 883.1 79.1 935.1 18.1 935.1 wheat 0
79.1 893.1 158.1 893.1 158.1 936.1 79.1 936.1 wheat 0
910.1 648.1 966.1 648.1 966.1 697.1 910.1 697.1 wheat 0
764.1 665.1 847.1 665.1 847.1 729.1 764.1 729.1 wheat 0
865.1 775.1 948.1 775.1 948.1 810.1 865.1 810.1 wheat 0
884.1 803.1 935.1 803.1 935.1 872.1 884.1 872.1 wheat 0
382.1 17.1 454.1 17.1 454.1 64.1 382.1 64.1 wheat 0
473.2 194.2 414.3 243.8 326.1 139.0 385.0 89.4 wheat 0
495.9 140.4 459.0 178.4 389.4 110.8 426.3 72.8 wheat 0
888.1 60.1 983.1 60.1 983.1 106.1 888.1 106.1 wheat 0
725.1 0.1 897.1 0.1 897.1 51.1 725.1 51.1 wheat 0
874.1 273.1 967.1 273.1 967.1 333.1 874.1 333.1 wheat 0
888.1 227.1 962.1 227.1 962.1 270.1 888.1 270.1 wheat 0
433.1 925.1 557.1 925.1 557.1 977.1 433.1 977.1 wheat 0
614.1 932.1 703.1 932.1 703.1 969.1 614.1 969.1 wheat 0
756.1 933.1 892.1 933.1 892.1 980.1 756.1 980.1 wheat 0
661.1 772.0 514.1 834.1 491.1 779.5 638.0 717.4 wheat 0
121.1 417.1 229.1 417.1 229.1 464.1 121.1 464.1 wheat 0
70.1 587.1 145.1 587.1 145.1 666.1 70.1 666.1 wheat 0
696.6 847.7 660.7 878.0 604.6 811.4 640.6 781.2 wheat 0
