622.3 385.0 516.4 442.9 490.2 395.0 596.2 337.2 wheat 0
660.3 496.0 563.9 562.0 530.7 513.5 627.1 447.5 wheat 0
609.7 657.6 523.2 666.3 517.9 613.5 604.5 604.8 wheat 0
683.3 858.0 525.5 873.9 520.2 821.1 678.0 805.2 wheat 0
741.3 730.4 655.6 802.6 625.3 766.6 711.0 694.5 wheat 0
842.0 750.5 765.3 803.0 737.6 762.6 814.4 710.1 wheat 0
712.3 806.0 772.3 806.0 772.3 879.0 712.3 879.0 wheat 0
619.1 904.1 685.3 932.0 664.9 980.3 598.7 952.3 wheat 0
199.3 562.0 339.3 562.0 339.3 619.0 199.3 619.0 wheat 0
210.3 485.0 166.1 498.7 126.4 370.6 170.7 356.9 wheat 0
364.5 324.1 395.0 362.5 315.1 425.9 284.6 387.6 wheat 0
384.7 227.8 338.6 247.3 304.0 165.3 350.0 145.8 wheat 0
237.6 231.1 208.3 276.8 110.0 213.7 139.3 168.0 wheat 0
47.3 183.7 106.6 202.0 69.3 322.4 10.1 304.1 wheat 0
130.2 361.9 31.8 392.3 19.4 352.2 117.8 321.8 wheat 0
191.5 547.2 138.9 563.4 116.2 489.9 168.7 473.6 wheat 0
62.3 752.0 140.3 752.0 140.3 807.0 62.3 807.0 wheat 0
828.3 63.0 655.8 98.0 646.1 50.0 818.6 15.1 wheat 0
570.9 153.4 627.6 159.1 618.8 246.7 562.1 241.0 wheat 0
707.3 127.0 778.3 127.0 778.3 178.0 707.3 178.0 wheat 0
816.3 141.0 913.3 141.0 913.3 195.0 816.3 195.0 wheat 0
900.3 92.0 948.3 92.0 948.3 174.0 900.3 174.0 wheat 0
861.3 274.0 978.3 274.0 978.3 320.0 861.3 320.0 wheat 0
971.7 206.2 1016.3 236.6 942.9 343.9 898.3 313.4 wheat 0
882.5 393.0 758.1 418.2 749.1 374.1 873.6 348.9 wheat 0
734.3 301.0 807.3 301.0 807.3 357.0 734.3 357.0 wheat 0
709.7 347.9 622.2 384.9 605.9 346.2 693.4 309.2 wheat 0
844.3 723.0 901.3 723.0 901.3 790.0 844.3 790.0 wheat 0
922.3 880.0 979.3 880.0 979.3 971.0 922.3 971.0 wheat 0
