495.7 690.9 625.1 717.1 617.7 753.4 488.4 727.1 wheat 0
413.8 678.7 508.4 708.0 498.6 739.5 404.1 710.3 wheat 0
387.5 713.6 500.2 736.4 493.0 771.7 380.3 748.8 wheat 0
381.7 761.6 490.7 761.6 490.7 790.6 381.7 790.6 wheat 0
361.7 663.6 273.7 700.9 260.2 669.0 348.3 631.7 wheat 0
223.5 742.0 82.4 770.6 76.0 739.2 217.1 710.6 wheat 0
59.7 750.4 134.7 773.6 125.2 804.5 50.2 781.3 wheat 0
233.6 798.2 360.1 810.8 356.7 844.6 230.2 831.9 wheat 0
227.7 826.6 111.3 838.3 108.9 814.1 225.3 802.4 wheat 0
122.9 828.2 257.6 855.5 250.7 889.6 116.0 862.3 wheat 0
457.0 836.5 520.7 842.9 518.4 865.8 454.7 859.4 wheat 0
582.9 873.1 437.4 902.6 432.1 876.4 577.6 846.9 wheat 0
411.7 898.6 308.1 909.0 304.8 875.6 408.4 865.2 wheat 0
409.7 965.6 279.3 1006.0 270.1 976.3 400.6 935.9 wheat 0
125.4 918.9 14.0 930.1 10.1 891.3 121.5 880.1 wheat 0
100.7 894.6 17.0 930.0 3.0 897.0 86.8 861.6 wheat 0
869.7 876.6 807.3 882.9 804.1 850.5 866.5 844.2 wheat 0
821.5 888.0 903.8 896.2 900.7 926.6 818.5 918.4 wheat 0
998.7 942.6 923.1 950.2 919.9 918.3 995.5 910.7 wheat 0
892.4 744.9 950.7 769.6 939.7 795.6 881.4 771.0 wheat 0
920.9 741.0 850.3 748.1 847.6 721.2 918.2 714.1 wheat 0
808.7 637.5 881.6 644.9 877.7 683.9 804.7 676.6 wheat 0
589.7 605.6 682.7 605.6 682.7 633.6 589.7 633.6 wheat 0
548.6 486.4 654.1 497.0 650.8 529.8 545.4 519.2 wheat 0
651.3 490.2 754.1 511.1 747.7 542.6 644.9 521.8 wheat 0
703.7 548.2 603.7 568.4 597.8 539.0 697.7 518.8 wheat 0
621.2 571.5 723.7 581.8 721.2 606.7 618.7 596.4 wheat 0
241.7 587.6 216.0 609.3 112.2 486.2 138.0 464.5 wheat 0
65.7 604.6 189.7 604.6 189.7 638.6 65.7 638.6 wheat 0
204.9 471.3 180.7 491.6 96.7 391.9 120.9 371.5 wheat 0
167.7 479.6 268.7 479.6 268.7 506.6 167.7 506.6 wheat 0
316.7 475.6 220.8 485.2 217.4 451.7 313.4 442.1 wheat 0
425.9 480.2 298.5 492.9 295.6 464.1 423.0 451.3 wheat 0
260.7 425.6 180.2 433.7 178.0 411.6 258.5 403.5 wheat 0
16.7 386.6 127.7 386.6 127.7 434.6 16.7 434.6 wheat 0
166.3 373.0 295.2 385.9 292.7 410.6 163.8 397.7 wheat 0
149.7 292.7 238.7 353.6 228.0 369.3 139.0 308.4 wheat 0
105.9 213.2 192.7 272.6 176.7 296.1 89.9 236.7 wheat 0
36.1 256.7 124.0 283.9 115.4 311.6 27.5 284.4 wheat 0
348.7 163.6 253.7 182.9 246.9 149.5 342.0 130.3 wheat 0
342.2 82.1 432.5 120.2 417.3 156.2 327.0 118.0 wheat 0
459.7 173.6 392.1 180.4 388.5 144.5 456.1 137.7 wheat 0
368.7 278.2 456.2 315.2 445.7 340.0 358.2 303.1 wheat 0
456.8 458.7 428.5 482.5 373.7 417.5 402.0 393.7 wheat 0
423.7 399.6 516.7 399.6 516.7 436.6 423.7 436.6 wheat 0
436.4 367.0 524.6 384.8 519.1 412.3 430.9 394.4 wheat 0
530.9 392.7 658.5 418.5 650.7 456.6 523.2 430.8 wheat 0
546.3 298.1 625.8 365.0 601.7 393.6 522.2 326.6 wheat 0
528.3 253.8 642.9 316.4 624.7 349.6 510.1 287.0 wheat 0
455.8 206.3 532.2 221.8 523.7 263.9 447.2 248.4 wheat 0
719.6 259.0 819.5 313.6 804.7 340.6 704.9 286.1 wheat 0
672.0 369.1 734.8 388.5 726.7 414.6 663.9 395.2 wheat 0
651.5 415.2 718.1 428.7 712.0 459.1 645.3 445.6 wheat 0
779.7 425.7 812.2 443.5 788.7 486.5 756.3 468.7 wheat 0
879.2 430.9 952.0 470.7 935.3 501.4 862.4 461.6 wheat 0
976.7 500.6 884.1 509.9 881.5 483.4 974.1 474.1 wheat 0
734.6 129.7 817.2 174.9 803.7 199.6 721.1 154.5 wheat 0
502.2 120.2 599.6 150.3 591.3 177.1 493.9 146.9 wheat 0
614.0 164.3 670.8 195.3 659.7 215.6 603.0 184.6 wheat 0
413.9 44.3 548.9 86.1 539.7 115.6 404.8 73.9 wheat 0
616.1 65.5 697.1 99.7 687.4 122.8 606.3 88.5 wheat 0
853.8 159.3 817.5 170.6 795.7 99.9 832.0 88.7 wheat 0
803.5 32.6 882.2 57.0 872.7 87.6 794.1 63.3 wheat 0
899.8 20.8 1001.1 63.6 983.7 104.6 882.5 61.8 wheat 0
12.7 114.6 142.7 114.6 142.7 141.6 12.7 141.6 wheat 0
