665.3 635.4 764.1 655.5 752.7 711.6 653.9 691.6 wheat 0
766.4 505.4 848.5 550.3 823.7 595.6 741.7 550.8 wheat 0
905.1 461.2 990.7 497.5 962.7 563.6 877.1 527.4 wheat 0
661.7 468.6 714.0 504.4 670.7 567.6 618.4 531.8 wheat 0
972.7 425.6 908.8 432.0 904.5 389.7 968.5 383.3 wheat 0
774.4 282.9 724.4 293.1 712.1 232.3 762.1 222.2 wheat 0
808.6 0.7 855.3 48.8 797.9 104.5 751.2 56.5 wheat 0
1023.7 121.6 977.1 126.3 970.2 57.4 1016.8 52.8 wheat 0
578.7 203.6 515.7 216.4 506.2 169.6 569.2 156.8 wheat 0
354.3 159.5 313.7 193.6 220.3 82.6 260.8 48.5 wheat 0
254.8 373.2 188.1 379.8 183.7 335.1 250.3 328.4 wheat 0
254.8 621.9 188.9 705.0 142.7 668.3 208.6 585.3 wheat 0
294.7 706.4 222.7 755.6 198.1 719.6 270.1 670.3 wheat 0
356.7 708.6 505.7 708.6 505.7 744.6 356.7 744.6 wheat 0
491.3 720.6 390.4 775.7 371.2 740.6 472.1 685.5 wheat 0
412.8 814.6 468.6 825.9 455.7 889.6 399.8 878.3 wheat 0
527.9 916.8 581.7 984.6 554.1 1006.5 500.3 938.7 wheat 0
552.7 1005.6 511.5 1023.1 484.9 960.3 526.2 942.9 wheat 0
142.2 829.2 205.7 842.1 185.7 940.6 122.2 927.7 wheat 0
192.3 885.2 248.9 932.9 219.2 968.0 162.6 920.4 wheat 0
39.7 942.6 110.7 942.6 110.7 1022.6 39.7 1022.6 wheat 0
114.7 558.6 65.4 585.5 7.1 478.7 56.4 451.8 wheat 0
36.9 74.4 130.7 138.6 95.7 189.8 1.8 125.6 wheat 0
321.4 300.9 371.7 335.3 349.1 368.3 298.8 333.9 wheat 0
