350.1 242.5 279.3 264.4 218.7 68.6 289.5 46.7 wheat 0
71.0 159.6 284.1 225.5 265.9 284.1 52.9 218.2 wheat 0
453.4 544.4 377.8 552.0 373.5 509.1 449.1 501.5 wheat 0
527.1 515.5 462.0 528.7 451.7 478.2 516.8 465.0 wheat 0
802.8 300.9 852.2 327.9 736.1 540.5 686.7 513.5 wheat 0
696.6 518.8 738.7 547.6 658.1 665.5 616.0 636.7 wheat 0
588.1 790.5 504.5 798.9 478.3 537.5 561.8 529.1 wheat 0
388.2 656.5 675.1 656.5 675.1 719.7 388.2 719.7 wheat 0
288.9 538.5 346.7 550.2 322.1 671.5 264.3 659.8 wheat 0
168.1 611.5 99.2 640.6 2.0 410.5 70.8 381.4 wheat 0
327.1 876.5 269.5 915.9 153.5 746.4 211.1 707.0 wheat 0
174.1 813.5 55.4 878.3 22.6 818.3 141.3 753.5 wheat 0
752.3 778.3 990.1 826.5 977.4 888.8 739.6 840.6 wheat 0
789.1 801.5 736.3 812.2 707.3 668.7 760.0 658.0 wheat 0
757.7 674.1 881.1 686.5 877.5 721.5 754.2 709.2 wheat 0
1017.1 577.5 970.3 603.0 879.0 435.8 925.7 410.3 wheat 0
774.4 54.1 845.0 92.7 727.1 308.5 656.5 269.9 wheat 0
492.0 140.8 716.1 235.5 684.8 309.4 460.7 214.6 wheat 0
857.6 135.1 1023.1 225.5 1004.5 259.6 839.0 169.1 wheat 0
581.6 500.7 616.0 529.7 547.1 611.5 512.7 582.6 wheat 0
