519.6 607.5 470.2 612.5 463.2 542.1 512.5 537.2 wheat 0
555.5 524.3 630.6 547.5 618.4 586.9 543.4 563.7 wheat 0
685.6 548.5 731.6 548.5 731.6 600.5 685.6 600.5 wheat 0
648.6 662.5 607.7 670.8 593.4 600.2 634.2 591.9 wheat 0
586.1 672.3 507.6 738.5 473.4 698.0 552.0 631.8 wheat 0
490.6 627.5 525.6 627.5 525.6 666.5 490.6 666.5 wheat 0
319.6 625.5 422.6 625.5 422.6 675.5 319.6 675.5 wheat 0
298.6 551.5 336.0 563.1 310.6 645.5 273.1 633.9 wheat 0
294.6 602.5 262.3 620.1 229.5 560.1 261.8 542.5 wheat 0
316.9 735.0 366.7 745.1 349.6 829.5 299.8 819.4 wheat 0
675.5 805.6 730.2 822.5 686.6 963.5 631.9 946.6 wheat 0
783.3 855.5 822.7 867.7 807.6 916.5 768.2 904.3 wheat 0
730.6 817.5 770.6 817.5 770.6 871.5 730.6 871.5 wheat 0
741.6 742.5 790.6 742.5 790.6 799.5 741.6 799.5 wheat 0
856.6 726.5 798.4 738.3 787.0 682.3 845.2 670.5 wheat 0
934.8 633.2 957.0 651.8 928.6 685.5 906.4 666.9 wheat 0
924.6 760.5 856.8 767.3 852.0 720.4 919.8 713.6 wheat 0
833.6 737.5 867.6 737.5 867.6 779.5 833.6 779.5 wheat 0
216.6 648.5 175.3 656.9 155.7 559.9 196.9 551.6 wheat 0
152.4 501.6 242.6 577.5 217.3 607.5 127.2 531.6 wheat 0
13.1 583.2 108.6 602.5 100.7 641.3 5.3 621.9 wheat 0
100.6 534.5 144.6 534.5 144.6 612.5 100.6 612.5 wheat 0
142.6 931.5 104.2 952.5 80.8 909.8 119.2 888.8 wheat 0
186.3 929.4 236.3 950.5 215.6 999.5 165.6 978.4 wheat 0
132.6 928.5 182.6 928.5 182.6 969.5 132.6 969.5 wheat 0
53.6 952.5 119.6 952.5 119.6 996.5 53.6 996.5 wheat 0
399.1 184.9 425.4 225.8 388.6 249.5 362.3 208.6 wheat 0
461.7 82.0 519.6 141.5 487.6 172.5 429.8 113.0 wheat 0
45.0 43.9 114.6 91.5 84.8 135.0 15.2 87.4 wheat 0
224.6 136.5 206.0 165.4 151.6 130.4 170.1 101.6 wheat 0
327.7 94.5 295.6 116.5 249.0 48.5 281.1 26.5 wheat 0
534.6 177.7 582.6 210.5 559.3 244.5 511.3 211.6 wheat 0
561.8 263.5 621.3 288.7 609.6 316.5 550.1 291.4 wheat 0
613.8 249.6 655.6 267.3 638.6 307.5 596.8 289.8 wheat 0
673.6 254.5 603.8 268.6 596.4 232.1 666.2 218.0 wheat 0
688.6 215.5 642.7 229.7 626.9 178.4 672.7 164.2 wheat 0
625.6 211.5 584.1 219.9 573.2 166.2 614.7 157.8 wheat 0
483.1 25.0 566.9 70.8 543.6 113.5 459.8 67.7 wheat 0
619.0 -0.0 667.5 61.1 640.6 82.5 592.1 21.4 wheat 0
700.6 71.5 661.7 75.4 656.3 21.0 695.1 17.1 wheat 0
800.6 0.0 858.3 0.0 858.3 69.5 800.6 69.5 wheat 0
669.6 73.5 710.6 73.5 710.6 128.5 669.6 128.5 wheat 0
668.2 116.1 727.6 148.5 708.8 182.9 649.4 150.5 wheat 0
724.5 185.7 766.2 194.1 755.6 246.5 713.8 238.1 wheat 0
824.6 246.5 773.8 251.6 767.8 192.1 818.6 187.0 wheat 0
863.9 256.2 920.6 261.9 915.6 312.5 858.8 306.8 wheat 0
947.6 258.5 901.8 263.1 898.2 227.3 944.0 222.7 wheat 0
951.6 217.5 983.6 217.5 983.6 262.5 951.6 262.5 wheat 0
776.6 347.5 719.6 353.2 712.6 284.1 769.6 278.4 wheat 0
695.6 252.5 735.6 252.5 735.6 291.5 695.6 291.5 wheat 0
947.6 706.5 982.6 706.5 982.6 742.5 947.6 742.5 wheat 0
978.6 651.5 1024.0 651.5 1024.0 713.1 978.6 713.1 wheat 0
993.6 773.5 956.6 811.5 921.8 777.7 958.7 739.7 wheat 0
