876.7 882.6 927.7 882.6 927.7 961.6 876.7 961.6 wheat 0
993.7 844.6 1021.7 844.6 1021.7 947.6 993.7 947.6 wheat 0
869.4 646.7 912.7 683.2 856.7 749.6 813.4 713.1 wheat 0
888.4 557.1 912.0 586.9 865.0 624.1 841.4 594.4 wheat 0
936.4 489.5 996.5 540.2 955.7 588.6 895.6 538.0 wheat 0
634.7 667.6 531.5 688.5 523.2 647.8 626.5 626.9 wheat 0
619.3 946.3 580.5 950.2 567.1 816.9 606.0 813.0 wheat 0
721.7 940.6 778.7 940.6 778.7 985.6 721.7 985.6 wheat 0
871.7 926.6 818.0 949.3 760.8 814.0 814.5 791.3 wheat 0
470.4 867.6 415.1 897.8 392.1 855.7 447.4 825.5 wheat 0
366.7 941.6 422.6 941.6 422.6 1024.0 366.7 1024.0 wheat 0
441.0 774.6 365.6 789.9 357.4 749.7 432.9 734.4 wheat 0
322.9 695.2 356.3 705.5 333.6 779.1 300.1 768.7 wheat 0
268.7 783.6 301.7 783.6 301.7 836.6 268.7 836.6 wheat 0
278.9 618.3 361.7 663.6 336.5 709.9 253.6 664.6 wheat 0
193.7 680.6 268.7 680.6 268.7 711.6 193.7 711.6 wheat 0
100.5 758.2 173.1 772.9 129.7 986.6 57.2 971.9 wheat 0
4.7 915.6 43.7 915.6 43.7 1014.6 4.7 1014.6 wheat 0
124.7 726.6 40.4 743.7 32.2 703.1 116.5 686.0 wheat 0
144.4 542.2 198.1 547.6 187.1 657.0 133.4 651.6 wheat 0
152.5 613.7 97.2 651.6 78.0 623.5 133.3 585.7 wheat 0
35.1 537.1 76.2 549.8 51.4 630.1 10.3 617.4 wheat 0
332.6 564.2 270.5 583.4 259.9 549.0 322.0 529.8 wheat 0
132.5 429.6 177.7 486.6 138.4 517.8 93.2 460.8 wheat 0
374.4 380.5 417.4 393.8 384.0 501.7 341.0 488.4 wheat 0
547.0 387.0 435.3 409.6 426.7 367.2 538.4 344.5 wheat 0
472.4 304.4 623.7 335.1 614.0 383.0 462.7 352.3 wheat 0
600.4 350.5 668.0 364.2 660.6 400.5 593.0 386.8 wheat 0
659.6 452.7 720.1 471.4 706.0 517.0 645.5 498.3 wheat 0
553.5 434.1 592.4 460.7 556.0 514.0 517.0 487.3 wheat 0
852.0 461.0 803.6 494.1 729.1 385.1 777.4 352.0 wheat 0
630.8 158.7 754.0 226.0 729.1 271.6 605.9 204.2 wheat 0
527.0 190.0 485.0 207.8 456.5 140.4 498.5 122.7 wheat 0
368.0 123.0 418.0 123.0 418.0 161.0 368.0 161.0 wheat 0
285.1 197.3 327.0 232.6 229.0 349.0 187.0 313.6 wheat 0
74.6 228.8 111.1 253.7 37.0 362.0 0.5 337.0 wheat 0
77.4 386.4 51.9 425.9 20.8 406.0 46.2 366.4 wheat 0
88.0 368.8 114.0 383.0 94.9 417.9 68.9 403.7 wheat 0
0.9 422.9 52.9 422.9 52.9 466.9 0.9 466.9 wheat 0
0.0 110.9 127.0 110.9 127.0 144.9 0.0 144.9 wheat 0
434.9 59.9 406.7 83.7 371.1 41.5 399.4 17.7 wheat 0
623.9 32.9 692.9 32.9 692.9 76.9 623.9 76.9 wheat 0
900.9 100.9 724.9 136.6 716.6 95.7 892.7 60.0 wheat 0
768.7 64.6 819.4 69.7 810.2 161.3 759.5 156.2 wheat 0
967.0 359.0 926.4 381.2 902.3 337.1 942.9 314.9 wheat 0
964.7 746.6 995.7 746.6 995.7 793.6 964.7 793.6 wheat 0
