413.3 533.1 463.7 567.6 443.3 597.5 392.9 563.0 wheat 0
595.5 213.0 664.6 234.4 657.7 256.6 588.6 235.2 wheat 0
652.8 218.5 630.7 266.6 603.5 254.2 625.6 206.0 wheat 0
364.9 210.7 422.7 228.6 415.7 251.5 357.8 233.6 wheat 0
446.5 114.1 484.5 162.0 456.1 184.5 418.1 136.6 wheat 0
754.9 387.3 716.7 452.6 679.9 431.1 718.1 365.8 wheat 0
842.6 446.1 817.7 488.6 781.3 467.3 806.1 424.8 wheat 0
1023.0 508.8 975.5 548.8 950.0 518.7 997.6 478.6 wheat 0
976.7 569.6 902.1 592.7 889.4 551.7 964.1 528.6 wheat 0
827.7 661.4 796.0 710.8 776.1 698.0 807.7 648.6 wheat 0
818.3 740.9 789.7 789.6 760.6 772.6 789.1 723.8 wheat 0
846.7 698.6 918.9 720.9 905.7 763.6 833.5 741.3 wheat 0
1023.0 939.8 990.4 1003.8 952.7 984.6 985.3 920.6 wheat 0
943.7 873.6 908.8 921.7 876.7 898.3 911.7 850.3 wheat 0
818.2 879.9 886.3 926.5 867.7 953.6 799.6 907.0 wheat 0
657.2 810.5 695.1 818.2 690.2 842.3 652.3 834.7 wheat 0
709.7 818.6 775.2 863.4 747.7 903.6 682.2 858.8 wheat 0
438.2 258.8 515.2 300.8 496.7 334.6 419.7 292.6 wheat 0
597.2 789.8 637.8 812.0 617.7 848.6 577.2 826.4 wheat 0
641.7 756.6 573.6 814.0 549.3 785.1 617.4 727.8 wheat 0
587.7 896.6 542.6 915.7 528.1 881.5 573.3 862.4 wheat 0
533.4 902.8 494.7 910.6 488.0 877.3 526.6 869.5 wheat 0
1019.8 672.3 967.3 677.5 963.7 641.6 1016.2 636.4 wheat 0
967.2 137.6 971.3 196.0 948.7 197.6 944.6 139.2 wheat 0
886.6 82.5 884.7 144.6 843.3 143.4 845.1 81.3 wheat 0
973.3 391.3 972.2 429.7 933.7 428.6 934.9 390.2 wheat 0
857.2 278.9 909.7 307.6 879.3 363.2 826.8 334.6 wheat 0
780.0 238.1 805.7 288.6 766.0 308.8 740.3 258.3 wheat 0
801.7 117.6 739.2 254.2 686.6 230.1 749.1 93.5 wheat 0
651.7 119.6 626.2 145.9 595.0 115.6 620.6 89.3 wheat 0
972.6 673.1 1023.0 707.6 1002.6 737.5 952.1 703.0 wheat 0
811.7 337.6 772.3 391.7 745.7 372.3 785.1 318.2 wheat 0
863.8 452.0 933.7 481.6 918.1 518.7 848.1 489.1 wheat 0
