701.2 554.4 623.7 619.6 594.2 584.5 671.6 519.3 wheat 0
697.5 583.5 776.8 591.4 770.7 651.6 691.5 643.7 wheat 0
513.5 653.6 552.7 686.6 518.5 727.3 479.3 694.3 wheat 0
808.0 835.1 770.0 861.1 721.5 790.1 759.4 764.1 wheat 0
957.7 974.6 923.9 997.7 846.6 884.8 880.4 861.6 wheat 0
685.5 887.1 733.1 896.7 715.7 982.6 668.1 973.0 wheat 0
691.0 781.8 732.6 834.3 689.5 868.5 647.9 816.0 wheat 0
462.9 864.6 389.7 914.6 366.6 880.8 439.8 830.8 wheat 0
347.0 785.9 414.4 806.8 402.7 844.6 335.3 823.8 wheat 0
333.7 721.6 271.6 734.2 261.1 682.1 323.2 669.5 wheat 0
108.4 779.7 29.7 822.6 0.3 768.7 78.9 725.7 wheat 0
153.8 381.7 200.1 396.0 172.7 484.6 126.4 470.3 wheat 0
307.9 359.4 246.2 365.6 241.6 319.8 303.3 313.6 wheat 0
564.6 324.2 496.1 371.1 463.9 324.0 532.4 277.2 wheat 0
584.0 280.2 650.6 293.7 643.5 329.0 576.8 315.5 wheat 0
632.0 357.9 693.1 376.8 667.7 458.6 606.7 439.7 wheat 0
777.7 388.2 729.8 421.0 703.8 383.0 751.7 350.3 wheat 0
793.7 363.6 830.7 363.6 830.7 444.6 793.7 444.6 wheat 0
736.7 295.6 787.7 295.6 787.7 340.6 736.7 340.6 wheat 0
667.7 191.6 739.7 191.6 739.7 235.6 667.7 235.6 wheat 0
836.9 192.6 798.7 240.6 752.2 203.7 790.3 155.6 wheat 0
956.3 171.3 1009.6 207.7 946.7 299.6 893.4 263.2 wheat 0
150.7 181.6 114.1 212.5 70.9 161.3 107.6 130.4 wheat 0
376.9 59.9 421.3 97.3 366.5 162.3 322.2 124.9 wheat 0
436.7 190.6 473.7 190.6 473.7 265.6 436.7 265.6 wheat 0
853.7 366.5 904.1 409.0 875.8 442.7 825.3 400.2 wheat 0
880.7 459.6 914.7 459.6 914.7 529.6 880.7 529.6 wheat 0
958.3 421.8 1008.5 456.1 978.7 499.6 928.6 465.3 wheat 0
1023.6 143.9 907.3 179.9 891.4 128.6 1007.7 92.6 wheat 0
763.0 211.1 815.9 221.9 798.5 308.1 745.5 297.4 wheat 0
