718.0 339.0 652.3 359.3 621.3 259.0 687.0 238.7 wheat 0
167.1 572.3 240.9 603.4 211.3 673.3 137.6 642.1 wheat 0
253.3 10.3 318.3 54.7 214.3 206.8 149.3 162.3 wheat 0
241.5 199.7 293.8 281.1 138.6 380.8 86.3 299.3 wheat 0
36.9 591.1 88.1 607.0 51.5 725.2 0.3 709.3 wheat 0
582.9 114.2 499.3 171.3 421.2 57.2 504.8 -0.0 wheat 0
650.0 49.4 708.7 61.3 694.3 132.3 635.6 120.4 wheat 0
874.4 692.2 924.3 734.3 852.7 819.3 802.8 777.3 wheat 0
668.3 821.3 729.9 855.0 647.8 1005.1 586.3 971.5 wheat 0
461.3 870.3 527.7 915.7 483.9 979.8 417.5 934.4 wheat 0
427.7 665.8 487.3 691.0 438.9 805.5 379.3 780.3 wheat 0
456.1 588.8 508.3 617.4 484.3 661.3 432.0 632.8 wheat 0
808.3 862.3 955.3 862.3 955.3 922.3 808.3 922.3 wheat 0
896.3 618.3 936.7 652.3 879.7 719.9 839.4 685.9 wheat 0
74.3 919.3 150.3 919.3 150.3 1023.0 74.3 1023.0 wheat 0
