139.7 84.8 79.7 117.6 55.2 72.7 115.2 39.9 wheat 0
184.8 48.8 150.4 77.8 115.6 36.5 150.1 7.5 wheat 0
293.7 50.6 259.6 69.3 239.6 32.7 273.7 14.0 wheat 0
324.7 3.6 365.7 3.6 365.7 38.6 324.7 38.6 wheat 0
242.7 107.1 208.5 125.8 191.7 95.1 226.0 76.4 wheat 0
428.6 109.7 469.9 132.3 434.7 196.6 393.5 174.1 wheat 0
771.2 272.9 722.9 299.2 679.3 219.4 727.6 193.0 wheat 0
977.4 81.5 902.7 132.6 872.5 88.4 947.2 37.3 wheat 0
929.0 416.8 878.5 444.3 823.3 343.2 873.7 315.6 wheat 0
952.6 376.7 998.5 390.9 982.8 441.5 937.0 427.3 wheat 0
928.7 427.6 1023.7 427.6 1023.7 481.6 928.7 481.6 wheat 0
794.0 517.9 751.0 531.2 736.5 484.4 779.5 471.1 wheat 0
1003.2 605.4 957.3 619.6 942.3 570.8 988.1 556.7 wheat 0
761.1 584.8 806.9 599.0 790.4 652.5 744.5 638.3 wheat 0
807.6 625.9 840.8 640.0 817.8 694.3 784.7 680.3 wheat 0
626.7 394.6 666.9 428.5 620.1 484.1 579.9 450.3 wheat 0
554.3 261.1 587.9 289.5 551.2 333.1 517.5 304.7 wheat 0
431.7 371.5 517.3 380.0 511.7 435.8 426.2 427.2 wheat 0
539.8 440.9 584.3 454.6 552.7 556.6 508.2 542.8 wheat 0
638.7 554.4 672.7 564.9 647.7 645.6 613.7 635.1 wheat 0
593.6 606.9 631.6 632.9 603.9 673.3 565.9 647.3 wheat 0
425.1 555.0 345.7 588.6 323.1 535.1 402.5 501.5 wheat 0
452.7 683.6 380.9 714.0 357.6 658.8 429.4 628.4 wheat 0
302.0 423.7 255.8 455.3 235.5 425.6 281.7 393.9 wheat 0
196.7 378.6 239.7 378.6 239.7 470.6 196.7 470.6 wheat 0
159.2 459.9 251.0 465.4 248.3 511.3 156.4 505.8 wheat 0
251.9 532.4 218.7 566.6 176.8 525.9 210.0 491.7 wheat 0
269.8 570.6 297.4 593.9 259.7 638.6 232.1 615.4 wheat 0
271.0 629.8 313.2 658.7 268.7 723.6 226.6 694.8 wheat 0
246.1 615.6 163.7 660.6 137.1 611.8 219.4 566.8 wheat 0
37.7 497.6 94.7 536.6 66.4 578.0 9.4 539.0 wheat 0
790.7 891.6 736.0 937.7 707.4 903.8 762.2 857.7 wheat 0
787.5 882.8 855.5 919.9 832.7 961.6 764.7 924.5 wheat 0
948.9 954.9 909.7 962.8 894.6 888.3 933.8 880.4 wheat 0
885.9 915.9 922.7 919.6 916.5 981.3 879.7 977.6 wheat 0
903.7 964.6 957.3 964.6 957.3 1024.0 903.7 1024.0 wheat 0
3.7 765.6 37.7 765.6 37.7 819.6 3.7 819.6 wheat 0
1.7 893.6 52.7 893.6 52.7 940.6 1.7 940.6 wheat 0
250.7 972.6 295.7 972.6 295.7 1023.6 250.7 1023.6 wheat 0
778.0 417.4 823.8 422.0 821.4 445.9 775.7 441.3 wheat 0
547.2 901.7 505.0 910.2 491.3 842.6 533.5 834.0 wheat 0
