635.7 577.6 560.0 593.0 536.6 477.4 612.3 462.0 wheat 0
467.4 300.3 569.8 332.0 550.7 393.6 448.4 361.9 wheat 0
585.7 336.7 645.1 361.8 625.7 407.6 566.3 382.5 wheat 0
507.7 445.6 428.1 479.3 395.7 402.7 475.3 369.0 wheat 0
501.7 398.6 565.7 398.6 565.7 460.6 501.7 460.6 wheat 0
347.7 354.6 417.7 354.6 417.7 411.6 347.7 411.6 wheat 0
308.4 155.7 378.5 177.4 314.7 383.6 244.6 361.9 wheat 0
209.2 190.9 152.4 202.5 114.2 14.3 171.1 2.8 wheat 0
238.6 348.0 381.4 408.4 365.8 445.2 223.1 384.9 wheat 0
419.0 533.4 527.4 579.3 502.7 637.6 394.3 591.8 wheat 0
520.4 591.7 574.0 621.0 503.7 749.6 450.2 720.3 wheat 0
653.6 801.6 714.7 820.6 681.9 926.6 620.8 907.7 wheat 0
768.9 817.5 803.1 852.7 715.5 937.7 681.4 902.5 wheat 0
890.8 770.6 938.1 810.4 810.7 961.6 763.5 921.8 wheat 0
963.7 932.6 749.0 949.8 743.4 879.0 958.1 861.8 wheat 0
900.0 792.3 859.5 826.4 830.5 792.0 871.0 757.8 wheat 0
949.7 462.6 1014.7 462.6 1014.7 691.6 949.7 691.6 wheat 0
927.2 347.0 868.7 420.6 817.3 379.8 875.7 306.1 wheat 0
812.4 189.4 869.7 228.6 785.5 351.8 728.2 312.6 wheat 0
826.7 447.6 778.2 480.8 751.6 441.8 800.1 408.7 wheat 0
612.7 142.6 662.7 142.6 662.7 191.6 612.7 191.6 wheat 0
542.7 176.0 601.5 187.9 594.8 221.2 536.0 209.3 wheat 0
411.2 91.3 350.5 97.4 341.3 5.9 402.0 -0.2 wheat 0
398.9 1.6 471.4 16.3 444.6 148.6 372.1 133.9 wheat 0
574.1 54.3 673.5 138.1 637.4 180.9 538.0 97.2 wheat 0
563.1 30.6 483.1 85.3 459.4 50.7 539.4 -4.1 wheat 0
224.6 789.6 257.7 803.6 230.0 869.3 196.8 855.3 wheat 0
213.7 942.6 266.7 942.6 266.7 1022.6 213.7 1022.6 wheat 0
577.7 970.6 647.1 970.6 647.1 1024.0 577.7 1024.0 wheat 0
729.7 448.6 662.7 533.1 620.1 499.3 687.2 414.8 wheat 0
662.7 6.6 692.7 6.6 692.7 81.6 662.7 81.6 wheat 0
462.6 287.2 413.8 307.9 363.9 190.0 412.7 169.3 wheat 0
375.0 65.6 487.4 127.0 450.4 194.6 338.1 133.2 wheat 0
