498.6 463.7 430.4 492.5 372.0 354.4 440.2 325.6 wheat 0
338.1 434.5 250.6 494.4 214.5 441.6 302.0 381.7 wheat 0
228.3 546.1 273.1 570.6 231.3 646.9 186.6 622.5 wheat 0
696.7 330.8 653.7 354.3 611.0 276.2 654.0 252.7 wheat 0
858.9 311.5 811.3 344.0 725.4 218.5 773.0 186.0 wheat 0
871.3 433.0 948.3 433.0 948.3 558.0 871.3 558.0 wheat 0
620.1 689.4 550.5 696.4 544.5 636.7 614.1 629.7 wheat 0
631.0 763.3 728.5 773.1 721.7 840.8 624.2 831.0 wheat 0
680.1 675.4 760.2 709.3 727.5 786.7 647.4 752.8 wheat 0
855.7 927.5 796.5 945.8 764.9 843.6 824.1 825.3 wheat 0
542.6 871.9 700.3 979.7 663.0 1034.2 505.4 926.4 wheat 0
520.7 869.8 420.2 879.9 412.9 807.3 513.4 797.2 wheat 0
39.3 855.0 119.3 855.0 119.3 948.0 39.3 948.0 wheat 0
170.4 422.4 94.0 446.0 56.2 323.7 132.6 300.1 wheat 0
372.8 213.4 316.6 251.8 261.9 171.7 318.0 133.3 wheat 0
288.4 174.5 224.7 180.9 210.2 36.6 273.9 30.2 wheat 0
124.3 3.0 195.3 3.0 195.3 96.0 124.3 96.0 wheat 0
655.3 3.0 722.3 3.0 722.3 73.0 655.3 73.0 wheat 0
780.3 0.5 824.3 30.6 758.3 127.0 714.3 96.9 wheat 0
