388.7 213.8 550.1 246.5 538.3 304.4 376.9 271.7 wheat 0
271.3 200.1 418.1 245.5 399.0 307.0 252.3 261.6 wheat 0
657.4 379.4 788.1 392.5 781.6 457.4 650.9 444.2 wheat 0
517.1 689.5 405.0 724.2 390.7 678.2 502.8 643.5 wheat 0
241.8 657.5 284.4 701.3 175.1 807.5 132.5 763.7 wheat 0
269.1 787.5 340.1 787.5 340.1 884.5 269.1 884.5 wheat 0
292.1 886.5 199.0 915.3 182.1 860.9 275.2 832.1 wheat 0
330.3 643.6 367.1 681.5 262.1 783.5 225.2 745.6 wheat 0
215.5 482.6 364.1 528.5 346.0 586.9 197.4 540.9 wheat 0
435.1 347.5 372.4 360.2 357.1 284.7 419.7 271.9 wheat 0
165.8 245.2 289.1 329.5 248.3 389.0 125.1 304.7 wheat 0
365.1 354.5 312.4 365.2 295.3 280.6 347.9 269.9 wheat 0
228.0 412.2 284.8 470.7 184.1 568.5 127.3 510.1 wheat 0
138.1 626.5 40.0 646.4 30.4 599.2 128.5 579.3 wheat 0
26.7 374.8 138.8 422.2 120.1 466.5 8.0 419.1 wheat 0
1.0 112.4 104.1 112.4 104.1 189.5 1.0 189.5 wheat 0
0.0 34.5 101.1 34.5 101.1 103.1 0.0 103.1 wheat 0
105.1 432.5 182.1 432.5 182.1 515.5 105.1 515.5 wheat 0
909.1 941.5 978.1 941.5 978.1 1015.5 909.1 1015.5 wheat 0
