117.1 549.5 70.9 554.1 57.0 415.5 103.1 410.8 wheat 0
175.1 424.5 209.1 424.5 209.1 478.5 175.1 478.5 wheat 0
254.1 392.5 297.1 392.5 297.1 446.5 254.1 446.5 wheat 0
513.6 497.6 612.1 517.5 603.8 558.1 505.4 538.1 wheat 0
859.1 543.1 884.1 574.5 789.0 649.9 764.1 618.5 wheat 0
866.6 484.1 901.7 494.9 886.1 545.5 851.0 534.7 wheat 0
856.1 730.5 824.6 762.9 780.2 719.7 811.6 687.3 wheat 0
994.5 853.1 981.1 901.5 749.6 837.3 763.0 788.9 wheat 0
327.1 824.7 368.8 828.8 354.1 975.5 312.3 971.3 wheat 0
252.3 672.5 210.1 755.5 170.3 735.3 212.6 652.2 wheat 0
75.6 656.3 137.1 662.5 133.4 698.6 72.0 692.4 wheat 0
89.5 608.1 3.9 616.7 -0.0 577.9 85.6 569.3 wheat 0
225.1 606.5 194.0 616.1 179.8 570.2 210.8 560.5 wheat 0
505.1 608.5 461.4 612.9 457.3 572.7 501.0 568.3 wheat 0
917.1 792.5 875.7 796.7 870.1 740.7 911.5 736.6 wheat 0
838.4 699.5 895.1 723.5 883.0 752.1 826.3 728.1 wheat 0
894.9 749.1 972.1 828.5 945.1 854.7 867.9 775.3 wheat 0
979.1 744.5 933.3 763.8 915.7 722.1 961.4 702.8 wheat 0
695.4 66.2 748.1 71.5 744.0 112.3 691.3 107.0 wheat 0
182.1 61.5 223.1 61.5 223.1 96.5 182.1 96.5 wheat 0
