372.8 419.4 307.1 426.0 291.8 273.7 357.5 267.1 wheat 0
478.0 195.2 418.3 236.0 317.8 89.1 377.5 48.2 wheat 0
467.2 361.2 425.9 389.4 343.5 268.9 384.7 240.7 wheat 0
303.9 615.7 245.1 627.6 216.7 487.4 275.5 475.5 wheat 0
437.7 698.6 311.3 711.2 305.9 657.5 432.3 644.8 wheat 0
780.6 732.5 738.3 776.0 647.1 687.5 689.4 644.0 wheat 0
681.6 786.3 630.8 791.4 622.1 703.8 672.8 698.7 wheat 0
614.9 854.7 560.4 892.0 497.7 800.4 552.2 763.1 wheat 0
353.0 834.9 467.1 858.0 456.3 911.0 342.2 887.9 wheat 0
927.9 169.1 990.6 181.8 962.8 319.0 900.1 306.3 wheat 0
777.0 145.8 815.3 185.3 704.3 293.0 666.0 253.6 wheat 0
644.2 421.8 586.4 433.5 559.4 300.3 617.2 288.5 wheat 0
847.9 769.3 927.7 812.9 903.8 856.8 823.9 813.2 wheat 0
1000.1 546.6 1016.1 604.4 846.6 651.5 830.5 593.7 wheat 0
809.3 281.9 843.0 310.2 755.3 414.2 721.7 385.9 wheat 0
757.4 444.1 803.1 448.7 787.3 606.9 741.5 602.3 wheat 0
789.8 559.2 690.3 601.3 672.8 559.8 772.3 517.8 wheat 0
333.9 213.1 283.3 234.5 221.7 89.0 272.4 67.6 wheat 0
517.5 122.7 626.1 234.4 587.3 272.0 478.8 160.3 wheat 0
480.0 1010.4 428.5 1026.4 406.6 955.7 458.2 939.7 wheat 0
150.0 422.6 99.1 475.0 31.7 409.5 82.5 357.1 wheat 0
532.9 530.7 584.5 552.5 539.7 658.4 488.1 636.6 wheat 0
705.6 468.6 653.7 479.1 630.0 362.5 682.0 352.0 wheat 0
