554.5 670.9 654.5 725.5 634.7 761.6 534.8 707.0 wheat 0
639.7 705.6 705.7 705.6 705.7 735.6 639.7 735.6 wheat 0
652.9 641.2 748.9 660.7 742.6 692.0 646.5 672.6 wheat 0
772.9 550.0 821.7 611.6 784.0 641.6 735.1 580.0 wheat 0
916.7 636.6 783.4 650.0 780.5 621.1 913.8 607.8 wheat 0
884.7 732.6 938.7 732.6 938.7 751.6 884.7 751.6 wheat 0
1022.4 670.0 996.7 691.6 940.7 625.1 966.4 603.5 wheat 0
979.7 586.6 1021.7 586.6 1021.7 636.6 979.7 636.6 wheat 0
967.5 480.3 1007.1 484.3 998.7 567.6 959.1 563.6 wheat 0
1000.7 462.6 1021.7 462.6 1021.7 554.6 1000.7 554.6 wheat 0
866.4 871.9 978.7 906.6 969.9 935.1 857.6 900.3 wheat 0
796.7 920.7 866.6 950.2 853.7 980.6 783.9 951.1 wheat 0
897.9 963.3 988.2 963.3 988.2 999.2 897.9 999.2 wheat 0
637.7 599.6 535.8 642.7 522.3 610.7 624.2 567.6 wheat 0
612.7 642.6 595.2 657.4 494.9 538.3 512.4 523.5 wheat 0
641.0 426.8 736.3 478.9 721.7 505.6 626.4 453.5 wheat 0
831.4 354.1 888.3 393.1 869.1 421.1 812.2 382.2 wheat 0
938.8 397.9 892.8 417.3 882.6 393.4 928.7 373.9 wheat 0
781.7 357.6 820.7 357.6 820.7 386.6 781.7 386.6 wheat 0
904.9 373.1 878.0 375.8 871.6 312.1 898.5 309.4 wheat 0
1022.7 336.6 895.5 390.4 880.6 355.2 1007.9 301.4 wheat 0
1020.6 307.3 989.3 320.6 962.8 257.9 994.2 244.7 wheat 0
821.5 270.0 881.3 282.1 873.0 323.3 813.2 311.1 wheat 0
863.6 113.3 996.1 203.9 973.7 236.6 841.2 145.9 wheat 0
636.8 113.8 728.3 152.5 714.7 184.6 623.3 145.9 wheat 0
822.7 45.8 938.1 89.2 926.6 119.8 811.2 76.3 wheat 0
940.1 82.5 1023.7 139.8 1006.7 164.6 923.1 107.4 wheat 0
258.5 580.1 333.7 631.6 314.2 660.2 238.9 608.7 wheat 0
231.6 651.7 379.7 666.6 376.4 700.1 228.2 685.2 wheat 0
231.1 616.1 294.3 650.6 280.4 676.1 217.2 641.6 wheat 0
248.9 629.5 207.1 633.6 204.6 608.8 246.4 604.6 wheat 0
201.1 630.8 301.7 699.6 283.1 726.8 182.5 658.0 wheat 0
195.7 685.6 97.6 695.5 92.4 643.7 190.5 633.8 wheat 0
143.2 661.7 211.0 682.7 203.3 707.5 135.5 686.5 wheat 0
156.8 586.4 184.3 614.8 123.7 673.6 96.2 645.2 wheat 0
270.7 808.6 379.7 842.3 368.7 877.6 259.8 843.9 wheat 0
336.0 816.6 396.0 828.8 390.7 854.6 330.8 842.5 wheat 0
195.2 864.5 350.7 912.6 338.4 952.3 182.9 904.2 wheat 0
197.8 913.1 302.9 945.6 292.7 978.6 187.6 946.1 wheat 0
312.8 974.9 424.7 997.6 419.4 1023.7 307.5 1001.1 wheat 0
238.7 987.6 320.7 987.6 320.7 1020.6 238.7 1020.6 wheat 0
187.7 994.6 160.7 1013.1 102.2 927.6 129.2 909.1 wheat 0
118.7 748.4 35.1 756.7 32.7 732.9 116.3 724.5 wheat 0
28.9 535.2 125.5 576.1 114.7 601.6 18.1 560.8 wheat 0
4.5 577.2 54.2 582.2 51.0 614.0 1.3 609.0 wheat 0
59.9 658.2 8.9 668.5 3.6 642.0 54.5 631.7 wheat 0
18.0 391.0 145.3 460.5 128.5 491.2 1.2 421.7 wheat 0
64.9 367.3 188.1 392.3 182.7 418.6 59.5 393.6 wheat 0
7.9 324.4 94.4 333.1 90.6 370.9 4.1 362.2 wheat 0
213.0 279.8 374.7 312.6 367.8 346.6 206.1 313.8 wheat 0
265.7 329.6 125.6 343.7 122.5 313.0 262.7 298.9 wheat 0
311.6 339.7 346.6 354.5 331.8 389.5 296.8 374.7 wheat 0
444.7 387.6 307.8 430.0 298.7 400.4 435.6 358.0 wheat 0
445.4 303.0 537.1 331.3 530.0 354.3 438.3 325.9 wheat 0
506.5 273.6 591.5 331.8 569.7 363.6 484.7 305.4 wheat 0
502.3 249.8 475.1 264.6 448.2 215.5 475.4 200.6 wheat 0
379.5 106.5 506.7 193.6 486.1 223.8 358.8 136.7 wheat 0
436.8 104.0 372.8 123.8 363.7 94.2 427.7 74.4 wheat 0
631.7 33.1 522.3 44.0 519.8 19.2 629.2 8.2 wheat 0
323.3 268.9 251.7 276.1 248.2 241.3 319.8 234.1 wheat 0
137.7 218.6 115.5 233.8 60.0 152.7 82.2 137.5 wheat 0
76.0 173.8 52.3 186.7 2.5 95.5 26.2 82.5 wheat 0
25.3 44.6 120.8 74.2 110.2 108.6 14.7 79.0 wheat 0
185.8 108.5 98.6 126.2 92.6 96.8 179.9 79.1 wheat 0
223.3 98.3 190.2 112.4 148.1 12.9 181.3 -1.1 wheat 0
270.6 29.6 357.9 103.2 329.7 136.6 242.4 63.1 wheat 0
194.5 18.3 281.0 27.0 278.0 56.9 191.5 48.2 wheat 0
147.5 38.7 269.1 63.3 261.9 98.6 140.4 73.9 wheat 0
