708.6 460.5 670.6 468.2 641.3 324.0 679.4 316.3 wheat 0
765.5 520.9 904.3 549.0 893.6 601.5 754.9 573.4 wheat 0
978.6 527.5 912.8 572.5 888.4 536.7 954.1 491.7 wheat 0
893.0 465.4 965.2 487.7 952.6 528.5 880.4 506.2 wheat 0
620.6 631.5 582.7 652.2 526.2 548.8 564.1 528.1 wheat 0
702.6 534.8 750.7 544.5 732.6 633.5 684.6 623.8 wheat 0
863.6 617.5 836.9 640.0 785.5 579.0 812.2 556.5 wheat 0
619.6 646.5 779.6 646.5 779.6 685.5 619.6 685.5 wheat 0
851.6 746.5 830.8 772.8 782.5 734.5 803.4 708.2 wheat 0
609.6 890.5 586.0 910.4 529.4 843.3 553.1 823.4 wheat 0
602.1 650.5 646.1 664.1 620.6 746.5 576.6 732.9 wheat 0
231.5 493.1 347.6 572.5 328.9 599.8 212.8 520.4 wheat 0
340.0 414.9 448.4 460.8 431.6 500.5 323.2 454.7 wheat 0
595.4 340.3 672.8 420.0 652.0 440.2 574.6 360.5 wheat 0
621.8 472.2 602.1 497.0 550.9 456.3 570.6 431.5 wheat 0
568.1 480.7 615.7 513.3 602.2 533.1 554.6 500.5 wheat 0
674.6 223.5 631.8 241.6 588.3 138.5 631.0 120.5 wheat 0
717.5 161.8 687.3 187.2 637.4 128.0 667.6 102.5 wheat 0
748.2 3.6 825.2 82.8 791.6 115.5 714.6 36.2 wheat 0
811.9 16.2 896.6 103.4 865.6 133.5 780.9 46.3 wheat 0
515.7 4.6 557.2 154.2 516.6 165.5 475.1 15.9 wheat 0
408.7 116.6 535.8 186.1 518.6 217.5 391.5 148.1 wheat 0
485.6 165.5 453.4 183.1 399.2 83.9 431.4 66.3 wheat 0
251.3 214.0 439.2 272.1 427.6 309.5 239.8 251.4 wheat 0
405.8 404.5 371.5 411.4 361.4 361.4 395.6 354.5 wheat 0
210.6 521.5 176.1 528.5 152.8 413.1 187.2 406.1 wheat 0
114.9 555.9 329.3 577.4 324.6 624.5 110.1 603.0 wheat 0
370.6 673.4 413.4 696.8 337.6 835.5 294.8 812.1 wheat 0
401.5 644.0 476.8 675.8 456.6 723.5 381.4 691.7 wheat 0
182.8 878.4 274.6 928.5 254.2 965.8 162.5 915.7 wheat 0
261.9 813.8 379.3 850.1 369.6 881.5 252.2 845.2 wheat 0
336.6 857.4 413.9 881.3 403.6 914.5 326.3 890.6 wheat 0
433.6 878.5 400.9 885.1 382.4 793.9 415.1 787.2 wheat 0
415.3 796.5 580.2 909.4 548.6 955.5 383.7 842.7 wheat 0
272.6 866.1 374.0 935.4 348.6 972.5 247.2 903.1 wheat 0
701.1 1001.1 512.9 1020.0 507.5 965.4 695.6 946.5 wheat 0
748.3 840.1 815.8 897.0 785.1 933.4 717.6 876.5 wheat 0
860.6 889.5 791.5 910.9 776.7 863.2 845.9 841.8 wheat 0
876.7 874.7 908.2 901.3 851.6 968.5 820.1 942.0 wheat 0
916.6 899.7 973.7 930.9 951.6 971.3 894.6 940.1 wheat 0
907.6 884.5 858.8 889.4 853.8 839.4 902.6 834.5 wheat 0
0.0 735.5 106.6 735.5 106.6 786.5 0.0 786.5 wheat 0
40.6 518.5 106.6 518.5 106.6 567.5 40.6 567.5 wheat 0
137.6 291.5 30.2 350.2 5.8 305.5 113.2 246.8 wheat 0
195.6 212.5 156.7 252.6 0.0 100.4 38.9 60.3 wheat 0
285.6 186.5 247.4 207.4 176.3 77.1 214.5 56.2 wheat 0
283.8 134.2 370.5 161.0 358.6 199.5 271.9 172.7 wheat 0
345.6 178.5 299.1 203.9 212.1 44.7 258.6 19.3 wheat 0
457.6 549.5 526.6 549.5 526.6 583.5 457.6 583.5 wheat 0
