668.3 75.4 733.4 102.9 704.7 170.6 639.6 143.1 wheat 0
720.6 269.2 583.4 297.0 572.9 245.1 710.1 217.2 wheat 0
439.3 106.6 497.1 118.3 461.2 295.7 403.3 284.0 wheat 0
391.2 73.2 441.9 78.3 437.3 124.0 386.6 119.0 wheat 0
383.7 252.6 336.5 278.4 300.4 212.3 347.6 186.5 wheat 0
411.7 386.4 367.2 416.9 341.7 379.8 386.3 349.3 wheat 0
420.5 450.5 330.7 563.6 285.0 527.3 374.7 414.2 wheat 0
258.7 366.2 174.0 402.0 158.8 366.1 243.5 330.2 wheat 0
149.8 155.5 109.9 196.6 0.8 90.7 40.7 49.6 wheat 0
9.3 624.9 182.7 642.3 176.7 701.6 3.3 684.2 wheat 0
139.7 806.6 70.3 836.0 40.6 765.8 110.1 736.5 wheat 0
202.9 935.1 109.9 974.4 91.6 931.1 184.6 891.8 wheat 0
329.7 945.6 280.6 966.4 238.9 867.7 288.0 847.0 wheat 0
414.7 931.6 363.2 953.4 336.2 889.7 387.8 867.9 wheat 0
374.7 982.6 277.1 1023.9 255.5 972.9 353.2 931.6 wheat 0
412.7 873.6 456.7 873.6 456.7 991.6 412.7 991.6 wheat 0
444.6 857.0 500.3 862.5 494.9 916.3 439.2 910.7 wheat 0
467.9 916.6 529.4 935.6 511.7 992.6 450.3 973.6 wheat 0
686.1 867.0 807.2 879.2 800.7 943.6 679.6 931.5 wheat 0
612.6 790.3 553.6 815.2 534.9 771.0 593.9 746.0 wheat 0
369.7 707.6 318.7 735.5 278.5 661.8 329.5 633.9 wheat 0
329.2 634.4 474.7 713.9 449.7 759.6 304.2 680.1 wheat 0
264.7 696.6 316.7 696.6 316.7 751.6 264.7 751.6 wheat 0
479.0 570.2 524.9 617.6 490.5 651.0 444.5 603.7 wheat 0
783.7 573.6 621.6 606.5 608.0 539.3 770.1 506.5 wheat 0
778.7 516.6 617.0 532.8 610.2 465.1 771.9 448.9 wheat 0
734.7 616.6 668.8 661.7 641.4 621.5 707.3 576.5 wheat 0
828.1 768.0 727.7 810.5 704.4 755.2 804.8 712.8 wheat 0
1023.7 747.6 850.2 765.0 843.3 695.8 1016.8 678.4 wheat 0
1023.7 889.7 973.1 917.3 920.1 820.3 970.7 792.6 wheat 0
824.7 350.6 738.1 368.2 727.0 313.2 813.6 295.7 wheat 0
908.3 427.4 862.5 441.5 847.1 391.9 893.0 377.7 wheat 0
939.9 486.6 1023.5 503.6 1012.7 556.6 929.1 539.7 wheat 0
887.2 0.0 1016.8 109.2 977.7 155.6 848.1 46.4 wheat 0
