665.7 567.6 827.0 600.3 818.2 644.1 656.9 611.4 wheat 0
904.0 673.4 863.0 686.1 838.4 606.8 879.5 594.1 wheat 0
892.9 604.4 958.6 611.0 954.5 651.8 888.9 645.2 wheat 0
863.3 547.2 914.6 590.4 897.2 611.0 845.9 567.9 wheat 0
878.7 466.6 961.4 536.3 940.1 561.5 857.5 491.9 wheat 0
783.6 322.5 854.6 361.3 836.9 393.8 765.8 354.9 wheat 0
733.7 534.6 696.4 566.1 646.8 507.3 684.2 475.8 wheat 0
650.8 580.0 616.2 609.1 556.1 537.8 590.7 508.6 wheat 0
784.4 680.7 762.8 708.0 702.1 659.9 723.7 632.6 wheat 0
792.4 871.5 833.7 875.6 824.3 970.1 783.0 966.0 wheat 0
886.5 879.5 928.7 892.6 908.9 956.8 866.6 943.7 wheat 0
866.9 876.6 840.7 903.6 763.5 828.7 789.7 801.6 wheat 0
779.9 909.6 745.5 931.6 692.3 848.7 726.7 826.6 wheat 0
568.7 758.6 687.7 758.6 687.7 800.6 568.7 800.6 wheat 0
402.7 758.6 529.7 758.6 529.7 796.6 402.7 796.6 wheat 0
358.7 716.6 446.7 716.6 446.7 753.6 358.7 753.6 wheat 0
192.4 615.4 373.1 642.7 366.5 686.9 185.7 659.6 wheat 0
372.9 557.0 335.1 577.6 301.6 516.2 339.3 495.6 wheat 0
215.2 506.6 327.0 529.3 320.2 562.6 208.5 540.0 wheat 0
283.4 491.8 380.9 501.6 378.0 530.4 280.5 520.7 wheat 0
437.7 349.6 506.4 420.4 479.3 446.7 410.6 375.9 wheat 0
509.2 371.3 484.2 402.9 402.7 338.2 427.7 306.6 wheat 0
488.0 309.4 532.4 323.1 525.7 344.6 481.4 330.9 wheat 0
521.1 244.0 551.2 282.0 522.7 304.6 492.6 266.6 wheat 0
533.7 132.6 578.7 132.6 578.7 192.6 533.7 192.6 wheat 0
387.2 135.2 507.2 200.8 486.7 238.2 366.7 172.6 wheat 0
258.4 169.5 356.7 211.0 346.0 236.2 247.7 194.6 wheat 0
226.7 293.6 330.7 293.6 330.7 328.6 226.7 328.6 wheat 0
408.9 320.1 391.5 338.0 298.3 247.5 315.7 229.6 wheat 0
197.1 267.0 242.3 286.1 233.3 307.2 188.2 288.2 wheat 0
106.4 583.6 245.7 597.6 242.8 627.3 103.4 613.3 wheat 0
14.4 641.0 132.8 677.7 123.1 709.2 4.6 672.6 wheat 0
38.7 591.6 137.5 622.2 128.9 650.1 30.1 619.5 wheat 0
330.0 972.8 389.8 984.9 384.4 1011.4 324.7 999.3 wheat 0
200.1 996.5 63.9 1024.1 58.3 996.7 194.6 969.1 wheat 0
709.5 59.9 674.5 74.7 651.9 21.3 686.9 6.5 wheat 0
518.0 155.2 485.8 168.9 460.5 109.0 492.7 95.4 wheat 0
914.7 145.6 870.8 159.2 834.1 40.4 878.0 26.8 wheat 0
114.6 203.8 23.9 231.9 13.8 199.4 104.6 171.3 wheat 0
78.5 545.1 176.9 575.5 168.0 604.2 69.6 573.7 wheat 0
18.9 409.6 99.9 443.9 88.6 470.6 7.6 436.3 wheat 0
184.0 64.8 147.7 89.6 106.4 29.2 142.7 4.4 wheat 0
762.6 717.3 826.7 752.3 809.9 783.0 745.8 748.0 wheat 0
107.5 178.7 175.9 216.1 162.0 241.5 93.6 204.1 wheat 0
