656.7 699.1 710.3 715.7 690.4 780.2 636.7 763.6 wheat 0
722.7 719.6 848.7 719.6 848.7 781.6 722.7 781.6 wheat 0
870.4 714.6 918.5 747.5 889.7 789.6 841.6 756.7 wheat 0
899.0 641.5 964.6 654.8 953.5 709.7 887.8 696.4 wheat 0
872.8 582.5 907.3 611.5 877.6 646.7 843.2 617.7 wheat 0
952.4 631.4 904.4 641.2 898.0 609.8 946.1 600.1 wheat 0
772.1 471.3 809.0 491.4 787.4 530.9 750.5 510.8 wheat 0
878.4 246.0 828.7 308.6 782.8 272.2 832.5 209.6 wheat 0
950.9 283.0 902.1 303.7 889.6 274.2 938.4 253.6 wheat 0
887.7 173.6 856.6 205.7 824.1 174.1 855.2 142.0 wheat 0
1001.1 42.8 1023.0 45.0 1015.7 117.6 993.8 115.4 wheat 0
793.7 82.6 747.4 114.3 716.3 68.9 762.6 37.2 wheat 0
714.7 149.6 671.8 173.1 650.1 133.3 693.0 109.9 wheat 0
616.7 217.6 581.8 241.5 559.5 208.8 594.4 184.9 wheat 0
557.7 245.6 484.8 285.5 459.0 238.2 531.9 198.4 wheat 0
474.6 236.8 418.0 284.5 390.9 252.4 447.5 204.7 wheat 0
470.9 366.8 423.0 387.1 396.5 324.4 444.4 304.2 wheat 0
359.0 323.1 312.2 327.8 307.5 280.1 354.2 275.4 wheat 0
371.7 187.6 412.7 187.6 412.7 230.6 371.7 230.6 wheat 0
417.7 4.6 463.7 4.6 463.7 64.6 417.7 64.6 wheat 0
114.5 246.4 72.7 250.6 66.9 192.9 108.7 188.7 wheat 0
301.9 534.7 368.6 562.9 346.7 614.6 280.0 586.4 wheat 0
258.7 592.6 197.8 605.0 188.4 558.8 249.4 546.4 wheat 0
122.7 652.6 45.2 705.7 16.5 663.8 94.1 610.8 wheat 0
142.5 791.6 191.1 806.6 169.7 875.6 121.2 860.6 wheat 0
278.0 776.3 332.9 781.8 325.7 853.6 270.8 848.1 wheat 0
415.1 760.3 453.1 786.3 416.4 839.9 378.4 814.0 wheat 0
440.7 757.6 487.7 757.6 487.7 825.6 440.7 825.6 wheat 0
580.2 792.1 559.1 818.7 533.2 798.2 554.4 771.5 wheat 0
805.7 989.6 754.5 1005.5 729.5 924.8 780.8 909.0 wheat 0
777.9 997.5 726.7 1019.1 689.5 931.3 740.7 909.6 wheat 0
860.7 972.6 825.7 983.4 805.0 916.4 840.0 905.6 wheat 0
90.3 644.3 15.7 675.8 0.1 639.0 74.8 607.4 wheat 0
