604.1 813.9 712.1 824.8 705.7 888.6 597.7 877.8 wheat 0
839.7 920.6 893.7 920.6 893.7 1018.6 839.7 1018.6 wheat 0
480.5 914.8 526.3 953.4 469.0 1021.5 423.1 982.8 wheat 0
450.7 810.6 493.7 810.6 493.7 873.6 450.7 873.6 wheat 0
572.7 749.6 471.0 805.2 443.8 755.4 545.5 699.8 wheat 0
626.3 565.3 670.7 579.0 645.7 659.6 601.3 645.9 wheat 0
650.5 626.3 706.3 637.6 700.0 669.0 644.1 657.6 wheat 0
480.9 509.7 538.0 540.8 501.5 607.5 444.5 576.4 wheat 0
599.7 422.6 508.6 484.9 476.5 438.0 567.6 375.7 wheat 0
592.8 209.6 671.7 263.6 580.4 397.1 501.5 343.1 wheat 0
726.5 310.1 652.0 333.2 639.0 291.1 713.5 268.1 wheat 0
736.7 462.6 787.7 462.6 787.7 517.6 736.7 517.6 wheat 0
951.2 740.0 1019.8 753.9 1012.3 791.2 943.7 777.3 wheat 0
805.7 404.2 834.3 416.2 818.7 453.1 790.2 441.0 wheat 0
775.1 90.4 851.7 132.2 824.7 181.6 748.2 139.8 wheat 0
1020.4 270.3 963.6 281.8 953.0 229.9 1009.9 218.4 wheat 0
223.5 263.8 284.0 314.6 236.9 370.5 176.5 319.6 wheat 0
63.1 200.1 151.4 260.5 128.7 293.6 40.4 233.2 wheat 0
163.8 385.3 205.7 420.7 168.7 464.6 126.8 429.3 wheat 0
102.2 477.8 8.7 487.2 3.3 433.4 96.8 424.1 wheat 0
266.7 675.6 188.5 683.5 183.2 630.3 261.4 622.4 wheat 0
163.7 1005.6 109.9 1022.3 70.6 895.3 124.5 878.6 wheat 0
781.3 694.3 820.5 702.2 808.2 763.0 769.0 755.0 wheat 0
78.7 316.6 119.7 316.6 119.7 374.6 78.7 374.6 wheat 0
