547.8 395.8 673.1 434.5 660.4 475.5 535.1 436.7 wheat 0
724.4 295.9 820.1 325.5 809.7 359.1 714.0 329.6 wheat 0
830.1 238.5 953.1 276.5 941.4 314.2 818.4 276.1 wheat 0
718.9 175.6 837.1 225.5 823.5 257.7 705.3 207.7 wheat 0
773.5 141.1 894.1 165.5 885.1 209.8 764.6 185.3 wheat 0
451.7 60.0 599.0 105.6 586.1 147.5 438.7 101.9 wheat 0
113.7 0.2 268.1 31.5 258.5 78.8 104.2 47.5 wheat 0
57.4 35.5 158.1 90.5 140.7 122.3 40.0 67.3 wheat 0
136.6 87.3 260.1 125.5 247.4 166.4 123.9 128.2 wheat 0
203.8 141.4 314.1 152.5 310.3 190.5 200.0 179.4 wheat 0
258.7 183.5 373.0 218.9 365.1 244.5 250.8 209.2 wheat 0
199.9 178.9 341.1 222.5 329.9 258.5 188.8 214.8 wheat 0
133.6 158.3 257.1 210.5 240.2 250.3 116.8 198.1 wheat 0
22.0 192.8 186.1 243.5 170.9 292.4 6.9 241.7 wheat 0
284.9 255.2 512.1 325.5 497.1 373.8 269.9 303.5 wheat 0
447.4 357.7 560.1 392.5 550.1 424.6 437.5 389.8 wheat 0
417.1 389.9 503.1 398.5 499.2 437.0 413.3 428.4 wheat 0
300.6 333.2 433.5 374.3 421.1 414.5 288.2 373.4 wheat 0
230.6 289.1 357.1 342.5 339.7 383.7 213.2 330.2 wheat 0
69.4 251.3 235.1 302.5 222.8 342.2 57.1 291.0 wheat 0
49.9 301.2 234.1 338.5 225.9 378.7 41.8 341.4 wheat 0
136.5 363.3 288.1 378.5 284.3 415.6 132.8 400.4 wheat 0
258.7 382.9 395.1 440.5 376.0 485.6 239.6 428.0 wheat 0
321.9 450.1 427.1 507.5 408.2 542.0 303.1 484.6 wheat 0
92.6 390.9 258.1 407.5 253.5 452.9 88.0 436.3 wheat 0
295.1 0.0 431.1 0.0 431.1 51.5 295.1 51.5 wheat 0
297.1 660.5 467.1 660.5 467.1 704.5 297.1 704.5 wheat 0
394.0 711.3 561.5 728.1 557.1 772.5 389.6 755.7 wheat 0
784.1 795.5 942.1 795.5 942.1 842.5 784.1 842.5 wheat 0
798.1 751.5 941.1 751.5 941.1 800.5 798.1 800.5 wheat 0
638.0 601.9 768.2 642.2 755.1 684.5 624.9 644.3 wheat 0
723.1 689.5 625.0 699.3 620.4 653.6 718.5 643.8 wheat 0
550.8 620.3 652.1 630.5 648.8 663.0 547.5 652.9 wheat 0
505.1 633.5 598.1 633.5 598.1 666.5 505.1 666.5 wheat 0
170.1 576.5 325.1 576.5 325.1 623.5 170.1 623.5 wheat 0
240.1 749.5 378.1 749.5 378.1 794.5 240.1 794.5 wheat 0
362.1 797.5 485.1 797.5 485.1 840.5 362.1 840.5 wheat 0
346.2 924.2 499.1 971.5 486.6 1011.7 333.8 964.4 wheat 0
512.5 941.2 617.0 973.5 607.1 1005.5 502.6 973.2 wheat 0
518.1 905.5 599.1 905.5 599.1 933.5 518.1 933.5 wheat 0
868.1 941.5 994.1 941.5 994.1 990.5 868.1 990.5 wheat 0
692.6 714.7 831.1 757.5 816.1 805.7 677.7 762.9 wheat 0
568.1 691.5 718.1 691.5 718.1 730.5 568.1 730.5 wheat 0
221.1 676.5 389.1 676.5 389.1 708.5 221.1 708.5 wheat 0
75.1 746.5 239.1 746.5 239.1 789.5 75.1 789.5 wheat 0
91.1 824.5 255.1 824.5 255.1 871.5 91.1 871.5 wheat 0
293.1 918.5 471.1 918.5 471.1 959.5 293.1 959.5 wheat 0
84.9 567.0 232.1 612.5 218.9 655.0 71.7 609.5 wheat 0
102.1 558.5 249.1 558.5 249.1 595.5 102.1 595.5 wheat 0
861.1 660.5 972.1 660.5 972.1 711.5 861.1 711.5 wheat 0
942.1 712.5 1016.1 712.5 1016.1 747.5 942.1 747.5 wheat 0
900.8 596.3 999.1 663.5 979.2 692.5 880.9 625.3 wheat 0
828.6 576.4 922.7 595.5 913.5 640.6 819.5 621.5 wheat 0
910.1 589.5 1021.1 589.5 1021.1 630.5 910.1 630.5 wheat 0
