322.3 573.2 417.1 602.5 400.6 655.6 305.9 626.3 wheat 0
422.1 550.5 379.9 559.1 362.4 472.6 404.5 464.1 wheat 0
425.0 639.7 489.1 659.5 475.7 702.7 411.6 682.9 wheat 0
343.2 710.1 449.1 731.5 438.8 782.2 332.9 760.8 wheat 0
777.8 477.0 821.6 495.5 783.1 586.5 739.3 568.0 wheat 0
907.2 387.2 947.0 414.4 890.1 497.5 850.4 470.3 wheat 0
926.1 619.5 863.7 632.1 853.8 583.3 916.2 570.6 wheat 0
807.7 721.4 859.7 749.8 835.0 794.9 783.1 766.5 wheat 0
724.8 766.1 778.9 771.6 774.1 819.5 720.0 814.1 wheat 0
572.8 800.3 631.6 825.1 609.1 878.5 550.3 853.7 wheat 0
671.5 907.7 713.9 911.9 709.1 960.5 666.6 956.2 wheat 0
590.0 950.5 552.7 1008.6 513.8 983.6 551.1 925.5 wheat 0
406.7 893.4 457.5 909.1 442.1 958.9 391.2 943.2 wheat 0
545.1 534.5 499.5 539.1 493.7 480.3 539.2 475.8 wheat 0
666.1 454.5 611.2 465.6 589.6 358.7 644.4 347.6 wheat 0
784.1 383.5 734.8 404.3 705.4 334.6 754.6 313.8 wheat 0
731.1 255.5 781.1 255.5 781.1 343.5 731.1 343.5 wheat 0
562.1 406.5 500.3 412.7 493.0 339.4 554.7 333.2 wheat 0
744.7 106.8 793.8 127.6 765.1 195.5 716.0 174.8 wheat 0
916.2 11.8 953.8 27.8 923.1 100.5 885.4 84.6 wheat 0
735.3 75.1 760.9 92.6 724.1 146.5 698.4 129.0 wheat 0
606.2 2.1 639.5 12.4 614.1 94.5 580.8 84.2 wheat 0
764.4 657.5 807.9 666.3 794.1 734.5 750.6 725.7 wheat 0
