658.8 233.5 680.5 311.6 460.8 372.6 439.1 294.5 wheat 0
338.0 298.1 216.5 322.8 204.6 264.0 326.1 239.3 wheat 0
296.8 37.7 349.5 43.0 338.8 149.4 286.1 144.1 wheat 0
477.2 140.3 410.5 147.0 396.4 6.7 463.1 0.1 wheat 0
639.5 3.7 682.3 39.8 563.1 181.3 520.3 145.2 wheat 0
700.4 151.0 741.7 185.8 652.2 292.1 610.9 257.3 wheat 0
903.0 233.0 945.1 256.0 839.6 449.1 797.5 426.1 wheat 0
709.3 381.0 808.3 381.0 808.3 470.0 709.3 470.0 wheat 0
733.6 568.1 684.7 609.3 617.0 529.0 666.0 487.8 wheat 0
635.6 662.7 558.0 670.5 539.0 481.4 616.6 473.6 wheat 0
824.0 669.1 779.5 699.6 710.6 598.9 755.2 568.5 wheat 0
851.8 559.2 906.6 570.3 872.9 736.9 818.0 725.8 wheat 0
638.0 792.1 675.9 851.0 560.6 925.0 522.8 866.1 wheat 0
446.6 881.9 583.5 956.7 558.1 1003.2 421.2 928.4 wheat 0
414.5 736.9 363.3 780.0 273.4 673.3 324.6 630.2 wheat 0
99.1 655.1 3.6 664.7 -3.1 598.0 92.4 588.4 wheat 0
183.5 888.3 91.9 897.5 87.2 849.8 178.7 840.6 wheat 0
67.9 972.1 18.0 982.2 -0.3 892.0 49.7 881.9 wheat 0
265.6 181.4 315.3 202.5 267.0 316.7 217.3 295.6 wheat 0
237.1 168.6 159.0 211.3 134.5 166.5 212.6 123.8 wheat 0
937.6 125.5 1011.3 132.9 1005.0 195.6 931.4 188.2 wheat 0
927.9 16.4 966.1 28.2 922.7 168.7 884.5 156.8 wheat 0
742.3 192.0 799.3 192.0 799.3 251.0 742.3 251.0 wheat 0
