318.6 665.5 256.7 691.7 245.4 664.8 307.2 638.6 wheat 0
410.6 784.5 381.0 787.5 374.6 723.8 404.2 720.8 wheat 0
284.6 655.5 207.0 708.6 190.0 683.7 267.6 630.6 wheat 0
535.4 607.5 576.8 625.0 565.6 651.5 524.2 634.0 wheat 0
870.6 748.5 833.5 752.2 825.2 668.9 862.3 665.2 wheat 0
963.2 654.7 945.6 669.5 903.2 619.1 920.7 604.3 wheat 0
617.6 408.5 638.2 419.8 611.6 468.5 591.0 457.2 wheat 0
497.6 380.5 528.6 380.5 528.6 432.5 497.6 432.5 wheat 0
402.1 469.6 439.4 477.2 433.6 505.5 396.4 498.0 wheat 0
364.7 440.6 414.3 503.1 393.6 519.5 344.0 457.0 wheat 0
365.2 391.2 399.6 434.5 377.3 452.2 343.0 408.9 wheat 0
400.6 344.5 373.2 359.5 337.1 293.3 364.5 278.4 wheat 0
572.6 249.5 604.0 281.8 545.6 338.5 514.2 306.2 wheat 0
468.5 90.6 499.0 100.0 475.6 175.5 445.2 166.1 wheat 0
340.5 55.5 401.0 117.9 374.6 143.5 314.1 81.2 wheat 0
267.6 135.5 368.4 145.6 365.6 173.5 264.8 163.4 wheat 0
530.4 78.5 558.9 87.3 539.6 149.5 511.1 140.7 wheat 0
988.2 572.3 945.6 585.5 937.2 558.1 979.7 545.0 wheat 0
932.6 936.5 996.6 956.3 987.0 987.4 923.0 967.6 wheat 0
579.6 914.5 554.1 931.9 524.1 888.1 549.6 870.7 wheat 0
248.3 229.5 326.6 295.5 309.0 316.5 230.6 250.5 wheat 0
