638.3 443.9 700.7 522.6 675.3 542.8 612.9 464.1 wheat 0
700.8 459.9 742.5 512.4 723.7 527.3 682.0 474.8 wheat 0
841.7 618.6 811.0 624.9 794.3 542.9 825.1 536.6 wheat 0
813.7 688.6 796.5 698.0 774.8 658.3 792.0 648.8 wheat 0
938.7 728.6 817.8 740.8 814.3 706.2 935.3 694.1 wheat 0
894.7 658.6 925.9 680.0 907.7 706.6 876.5 685.3 wheat 0
908.6 638.6 951.7 647.3 944.9 680.6 901.8 671.9 wheat 0
714.7 669.6 676.7 695.6 635.5 635.5 673.6 609.5 wheat 0
603.9 638.5 657.3 661.1 645.6 688.7 592.2 666.1 wheat 0
538.7 623.5 595.5 641.1 585.7 672.6 529.0 655.1 wheat 0
505.6 550.7 569.4 570.5 560.7 598.6 496.9 578.9 wheat 0
479.8 572.2 378.6 592.7 369.5 548.1 470.7 527.6 wheat 0
432.7 573.2 510.7 653.6 485.6 678.0 407.6 597.6 wheat 0
417.8 632.6 488.3 671.1 472.7 699.6 402.2 661.1 wheat 0
242.9 495.4 344.2 550.7 326.7 582.6 225.5 527.3 wheat 0
139.3 577.6 246.3 636.0 225.7 673.6 118.8 615.2 wheat 0
31.2 508.3 90.7 569.6 68.1 591.6 8.5 530.3 wheat 0
18.9 676.5 103.8 685.0 100.7 715.6 15.8 707.1 wheat 0
330.0 903.7 404.7 980.6 378.7 1005.9 304.0 928.9 wheat 0
554.7 923.6 515.9 931.5 500.9 857.7 539.8 849.8 wheat 0
839.8 807.6 781.1 813.5 778.6 788.6 837.3 782.7 wheat 0
966.2 827.8 1016.2 838.0 1010.2 867.4 960.3 857.3 wheat 0
996.3 908.3 1020.2 918.4 1013.2 935.0 989.3 924.8 wheat 0
439.2 339.2 546.9 384.8 533.3 417.0 425.5 371.5 wheat 0
440.2 273.3 499.9 323.5 479.3 348.0 419.6 297.7 wheat 0
480.4 213.1 535.9 270.2 510.7 294.6 455.3 237.5 wheat 0
530.7 199.1 581.7 251.6 561.7 271.1 510.7 218.5 wheat 0
688.7 341.6 750.7 341.6 750.7 379.6 688.7 379.6 wheat 0
696.7 240.8 783.7 288.3 767.7 317.6 680.7 270.1 wheat 0
722.1 178.4 781.7 228.6 765.7 247.6 706.1 197.4 wheat 0
852.3 216.1 898.7 274.6 875.2 293.3 828.7 234.8 wheat 0
811.0 206.4 858.1 238.6 839.4 265.8 792.4 233.6 wheat 0
923.3 315.2 973.1 320.2 970.2 349.0 920.4 344.0 wheat 0
1017.4 385.7 971.4 405.2 960.1 378.5 1006.1 359.0 wheat 0
889.4 475.8 914.9 480.9 900.0 554.5 874.5 549.3 wheat 0
605.7 242.2 640.8 261.4 631.7 278.0 596.6 258.9 wheat 0
270.4 266.3 333.7 319.6 314.0 343.1 250.7 289.8 wheat 0
334.5 238.3 434.4 292.9 418.7 321.6 318.8 267.0 wheat 0
345.7 248.6 318.0 263.8 270.0 176.0 297.8 160.8 wheat 0
161.5 124.0 215.9 135.0 209.7 165.6 155.3 154.6 wheat 0
173.4 146.6 216.4 170.1 203.0 194.6 160.0 171.2 wheat 0
148.7 197.6 129.7 213.7 65.1 137.0 84.2 121.0 wheat 0
23.8 181.2 140.7 230.6 127.1 262.9 10.2 213.4 wheat 0
63.3 255.4 29.0 266.1 4.1 185.8 38.5 175.2 wheat 0
16.4 335.9 70.9 352.7 62.0 381.4 7.6 364.5 wheat 0
131.7 98.6 182.7 98.6 182.7 119.6 131.7 119.6 wheat 0
206.7 28.0 259.7 72.6 238.6 97.7 185.6 53.1 wheat 0
665.7 68.3 706.7 110.6 689.0 127.8 647.9 85.6 wheat 0
966.7 237.6 943.9 247.3 916.9 183.3 939.7 173.6 wheat 0
1015.7 209.6 991.5 230.0 936.2 164.3 960.4 143.9 wheat 0
794.7 159.6 778.5 173.3 744.6 133.1 760.9 119.4 wheat 0
634.5 5.2 699.0 32.5 686.9 61.0 622.5 33.8 wheat 0
839.9 0.3 871.1 39.7 839.7 64.6 808.5 25.3 wheat 0
43.7 1.2 115.3 23.3 106.8 51.0 35.1 28.9 wheat 0
