796.7 807.3 754.7 842.6 668.1 739.7 710.1 704.4 wheat 0
654.7 739.6 681.7 739.6 681.7 755.6 654.7 755.6 wheat 0
554.2 673.4 614.3 714.5 595.7 741.6 535.6 700.5 wheat 0
353.3 665.2 472.3 677.2 467.7 722.6 348.7 710.7 wheat 0
338.7 789.6 297.7 793.7 289.7 713.9 330.7 709.8 wheat 0
137.4 704.2 177.9 712.4 166.7 767.6 126.2 759.4 wheat 0
377.1 810.0 421.3 828.7 394.4 892.2 350.2 873.5 wheat 0
299.8 842.7 387.8 890.7 368.7 925.6 280.8 877.6 wheat 0
639.7 833.6 519.4 899.3 495.7 855.9 616.0 790.2 wheat 0
439.5 868.1 533.9 887.2 527.7 917.6 433.3 898.5 wheat 0
671.0 883.4 696.9 886.0 692.5 929.8 666.6 927.2 wheat 0
596.7 872.6 617.7 872.6 617.7 893.6 596.7 893.6 wheat 0
561.7 985.6 670.2 985.6 670.2 1024.0 561.7 1024.0 wheat 0
927.5 740.6 1023.4 770.3 1009.7 814.6 913.8 784.9 wheat 0
888.7 847.6 1015.7 847.6 1015.7 900.6 888.7 900.6 wheat 0
352.7 966.6 400.7 966.6 400.7 1021.6 352.7 1021.6 wheat 0
762.6 358.1 715.7 372.6 688.4 284.4 735.3 269.9 wheat 0
767.7 269.6 821.7 269.6 821.7 297.6 767.7 297.6 wheat 0
781.6 128.0 814.4 145.9 774.7 218.6 741.9 200.7 wheat 0
531.1 232.8 621.8 309.2 587.7 349.6 497.1 273.3 wheat 0
594.8 259.3 465.7 347.6 441.2 311.8 570.2 223.5 wheat 0
440.7 352.6 563.7 352.6 563.7 391.6 440.7 391.6 wheat 0
318.7 204.6 414.7 204.6 414.7 250.6 318.7 250.6 wheat 0
327.1 247.3 361.3 290.4 335.4 310.9 301.2 267.8 wheat 0
257.2 280.8 169.7 289.6 164.7 239.0 252.2 230.2 wheat 0
151.7 283.6 259.7 283.6 259.7 323.6 151.7 323.6 wheat 0
146.7 358.6 205.7 358.6 205.7 439.6 146.7 439.6 wheat 0
454.7 4.6 498.7 4.6 498.7 92.6 454.7 92.6 wheat 0
690.2 40.6 744.7 63.7 711.7 141.6 657.2 118.6 wheat 0
749.9 24.1 800.9 34.4 787.6 100.1 736.6 89.8 wheat 0
928.7 219.6 867.3 271.3 839.6 238.4 901.0 186.7 wheat 0
967.6 145.5 1020.2 161.7 1006.9 204.7 954.3 188.5 wheat 0
963.8 274.3 1023.9 336.2 998.7 360.6 938.7 298.8 wheat 0
853.0 507.6 887.9 522.4 855.7 598.6 820.8 583.8 wheat 0
791.2 533.9 822.4 582.5 792.7 601.6 761.5 553.0 wheat 0
813.4 413.3 845.9 423.4 836.1 454.9 803.6 444.9 wheat 0
817.6 348.9 857.8 357.0 850.9 391.3 810.7 383.2 wheat 0
720.7 448.9 675.8 462.8 665.8 430.3 710.7 416.4 wheat 0
946.8 667.1 921.6 688.3 861.7 617.2 886.9 595.9 wheat 0
159.4 36.3 55.7 123.6 26.1 88.4 129.7 1.1 wheat 0
