507.4 501.3 612.1 522.5 603.3 565.7 498.7 544.4 wheat 0
516.0 356.3 550.2 370.8 524.1 432.5 489.9 418.0 wheat 0
362.5 444.2 418.9 455.7 412.1 489.5 355.6 478.1 wheat 0
452.1 628.5 422.5 648.8 389.5 600.5 419.1 580.3 wheat 0
462.1 676.5 499.1 676.5 499.1 718.5 462.1 718.5 wheat 0
522.1 799.5 578.1 799.5 578.1 841.5 522.1 841.5 wheat 0
500.1 910.5 446.1 940.0 426.9 904.9 480.9 875.4 wheat 0
611.1 867.5 574.9 871.1 569.8 821.1 606.0 817.4 wheat 0
549.1 297.5 512.4 313.0 473.1 220.0 509.7 204.5 wheat 0
500.2 311.7 440.1 344.5 415.3 299.2 475.5 266.4 wheat 0
648.1 161.5 604.2 175.1 580.4 97.8 624.2 84.3 wheat 0
671.1 229.5 625.8 248.7 602.3 193.1 647.6 173.9 wheat 0
511.1 265.5 438.2 272.8 434.3 234.3 507.2 227.0 wheat 0
555.1 81.5 509.9 95.5 499.7 62.3 544.8 48.3 wheat 0
585.9 26.6 548.1 85.5 515.7 64.7 553.5 5.8 wheat 0
665.1 95.5 628.5 106.8 613.1 57.2 649.7 45.9 wheat 0
562.1 376.2 598.4 387.5 586.1 427.5 549.7 416.3 wheat 0
595.1 560.3 629.1 583.5 592.9 636.3 559.0 613.1 wheat 0
