473.5 781.0 537.6 800.8 527.7 832.6 463.6 812.8 wheat 0
524.7 806.6 662.7 806.6 662.7 851.6 524.7 851.6 wheat 0
433.7 826.6 529.7 826.6 529.7 851.6 433.7 851.6 wheat 0
209.6 623.8 281.2 654.1 262.7 697.6 191.2 667.4 wheat 0
275.5 682.4 330.4 693.5 324.0 724.9 269.1 713.7 wheat 0
404.2 615.3 370.4 629.6 362.9 611.9 396.7 597.6 wheat 0
386.2 648.2 435.9 663.6 428.7 686.6 379.1 671.2 wheat 0
123.7 796.6 205.7 796.6 205.7 831.6 123.7 831.6 wheat 0
362.7 502.6 424.7 502.6 424.7 523.6 362.7 523.6 wheat 0
411.3 359.2 443.0 362.4 433.7 454.6 402.1 451.4 wheat 0
318.3 397.0 290.9 402.6 275.2 325.2 302.6 319.6 wheat 0
175.2 336.0 233.0 347.8 227.3 376.2 169.4 364.5 wheat 0
114.4 362.1 142.0 373.8 119.1 428.1 91.4 416.4 wheat 0
59.7 616.4 96.1 631.7 73.7 684.6 37.4 669.2 wheat 0
133.0 622.2 156.8 642.1 137.4 665.1 113.7 645.1 wheat 0
68.3 676.0 91.4 721.4 68.2 733.2 45.1 687.8 wheat 0
115.7 810.6 81.0 817.6 69.8 762.0 104.5 755.0 wheat 0
219.7 771.6 248.7 771.6 248.7 906.6 219.7 906.6 wheat 0
264.0 930.4 329.7 937.0 327.4 959.9 261.8 953.3 wheat 0
754.1 899.1 838.9 925.3 830.7 951.6 745.9 925.4 wheat 0
770.6 967.2 847.0 982.7 840.9 1013.1 764.4 997.6 wheat 0
973.6 973.2 1023.3 978.2 1019.9 1012.0 970.2 1007.0 wheat 0
681.1 588.7 718.4 614.3 701.7 638.6 664.4 613.1 wheat 0
888.7 726.6 857.0 740.0 817.5 646.6 849.2 633.2 wheat 0
829.3 726.8 899.9 741.1 894.1 769.5 823.6 755.2 wheat 0
924.4 748.1 1023.8 758.1 1020.7 788.6 921.4 778.6 wheat 0
664.8 451.6 701.7 489.6 682.1 508.7 645.1 470.7 wheat 0
711.2 378.3 771.7 440.6 747.6 464.1 687.1 401.8 wheat 0
872.6 516.7 831.5 529.4 823.9 504.5 864.9 491.8 wheat 0
787.7 364.6 746.9 377.2 739.0 351.7 779.8 339.1 wheat 0
992.7 384.6 1023.7 384.6 1023.7 464.6 992.7 464.6 wheat 0
955.2 356.5 1018.9 362.9 1016.2 389.7 952.5 383.4 wheat 0
441.2 234.9 377.7 261.8 365.2 232.3 428.8 205.4 wheat 0
505.2 91.4 537.5 113.6 462.0 224.0 429.7 201.9 wheat 0
385.0 116.5 405.6 120.7 394.0 177.5 373.4 173.3 wheat 0
376.1 174.0 412.0 211.0 400.3 222.4 364.4 185.4 wheat 0
682.1 169.5 633.4 174.4 630.9 149.5 679.6 144.6 wheat 0
574.2 181.5 592.4 196.8 572.0 221.0 553.8 205.7 wheat 0
643.3 18.8 678.3 33.6 646.7 108.2 611.7 93.4 wheat 0
373.8 26.1 404.4 35.6 380.2 113.9 349.6 104.4 wheat 0
1002.8 63.2 977.3 71.0 972.3 54.6 997.7 46.8 wheat 0
53.8 439.4 36.6 444.7 25.9 410.3 43.1 405.0 wheat 0
915.7 492.0 937.3 514.2 920.8 530.2 899.2 508.0 wheat 0
976.4 617.3 998.1 644.7 980.1 659.0 958.3 631.6 wheat 0
