582.0 75.7 617.1 82.9 583.7 247.6 548.6 240.5 wheat 0
595.3 270.2 634.4 282.3 568.7 494.6 529.6 482.5 wheat 0
468.7 533.6 498.7 533.6 498.7 651.6 468.7 651.6 wheat 0
408.7 395.6 432.7 395.6 432.7 464.6 408.7 464.6 wheat 0
300.9 302.7 327.3 308.1 311.6 385.5 285.2 380.1 wheat 0
211.7 374.6 234.7 374.6 234.7 465.6 211.7 465.6 wheat 0
191.3 3.9 228.5 19.6 150.7 203.6 113.5 187.9 wheat 0
171.1 79.8 202.4 86.2 174.4 224.4 143.0 218.0 wheat 0
615.3 315.7 662.1 320.4 640.7 533.6 593.9 528.9 wheat 0
562.1 523.3 590.6 535.3 554.4 621.0 525.9 608.9 wheat 0
680.7 410.0 704.6 417.3 677.7 504.3 653.8 496.9 wheat 0
739.6 333.3 793.7 348.3 711.7 644.6 657.6 629.6 wheat 0
816.4 418.1 775.6 422.2 758.1 248.1 798.9 244.0 wheat 0
878.8 264.6 906.7 270.3 869.7 452.6 841.8 447.0 wheat 0
754.7 158.6 727.9 164.1 713.2 91.4 740.0 85.9 wheat 0
824.1 635.0 866.4 640.5 829.7 920.6 787.5 915.1 wheat 0
985.7 807.7 959.5 814.1 914.8 631.5 941.0 625.1 wheat 0
872.0 745.7 906.7 749.2 881.7 997.6 847.1 994.1 wheat 0
635.8 879.8 670.6 890.6 629.7 1022.6 595.0 1011.9 wheat 0
541.7 751.6 576.7 751.6 576.7 969.6 541.7 969.6 wheat 0
456.3 688.8 495.3 692.7 483.7 807.6 444.8 803.7 wheat 0
491.7 865.1 337.7 1023.6 292.7 979.8 446.6 821.3 wheat 0
255.9 587.5 279.3 589.8 262.7 754.6 239.4 752.3 wheat 0
31.2 267.3 66.5 274.4 42.3 394.0 7.0 386.8 wheat 0
130.2 427.8 148.1 429.6 143.2 478.4 125.3 476.6 wheat 0
